"CCR" 57 0.926666666666667 0.983333333333333 0.99 0.983333333333333 0.98 0.976666666666667
"ARI" 57 0.818065837691126 0.953592344976974 0.846899764536816 0.953721530551325 0.942532198485656 0.933557232460215
"CCR" 58 0.953333333333333 0.99 0.996666666666667 0.956666666666667 0.99 0.993333333333333
"ARI" 58 0.874964175064543 0.972898621777104 0.990303873820562 0.883122606538762 0.972898621777104 0.980684896598607
"CCR" 49 0.99 0.993333333333333 0.996666666666667 0.983333333333333 0.99 0.983333333333333
"ARI" 49 0.972867341645015 0.982402168874578 0.990841611102483 0.952455069311486 0.973407758062912 0.952471231724968
"CCR" 76 0.983333333333333 0.996666666666667 1 0.973333333333333 1 0.996666666666667
"ARI" 76 0.953636069197098 0.991513913890272 1 0.927213353142754 1 0.988727398828052
"CCR" 77 0.936666666666667 0.976666666666667 0.98 0.933333333333333 0.97 0.97
"ARI" 77 0.832212938510919 0.934129798610742 0.973193802458273 0.820717284201232 0.912299288203439 0.912299288203439
"CCR" 78 0.933333333333333 0.996666666666667 0.996666666666667 0.926666666666667 0.986666666666667 1
"ARI" 78 0.818985195083196 0.989823553654728 0.989823553654728 0.799719890864495 0.95880829872959 1
"CCR" 79 0.953333333333333 0.993333333333333 0.99 0.953333333333333 0.986666666666667 0.95
"ARI" 79 0.876873216171819 0.980536754097383 0.966440998865297 0.874626862065309 0.961462773112818 0.865525852336285
"CCR" 80 0.986666666666667 0.983333333333333 0.986666666666667 0.986666666666667 0.98 0.983333333333333
"ARI" 80 0.9617750009632 0.955852972032767 0.964526881425366 0.9617750009632 0.944416622593314 0.952961995661313
"CCR" 81 0.94 0.983333333333333 0.993333333333333 0.94 0.983333333333333 0.94
"ARI" 81 0.843854531910136 0.952811097895116 0.990780190834778 0.843854531910136 0.950785053049845 0.843854531910136
"CCR" 82 0.95 0.976666666666667 0.99 0.96 0.976666666666667 0.983333333333333
"ARI" 82 0.85964632181757 0.930872954476246 0.969798863606127 0.889840823532801 0.930872954476246 0.950144155794241
"CCR" 83 0.953333333333333 0.996666666666667 0.996666666666667 0.953333333333333 0.996666666666667 0.993333333333333
"ARI" 83 0.874706470322233 0.99026748655501 0.99026748655501 0.874706470322233 0.99026748655501 0.980614928064641
"CCR" 84 0.93 0.993333333333333 0.993333333333333 0.926666666666667 0.986666666666667 0.99
"ARI" 84 0.804218733182721 0.979132799651545 0.979132799651545 0.79309814070359 0.958272729932626 0.968629216335033
"CCR" 85 0.946666666666667 0.99 0.993333333333333 0.943333333333333 0.993333333333333 0.99
"ARI" 85 0.8666416788368 0.97237848249301 0.981470069433465 0.859037905122089 0.98143310107439 0.973519907947564
"CCR" 86 0.963333333333333 0.993333333333333 0.99 0.963333333333333 1 0.963333333333333
"ARI" 86 0.902686394050796 0.981226320377042 0.971916547677489 0.902686394050796 1 0.902686394050796
"CCR" 87 0.986666666666667 0.996666666666667 0.996666666666667 0.983333333333333 0.996666666666667 0.996666666666667
"ARI" 87 0.960776125946714 0.990022205996475 0.990022205996475 0.951258619004546 0.990022205996475 0.990022205996475
"CCR" 88 0.973333333333333 0.99 0.996666666666667 0.943333333333333 0.99 0.993333333333333
"ARI" 88 0.918385413929139 0.968460165831061 0.989390269851427 0.835656431037224 0.968460165831061 0.978896089068643
"CCR" 89 0.956666666666667 0.993333333333333 0.993333333333333 0.976666666666667 0.983333333333333 0.99
"ARI" 89 0.887546393309567 0.981389508539051 0.981389508539051 0.934736144309477 0.952133506394605 0.970305166291278
"CCR" 90 0.98 0.996666666666667 0.996666666666667 0.976666666666667 0.983333333333333 0.986666666666667
"ARI" 90 0.94243756097442 0.990986617520086 0.990986617520086 0.934508533433461 0.947645589392077 0.959147611972072
"CCR" 91 0.99 0.99 0.99 0.943333333333333 0.993333333333333 0.996666666666667
"ARI" 91 0.970419309632196 0.970360100194485 0.970303916792441 0.846496650709727 0.980124129843354 0.990023170980497
"CCR" 92 0.98 0.993333333333333 0.996666666666667 0.98 0.993333333333333 0.996666666666667
"ARI" 92 0.938938831280876 0.979159125214139 0.98952340695465 0.938938831280876 0.979187942770011 0.989537259330143
"CCR" 93 0.966666666666667 1 0.99 0.966666666666667 0.993333333333333 0.97
"ARI" 93 0.904351927247256 1 0.970476984911214 0.906144123001755 0.980278546227069 0.913255318394769
"CCR" 94 0.936666666666667 0.996666666666667 0.993333333333333 0.92 0.99 0.99
"ARI" 94 0.831641581732971 0.990078487861259 0.980235369671138 0.795163393592779 0.97047166313934 0.969076002523408
"CCR" 95 0.96 0.99 0.99 0.96 0.986666666666667 0.99
"ARI" 95 0.894299987314646 0.97110759426612 0.97110759426612 0.892487419266595 0.961710244810653 0.97110759426612
"CCR" 96 0.963333333333333 1 1 0.793333333333333 0.996666666666667 0.963333333333333
"ARI" 96 0.90676761105492 1 1 0.659296462002331 0.991470176316322 0.90676761105492
"CCR" 74 0.983333333333333 0.996666666666667 1 0.973333333333333 1 0.996666666666667
"ARI" 74 0.953636069197098 0.991513913890272 1 0.927213353142754 1 0.988727398828052
"CCR" 75 0.936666666666667 0.976666666666667 0.98 0.933333333333333 0.97 0.97
"ARI" 75 0.832212938510919 0.934129798610742 0.943193802458273 0.820717284201232 0.912299288203439 0.912299288203439
"CCR" 73 0.933333333333333 0.996666666666667 0.996666666666667 0.926666666666667 0.986666666666667 1
"ARI" 73 0.818985195083196 0.989823553654728 0.989823553654728 0.799719890864495 0.95880829872959 1
"CCR" 53 0.94 0.99 0.99 0.94 0.99 0.97
"ARI" 53 0.838187916185357 0.970361282796351 0.838187916185357 0.838187916185357 0.970361282796351 0.970361282796351
"CCR" 54 0.956666666666667 0.996666666666667 0.996666666666667 0.956666666666667 0.993333333333333 0.996666666666667
"ARI" 54 0.879531006722238 0.98988321456151 0.98988321456151 0.879531006722238 0.97988298564148 0.98988321456151
"CCR" 97 0.916666666666667 0.993333333333333 0.996666666666667 0.706666666666667 0.71 0.916666666666667
"ARI" 97 0.774319674203957 0.979267971884083 0.774319674203957 0.543074568274951 0.543264349847505 0.774319674203957
"CCR" 98 0.933333333333333 0.996666666666667 0.996666666666667 0.983333333333333 0.986666666666667 0.99
"ARI" 98 0.824314541970688 0.990295776000873 0.990295776000873 0.950599888790559 0.959995561481305 0.969462389081487
"CCR" 99 0.976666666666667 1 0.996666666666667 0.973333333333333 0.996666666666667 0.996666666666667
"ARI" 99 0.935000192470531 1 0.990347062449129 0.926184419739826 0.99036481168946 0.990347062449129
"CCR" 100 0.97 0.993333333333333 0.996666666666667 0.963333333333333 0.993333333333333 0.763333333333333
"ARI" 100 0.916179542542174 0.980526209182381 0.990206135620244 0.896878154345912 0.980526209182381 0.602550236361004
"CCR" 51 0.933333333333333 0.976666666666667 0.983333333333333 0.93 0.98 0.98
"ARI" 51 0.830244901215735 0.932575120877713 0.950941402590557 0.823014744306254 0.943703413413851 0.943703413413851
"CCR" 52 0.96 0.993333333333333 0.996666666666667 0.956666666666667 0.996666666666667 0.996666666666667
"ARI" 52 0.886932330621905 0.982095233816288 0.990077855982293 0.878384043999928 0.988817326354218 0.988817326354218
"CCR" 50 0.976666666666667 0.996666666666667 0.996666666666667 0.966666666666667 0.99 0.99
"ARI" 50 0.940239958724197 0.990711444309592 0.990711444309592 0.911598846214095 0.973943354730239 0.973943354730239
"CCR" 1 0.986666666666667 0.996666666666667 0.996666666666667 0.986666666666667 0.993333333333333 0.993333333333333
"ARI" 1 0.961028207805109 0.98971963862336 0.98971963862336 0.961028207805109 0.982061295349015 0.982061295349015
"CCR" 2 0.97 1 1 0.97 0.993333333333333 0.993333333333333
"ARI" 2 0.918137791449294 1 1 0.918137791449294 0.980561573435191 0.980561573435191
"CCR" 3 0.973333333333333 0.986666666666667 0.97 0.973333333333333 0.986666666666667 0.986666666666667
"ARI" 3 0.928433212839826 0.963287447656061 0.920012891916621 0.928433212839826 0.963287447656061 0.963287447656061
"CCR" 4 0.943333333333333 0.99 0.996666666666667 0.943333333333333 0.946666666666667 0.946666666666667
"ARI" 4 0.851389786387786 0.971308108719695 0.959532639655641 0.851389786387786 0.859178248745484 0.859178248745484
"CCR" 5 0.966666666666667 0.986666666666667 0.986666666666667 0.963333333333333 0.99 0.953333333333333
"ARI" 5 0.907144228579193 0.963731956320438 0.963731956320438 0.898689283532769 0.972824560331783 0.87953355258797
"CCR" 6 0.966666666666667 0.996666666666667 0.993333333333333 0.96 0.99 0.993333333333333
"ARI" 6 0.905592071486475 0.990037191340565 0.980157820083662 0.886421589692145 0.969214363072657 0.980157820083662
"CCR" 7 0.956666666666667 0.993333333333333 0.996666666666667 0.953333333333333 0.993333333333333 0.953333333333333
"ARI" 7 0.880321555253653 0.982220201776176 0.989949479232883 0.871776308337019 0.980053021125623 0.871776308337019
"CCR" 8 0.913333333333333 0.983333333333333 0.976666666666667 0.91 0.973333333333333 0.973333333333333
"ARI" 8 0.77672369595887 0.950981191390846 0.931991621713057 0.766858796215913 0.922718280239655 0.92263360975597
"CCR" 9 0.98 0.996666666666667 0.996666666666667 0.98 0.996666666666667 0.993333333333333
"ARI" 9 0.945532858842849 0.990632272540839 0.990632272540839 0.945532858842849 0.990632272540839 0.981380085872023
"CCR" 10 0.936666666666667 0.986666666666667 0.986666666666667 0.94 0.983333333333333 0.983333333333333
"ARI" 10 0.831028189383781 0.960914212071092 0.960870917775459 0.838858728227493 0.951364338914888 0.951364338914888
"CCR" 11 0.943333333333333 0.976666666666667 0.99 0.936666666666667 0.986666666666667 0.986666666666667
"ARI" 11 0.856680701128965 0.936484453210151 0.972187291623079 0.8420618488368 0.963087826105206 0.963087826105206
"CCR" 12 0.953333333333333 0.993333333333333 0.993333333333333 0.766666666666667 0.993333333333333 0.99
"ARI" 12 0.874236558739988 0.980558897958462 0.874236558739988 0.597895818085222 0.980558897958462 0.970962940084239
"CCR" 13 0.966666666666667 1 1 0.96 0.996666666666667 0.996666666666667
"ARI" 13 0.911832140749991 1 1 0.892622457476602 0.990564235591004 0.990564235591004
"CCR" 14 0.93 0.976666666666667 0.98 0.926666666666667 0.973333333333333 0.98
"ARI" 14 0.81505772617905 0.933118785509716 0.942156257953452 0.80520809219286 0.921101836808958 0.940791990606482
"CCR" 15 0.973333333333333 0.996666666666667 0.996666666666667 0.973333333333333 0.993333333333333 0.996666666666667
"ARI" 15 0.927387395264798 0.992371877433379 0.992371877433379 0.927387395264798 0.979034656845197 0.988497680586783
"CCR" 16 0.943333333333333 0.996666666666667 0.996666666666667 0.943333333333333 0.993333333333333 0.993333333333333
"ARI" 16 0.850271186449193 0.990412052916594 0.990395493718528 0.850271186449193 0.982087077643282 0.98087331573233
"CCR" 17 0.936666666666667 1 1 0.936666666666667 0.993333333333333 1
"ARI" 17 0.835629096699339 1 1 0.835629096699339 0.980685838292765 1
"CCR" 18 0.926666666666667 0.993333333333333 0.996666666666667 0.986666666666667 0.976666666666667 0.99
"ARI" 18 0.802125073265902 0.979618786754972 0.989765529296404 0.959792201923553 0.93047180715493 0.969044742115583
"CCR" 19 0.996666666666667 1 0.99 0.72 0.996666666666667 0.996666666666667
"ARI" 19 0.990438185677029 1 0.97166313565947 0.414157016026838 0.98855847403737 0.98855847403737
"CCR" 20 0.993333333333333 0.996666666666667 0.996666666666667 0.99 0.996666666666667 0.996666666666667
"ARI" 20 0.978986894891682 0.989705578320944 0.989705578320944 0.96887384418037 0.989214650918599 0.989214650918599
"CCR" 21 0.966666666666667 0.993333333333333 0.99 0.976666666666667 0.986666666666667 0.983333333333333
"ARI" 21 0.912902036922103 0.98158695636076 0.973143622622608 0.938284696052753 0.964157198360813 0.954938541269192
"CCR" 22 0.96 0.996666666666667 0.996666666666667 0.97 0.986666666666667 0.99
"ARI" 22 0.885188316190161 0.98999366140415 0.98999366140415 0.910906299661972 0.958517029275863 0.968395821662613
"CCR" 23 0.963333333333333 0.993333333333333 0.99 0.963333333333333 0.996666666666667 0.993333333333333
"ARI" 23 0.894113208576864 0.978891425844346 0.969604587803371 0.894113208576864 0.9897875220846 0.979655354623953
"CCR" 24 0.95 0.99 0.95 0.953333333333333 0.983333333333333 0.983333333333333
"ARI" 24 0.860057409044757 0.96895769433736 0.860057409044757 0.868642256742733 0.951216662920398 0.949208812792492
"CCR" 25 0.933333333333333 0.986666666666667 0.993333333333333 0.933333333333333 0.973333333333333 0.97
"ARI" 25 0.830224891395754 0.961908869431155 0.952579174752727 0.83241946482908 0.926313383767569 0.9444542685523
"CCR" 26 0.95 0.99 0.993333333333333 0.95 0.993333333333333 0.993333333333333
"ARI" 26 0.864386756693117 0.970697838854971 0.872599747939286 0.864386756693117 0.980379291887113 0.980353435941865
"CCR" 27 0.986666666666667 0.993333333333333 0.993333333333333 0.956666666666667 0.99 1
"ARI" 27 0.961035099692902 0.979140919425406 0.979140919425406 0.884977375090065 0.969901010758569 1
"CCR" 28 0.983333333333333 1 0.996666666666667 0.966666666666667 0.99 0.99
"ARI" 28 0.955664052143132 1 0.990894323990234 0.910523761590286 0.968453858558294 0.968453858558294
"CCR" 29 0.973333333333333 0.983333333333333 0.986666666666667 0.973333333333333 0.98 0.983333333333333
"ARI" 29 0.926858656318101 0.953331288449081 0.962436289308413 0.926858656318101 0.944341665922291 0.953331288449081
"CCR" 30 0.943333333333333 0.996666666666667 1 0.943333333333333 0.993333333333333 1
"ARI" 30 0.863072605657722 0.991050238940214 1 0.863072605657722 0.979950004937039 1
"CCR" 59 0.993333333333333 0.993333333333333 0.993333333333333 0.98 0.986666666666667 0.986666666666667
"ARI" 59 0.979990707287058 0.979990707287058 0.979990707287058 0.945897709442557 0.962578155026225 0.958958916881392
"CCR" 46 0.94 0.993333333333333 0.993333333333333 0.936666666666667 0.99 0.986666666666667
"ARI" 46 0.840565955096462 0.981716915641543 0.980331991467189 0.832849647386693 0.973402581262122 0.963493023157532
"CCR" 47 0.976666666666667 0.993333333333333 0.996666666666667 0.976666666666667 0.986666666666667 0.966666666666667
"ARI" 47 0.937863241658028 0.982593925744348 0.992229303621309 0.937863241658028 0.961615846236911 0.905349548612526
"CCR" 48 0.946666666666667 0.99 0.99 0.936666666666667 0.993333333333333 0.986666666666667
"ARI" 48 0.861382309963653 0.971633178112737 0.971633178112737 0.832829576744363 0.979189818725361 0.958695434772571
"CCR" 61 0.956666666666667 0.996666666666667 0.996666666666667 0.986666666666667 0.993333333333333 0.986666666666667
"ARI" 61 0.880299258141467 0.991371610825623 0.991371610825623 0.957291471527651 0.977822496064865 0.960980733802455
"CCR" 62 0.993333333333333 0.99 0.993333333333333 0.92 0.99 0.993333333333333
"ARI" 62 0.981413117678935 0.972239623878975 0.981378735035158 0.807988015466976 0.972239623878975 0.981413117678935
"CCR" 63 0.963333333333333 0.99 0.99 0.936666666666667 0.986666666666667 0.99
"ARI" 63 0.88956416699148 0.968681836616214 0.968681836616214 0.819706978455105 0.958141841328664 0.968435401021545
"CCR" 64 0.946666666666667 0.996666666666667 0.946666666666667 0.94 0.996666666666667 0.946666666666667
"ARI" 64 0.84767655970058 0.989579380693564 0.84767655970058 0.829271483245657 0.989238010973529 0.84767655970058
"CCR" 65 0.943333333333333 0.98 0.986666666666667 0.943333333333333 0.973333333333333 0.983333333333333
"ARI" 65 0.859581738166183 0.947939674934997 0.964905330216888 0.859581738166183 0.928135144876105 0.953422790373149
"CCR" 66 0.946666666666667 0.993333333333333 0.996666666666667 0.946666666666667 0.986666666666667 0.993333333333333
"ARI" 66 0.860870093451588 0.980890893641513 0.990405217804895 0.861500679296682 0.962107687905001 0.980890893641513
"CCR" 67 0.936666666666667 0.993333333333333 0.986666666666667 0.933333333333333 0.986666666666667 0.74
"ARI" 67 0.834981029185144 0.980685162027536 0.961726745657878 0.825009275059586 0.961815202875758 0.599104542755807
"CCR" 68 0.95 0.99 0.99 0.783333333333333 0.99 0.99
"ARI" 68 0.864155436587593 0.970640839068011 0.970640839068011 0.605160174628812 0.970640839068011 0.980311193239215
"CCR" 69 0.943333333333333 0.986666666666667 0.993333333333333 0.943333333333333 0.99 0.97
"ARI" 69 0.864237517793888 0.964847821680204 0.98223076700318 0.864237517793888 0.973515137274201 0.973467536769697
"CCR" 70 0.953333333333333 0.983333333333333 0.99 0.936666666666667 0.986666666666667 0.926666666666667
"ARI" 70 0.868636768775538 0.95020968154638 0.969778658743819 0.832463055277076 0.959936011426671 0.807044999272777
"CCR" 71 0.95 0.983333333333333 0.95 0.953333333333333 0.983333333333333 0.973333333333333
"ARI" 71 0.854977592404012 0.947742042347229 0.854977592404012 0.862186611680805 0.947665721593059 0.917230720657503
"CCR" 72 0.99 0.993333333333333 0.993333333333333 0.933333333333333 0.993333333333333 0.996666666666667
"ARI" 72 0.97024392577208 0.980048173716165 0.980048173716165 0.821642364286117 0.980018459011834 0.989967085720279
"CCR" 60 0.986666666666667 0.996666666666667 0.993333333333333 0.986666666666667 0.993333333333333 0.996666666666667
"ARI" 60 0.959962065996551 0.990181211037346 0.980444977670084 0.959962065996551 0.980444977670084 0.990181211037346
"CCR" 31 0.946666666666667 0.996666666666667 0.996666666666667 0.956666666666667 0.99 0.996666666666667
"ARI" 31 0.86175004976567 0.990659259303526 0.990677373176459 0.886303291333901 0.969955774342317 0.990659259303526
"CCR" 32 0.95 0.99 0.983333333333333 0.94 0.976666666666667 0.98
"ARI" 32 0.861904619009014 0.970254614592192 0.950912787627509 0.834030792427926 0.93031330080652 0.939813511430441
"CCR" 33 0.953333333333333 0.993333333333333 0.993333333333333 0.946666666666667 0.99 0.99
"ARI" 33 0.87327543760066 0.980450843278206 0.980450843278206 0.85630384701633 0.970849495216965 0.970849495216965
"CCR" 34 0.946666666666667 0.996666666666667 0.996666666666667 0.943333333333333 0.993333333333333 0.946666666666667
"ARI" 34 0.852965870861532 0.991269262546209 0.989192942071656 0.842989529867409 0.978475542675714 0.852965870861532
"CCR" 35 0.983333333333333 0.996666666666667 0.996666666666667 0.983333333333333 0.993333333333333 0.956666666666667
"ARI" 35 0.950189951851777 0.989805115893373 0.976648635012767 0.950189951851777 0.979726127337276 0.876648635012767
"CCR" 36 0.993333333333333 0.996666666666667 0.996666666666667 0.986666666666667 0.996666666666667 0.996666666666667
"ARI" 36 0.979248696212583 0.990606404503826 0.990606404503826 0.95677105181033 0.98856893281496 0.98856893281496
"CCR" 37 0.92 0.98 0.983333333333333 0.92 0.98 0.983333333333333
"ARI" 37 0.781072997226735 0.93848591476686 0.948453429002845 0.781072997226735 0.938588257994076 0.948536301802654
"CCR" 38 0.966666666666667 0.986666666666667 0.996666666666667 0.92 0.976666666666667 0.97
"ARI" 38 0.901810421910061 0.959864862883489 0.930848822886491 0.785503358363342 0.929662751847641 0.910828814707986
"CCR" 39 0.783333333333333 0.993333333333333 0.996666666666667 0.783333333333333 0.99 0.966666666666667
"ARI" 39 0.618608339432914 0.980925302123894 0.990405217804895 0.618608339432914 0.971507880283572 0.909487003794525
"CCR" 40 0.94 0.996666666666667 0.996666666666667 0.983333333333333 0.993333333333333 0.993333333333333
"ARI" 40 0.837644538374222 0.990210067172375 0.990210067172375 0.951032296541208 0.979425207996614 0.979425207996614
"CCR" 41 0.976666666666667 1 1 0.976666666666667 1 0.996666666666667
"ARI" 41 0.93173820618745 1 1 0.93173820618745 1 0.988931526154638
"CCR" 42 0.923333333333333 0.986666666666667 0.98 0.916666666666667 0.98 0.976666666666667
"ARI" 42 0.787127532537816 0.958429028490589 0.938149698885097 0.76999737707528 0.938234599202842 0.92798945163388
"CCR" 43 0.93 0.983333333333333 0.99 0.93 0.98 0.986666666666667
"ARI" 43 0.817651596191802 0.95165887120744 0.970697838854971 0.817713371313165 0.943077454808144 0.962137290605266
"CCR" 44 0.993333333333333 0.993333333333333 1 0.976666666666667 1 1
"ARI" 44 0.98146245088314 0.981387882651424 1 0.934560929990351 1 1
"CCR" 45 0.94 0.993333333333333 0.996666666666667 0.96 0.993333333333333 0.993333333333333
"ARI" 45 0.839875966257617 0.980311948773057 0.990097727985358 0.888947160072409 0.980311948773057 0.980311948773057
"CCR" 56 0.963333333333333 0.99 0.993333333333333 0.96 0.986666666666667 0.99
"ARI" 56 0.895909612536579 0.970149960959596 0.9799850776891 0.887159654494652 0.960362604835276 0.970100452273619
"CCR" 55 0.976666666666667 0.986666666666667 0.986666666666667 0.95 0.986666666666667 0.983333333333333
"ARI" 55 0.939951507765808 0.964334981939167 0.964334981939167 0.876701182468534 0.965514678587718 0.953845270744804
