"AIC" 57 20282.2793399116 19580.9328871621 19575.3238046087 20557.4338592392 19845.2861046759 19737.6907591974
"BIC" 57 20408.2079440499 19717.9728387244 19723.4751035949 20675.9548984282 19974.9184912889 19878.4344932343
"ICL" 57 20413.1334492893 19736.4668367181 19733.3894664288 20687.6077596964 19996.2427514131 19895.1268308505
"AWE" 57 20709.0620534276 20058.5067882804 20081.540765415 20966.1287988854 20300.8751380261 20225.8705648875
"AIC" 58 20023.2080264082 19309.3121433825 19198.9071254134 20333.7651746969 19628.9305693471 19516.8250037036
"BIC" 58 20149.1366305465 19446.3520949448 19347.0584243996 20452.2862138859 19758.5629559601 19657.5687377406
"ICL" 58 20152.1803821645 19455.280575912 19356.2376435281 20455.5989787904 19770.7914159979 19669.0540116259
"AWE" 58 20448.1089863028 19777.3205274743 19704.3889425144 20734.1200179794 20075.4238026109 19999.7977456629
"AIC" 49 19798.5876163479 19201.939650133 19119.8991574415 20116.9724444779 19529.4232719497 19443.974211458
"BIC" 49 19924.5162204862 19338.9796016953 19268.0504564278 20235.4934836669 19659.0556585627 19584.7179454949
"ICL" 49 19927.5725845642 19349.8036481289 19280.5130511041 20239.2738165474 19674.0779502997 19596.0795076608
"AWE" 49 20223.5011887025 19671.8435996912 19628.6643500903 20517.7948557364 19978.7103369127 19926.8232416977
"AIC" 76 19839.4102974298 19226.7499699032 19127.8450911719 20158.1481006278 19551.7959384763 19450.9191989083
"BIC" 76 19965.3389015681 19363.7899214654 19275.9963901582 20276.6691398168 19681.4283250892 19591.6629329453
"ICL" 76 19971.427308005 19375.2370476488 19285.802735228 20282.2381655659 19696.7972206084 19604.9659696375
"AWE" 76 20267.3559121434 19697.2769992111 19633.9540342142 20560.7592047549 20001.4296072214 19935.7097036745
"AIC" 77 20230.3879400677 19560.9507227554 19491.227340942 20526.3530289555 19867.837594392 19798.4253842376
"BIC" 77 20356.316544206 19697.9906743176 19639.3786399283 20644.8740681445 19997.469981005 19939.1691182745
"ICL" 77 20362.4503380011 19713.6762445786 19653.8462913713 20650.3259344608 20019.6972092448 19957.1010678908
"AWE" 77 20658.3789421394 20035.7161961409 20001.9975903575 20928.8469736498 20324.3295958578 20287.8448019277
"AIC" 78 19453.2451295848 18746.2208323244 18637.0468879969 19739.8918287333 19041.7483949949 18933.5097991392
"BIC" 78 19579.1737337231 18883.2607838867 18785.1981869831 19858.4128679223 19171.3807816078 19074.2535331761
"ICL" 78 19582.8465971404 18895.8451547714 18795.476191692 19863.8541021489 19189.5713956128 19089.6096506443
"AWE" 78 19878.7752012787 19217.8851063337 19143.6274906783 20142.3751413379 19494.2037822257 19420.3533846812
"AIC" 79 19830.0273283224 19153.2444524744 19166.3993572198 20122.3009118682 19455.8630956102 19460.2322371635
"BIC" 79 19955.9559324607 19290.2844040367 19314.5506562061 20240.8219510572 19585.4954822232 19600.9759712004
"ICL" 79 19959.9455199199 19300.5938876349 19319.0573446512 20245.8639560488 19598.5283871454 19607.4940533863
"AWE" 79 20255.8741240582 19622.6338391972 19667.2086436375 20524.3849952378 19903.1607737584 19938.2377874232
"AIC" 80 20205.3297608898 19361.0851899451 19261.5270035327 20532.4751987629 19695.599349755 19595.8146857518
"BIC" 80 20331.2583650281 19498.1251415074 19409.678302519 20650.9962379519 19825.231736368 19736.5584197887
"ICL" 80 20335.1110025253 19509.938585015 19421.1352754364 20655.8522164523 19843.8111773948 19751.552055365
"AWE" 80 20631.0396066636 19831.9785365773 19769.2865744226 20934.3732556413 20148.4435640077 20082.2957894019
"AIC" 81 19919.8946474606 19203.7929427991 19123.3341579573 20192.6605206215 19486.4912305364 19489.0276203675
"BIC" 81 20045.8232515989 19340.8328943614 19271.4854569435 20311.1815598105 19616.1236171494 19629.7713544044
"ICL" 81 20047.6622666755 19354.7227257099 19285.7539833706 20313.8125545883 19634.0087506966 19633.142951033
"AWE" 81 20343.5908708138 19676.7626772722 19633.9052823569 20592.3335937773 19938.6411373096 19963.8866850699
"AIC" 82 19578.5643166293 18886.7728664897 18791.1823709563 19889.267143949 19191.2668725302 19098.4296154963
"BIC" 82 19704.4929207676 19023.812818052 18939.3336699426 20007.788183138 19320.8992591432 19239.1733495332
"ICL" 82 19710.9422863654 19043.8300185656 18956.5086868074 20015.6593068604 19341.7382694721 19258.3135810585
"AWE" 82 20006.8708905037 19365.8699701279 19304.6599857937 20294.1803460494 19646.3706560851 19589.0573150954
"AIC" 83 19925.3368790525 19127.7291354776 18989.2506856113 20212.4538460074 19422.7752082869 19283.9502653622
"BIC" 83 20051.2654831909 19264.7690870399 19137.4019845975 20330.9748851964 19552.4075948998 19424.6939993991
"ICL" 83 20053.2755761822 19277.4404182747 19148.7661753864 20333.0847125839 19569.4516005302 19438.4610468924
"AWE" 83 20349.2041803205 19599.480369837 19496.9174743727 20611.6057517729 19874.0839871431 19769.2047809293
"AIC" 84 19783.9117724728 19137.7615672695 19005.0551877247 20046.6624432926 19418.4153556906 19287.7009995525
"BIC" 84 19909.8403766112 19274.8015188318 19153.206486711 20165.1834824816 19548.0477423036 19428.4447335895
"ICL" 84 19914.75731405 19289.1316509116 19164.2527134924 20169.9681466504 19568.5745228461 19445.3033398423
"AWE" 84 20210.6859181883 19611.1716024739 19512.4040124787 20448.4891858394 19873.2069094591 19776.0470738792
"AIC" 85 20215.0115910907 19453.740724096 19371.5003238816 20514.8484457293 19765.5611578568 19680.945928828
"BIC" 85 20340.940195229 19590.7806756583 19519.6516228678 20633.3694849183 19895.1935444697 19821.6896628649
"ICL" 85 20345.1188280075 19604.1217426503 19527.7584468832 20637.5340385027 19913.7367033122 19831.7562692259
"AWE" 85 20641.0474321458 19926.1616942126 19875.9097458695 20916.0550776917 20218.3690899252 20162.5000032628
"AIC" 86 19701.035276724 18991.9495896484 18898.0847851519 20040.1550681694 19337.4848111212 19312.0740150895
"BIC" 86 19826.9638808624 19128.9895412107 19046.2360841382 20158.6761073584 19467.1171977342 19452.8177491264
"ICL" 86 19830.2764768811 19142.2111958534 19057.807752395 20162.5085188741 19488.3287655898 19457.8809508357
"AWE" 86 20126.2050810194 19464.2511474157 19405.9590513813 20441.0295580631 19792.9611522027 19788.6246848727
"AIC" 87 19971.3446461522 19219.7398607064 19127.6478835763 20266.6018713961 19516.4897774096 19424.217895763
"BIC" 87 20097.2732502905 19356.7798122687 19275.7991825625 20385.1229105851 19646.1221640226 19564.9616297999
"ICL" 87 20104.5747397377 19367.8856270158 19282.7820473858 20392.1916420612 19662.0248507237 19573.7021214656
"AWE" 87 20400.503343876 19689.9255785781 19630.933346372 20670.7126812502 19966.6572373367 19904.4458555025
"AIC" 88 19166.6836331837 18504.6775168037 18394.4669341689 19436.8847655338 18780.1715313277 18672.3354108988
"BIC" 88 19292.612237322 18641.717468366 18542.6182331552 19555.4058047228 18909.8039179407 18813.0791449357
"ICL" 88 19294.9928233234 18655.6222974033 18554.3426207133 19562.1677692113 18926.7388150558 18826.6250688409
"AWE" 88 19590.9214274617 18977.6622489656 18902.4939196995 19840.6888084003 19231.3712016688 19157.3688028778
"AIC" 89 20162.3950092448 19431.0459098235 19357.4889202075 20462.8004152786 19728.6045212593 19656.5086554698
"BIC" 89 20288.3236133831 19568.0858613858 19505.6402191937 20581.3214544676 19858.2369078722 19797.2523895067
"ICL" 89 20293.1997732467 19581.101795272 19511.1520350798 20588.5387185588 19880.1993480586 19808.5456685897
"AWE" 89 20589.128377385 19903.1417468343 19859.3033340661 20867.0597577478 20184.8317346716 20139.2894026266
"AIC" 90 20190.6201919622 19340.9937464724 19283.2679535945 20448.7071094116 19620.8213362729 19560.3458751966
"BIC" 90 20316.5487961005 19478.0336980347 19431.4192525807 20567.2281486006 19750.4537228859 19701.0896092336
"ICL" 90 20319.1284937791 19489.9711795801 19440.6253482996 20569.56867953 19766.5948449972 19712.7916412055
"AWE" 90 20615.0570979174 19812.0111311424 19788.7766472858 20848.089718719 20071.2272316102 20043.5353752424
"AIC" 91 20115.2501562688 19279.389633755 19160.3495564348 20369.1840633 19577.9129979552 19460.1664080177
"BIC" 91 20241.1787604072 19416.4295853173 19308.5008554211 20487.705102489 19707.5453845681 19600.9101420547
"ICL" 91 20243.8080178138 19428.2683598111 19318.7597041604 20492.5713668929 19724.2058220344 19613.5635040179
"AWE" 91 20539.7366219521 19750.3083113734 19666.9110031466 20771.0924060819 20028.8382086474 19944.3072380548
"AIC" 92 19647.8809002034 18918.1966963018 18804.5839830699 19929.8681248001 19209.0475891314 19098.6986664188
"BIC" 92 19773.8095043417 19055.2366478641 18952.7352820561 20048.3891639891 19338.6799757444 19239.4424004557
"ICL" 92 19775.5081126026 19067.1745668543 18964.1109266241 20050.2183148388 19351.2012090306 19251.4387508572
"AWE" 92 20071.4367167409 19389.2145184166 19312.2622256104 20328.7393540278 19655.8335956436 19582.1824848941
"AIC" 93 19751.8448720791 19058.0592394639 18940.8413121953 20035.8510315448 19360.1020677501 19299.1242964144
"BIC" 93 19877.7734762174 19195.0991910262 19088.9926111815 20154.3720707338 19489.7344543631 19439.8680304513
"ICL" 93 19880.8305154376 19206.7063335001 19102.0746460344 20158.293043972 19503.7177960151 19445.3488132908
"AWE" 93 20176.7591195759 19528.7462850624 19450.2259450207 20436.814083161 19808.3501826281 19776.0925473278
"AIC" 94 20272.0978778601 19482.4801440804 19373.29280307 20542.5031870794 19762.6461229311 19650.7477978229
"BIC" 94 20398.0264819984 19619.5200956427 19521.4441020562 20661.0242262684 19892.2785095441 19791.4915318599
"ICL" 94 20408.5017464425 19633.7629514667 19535.763706955 20668.0278164601 19918.0752098908 19812.0448024235
"AWE" 94 20704.4303505808 19955.802903029 19883.9150059412 20946.5488556491 20222.7075965038 20142.7885364604
"AIC" 95 20065.1890426222 19485.2342955602 19395.9145470122 20359.3357615135 19788.5331001962 19698.7048598282
"BIC" 95 20191.1176467605 19622.2742471225 19544.0658459985 20477.8568007025 19918.1654868092 19839.4485938651
"ICL" 95 20196.1507388905 19633.3075597392 19556.9902013665 20482.5826370707 19932.1797198485 19854.979550734
"AWE" 95 20492.0793430288 19955.3475113015 19905.1415003528 20761.1036762597 20236.8121064614 20185.7232847709
"AIC" 96 20121.3863708321 19433.1737370234 19305.8935040321 20940.8204376827 19727.2183206902 19669.0667399814
"BIC" 96 20247.3149749704 19570.2136885857 19454.0448030183 21059.3414768717 19856.8507073032 19809.8104740183
"ICL" 96 20250.1078997683 19579.1592280689 19464.220176798 21060.8337398476 19872.8438586574 19816.4858943073
"AWE" 96 20546.0365039066 19901.1991796311 19812.3714757843 21339.3547790366 20177.4762452703 20147.2296283442
"AIC" 74 19839.4102974298 19226.7499699032 19127.8450911719 20158.1481006278 19551.7959384763 19450.9191989083
"BIC" 74 19965.3389015681 19363.7899214654 19275.9963901582 20276.6691398168 19681.4283250892 19591.6629329453
"ICL" 74 19971.427308005 19375.2370476488 19285.802735228 20282.2381655659 19696.7972206084 19604.9659696375
"AWE" 74 20267.3559121434 19697.2769992111 19633.9540342142 20560.7592047549 20001.4296072214 19935.7097036745
"AIC" 75 20230.3879400677 19560.9507227554 19491.227340942 20526.3530289555 19867.837594392 19798.4253842376
"BIC" 75 20356.316544206 19697.9906743176 19639.3786399283 20644.8740681445 19997.469981005 19939.1691182745
"ICL" 75 20362.4503380011 19713.6762445786 19653.8462913713 20650.3259344608 20019.6972092448 19957.1010678908
"AWE" 75 20658.3789421394 20035.7161961409 20001.9975903575 20928.8469736498 20324.3295958578 20287.8448019277
"AIC" 73 19453.2451295848 18746.2208323244 18637.0468879969 19739.8918287333 19041.7483949949 18933.5097991392
"BIC" 73 19579.1737337231 18883.2607838867 18785.1981869831 19858.4128679223 19171.3807816078 19074.2535331761
"ICL" 73 19582.8465971404 18895.8451547714 18795.476191692 19863.8541021489 19189.5713956128 19089.6096506443
"AWE" 73 19878.7752012787 19217.8851063337 19143.6274906783 20142.3751413379 19494.2037822257 19420.3533846812
"AIC" 53 19755.0909121444 19013.9800650844 18997.9288208057 20017.0774844158 19287.7763943749 19185.1091468933
"BIC" 53 19881.0195162827 19151.0200166467 19146.080119792 20135.5985236048 19417.4087809879 19325.8528809302
"ICL" 53 19883.9186541317 19168.0991246928 19149.0776680503 20137.8476825218 19438.4153121911 19342.8031924357
"AWE" 53 20179.84725827 19490.1390762551 19497.2289670366 20416.3687217108 19743.0476988041 19673.5469264726
"AIC" 54 19978.4080906537 19242.0842949778 19136.0023953597 20217.0810596582 19478.8040849154 19371.9018427573
"BIC" 54 20104.336694792 19379.1242465401 19284.1536943459 20335.6020988472 19608.4364715283 19512.6455767942
"ICL" 54 20105.6694039361 19388.7488877781 19292.2317897461 20337.0705537885 19619.6902543563 19521.4130604004
"AWE" 54 20401.5980080744 19710.7888393404 19640.3830887324 20615.5915929775 19924.3226409693 19852.1567944373
"AIC" 97 19895.1642187475 19206.7014070668 19262.7011717921 20834.4777358559 20258.8369513713 19523.3956723571
"BIC" 97 20021.0928228858 19343.7413586291 19410.8524707784 20952.9987750449 20388.4693379843 19664.139406394
"ICL" 97 20024.3537230516 19354.0659891004 19416.7524485966 20953.2655628672 20397.6790794643 19671.9171336864
"AWE" 97 20320.2823271899 19676.1059406627 19764.9037475828 21231.7866020562 20702.3114660773 20002.6608677233
"AIC" 98 20067.2393210716 19288.6340895647 19191.829045003 20389.2184463128 19592.9269873553 19499.0987451889
"BIC" 98 20193.1679252099 19425.674041127 19339.9803439893 20507.7394855018 19722.5593739682 19639.8424792258
"ICL" 98 20197.1368745942 19439.0622498804 19350.9386190597 20513.2078442636 19742.1091698498 19655.9162981667
"AWE" 98 20493.0654787325 19761.1022014427 19699.0899180459 20791.7288834526 20046.7415564628 19986.6600322036
"AIC" 99 19888.0531145473 19163.8682504585 19052.8735947691 20210.3881625836 19497.6731609835 19388.4487061643
"BIC" 99 20013.9817186856 19300.9082020207 19201.0248937553 20328.9092017726 19627.3055475965 19529.1924402012
"ICL" 99 20017.9555240511 19309.1946215713 19207.7753659651 20335.1574188558 19637.6373710645 19538.2615853088
"AWE" 99 20313.8841281894 19631.2345731336 19555.9266649513 20613.6784580448 19942.2697576775 19869.0053193457
"AIC" 100 19664.8463881065 18954.4865279445 18830.4136140657 19974.4369894 19273.9367249554 19877.0580831399
"BIC" 100 19790.7749922448 19091.5264795068 18978.564913052 20092.958028589 19403.5691115684 20017.8018171768
"ICL" 100 19794.4721617785 19106.5618795499 18993.224784589 20098.6543713456 19425.5408037535 20021.0904392052
"AWE" 100 20090.4007659168 19428.6018311122 19341.3760835753 20377.1754105346 19730.1731903664 20351.8341732421
"AIC" 51 19987.8317002504 19233.0642958555 19114.0659782672 20290.5808673149 19552.203587805 19437.1263432589
"BIC" 51 20113.7603043887 19370.1042474178 19262.2172772535 20409.1019065039 19681.835974418 19577.8700772958
"ICL" 51 20117.9810267323 19385.7073541648 19271.9004570805 20413.6213715482 19702.9195731111 19592.3463050318
"AWE" 51 20413.9096308706 19707.747305727 19620.0517560668 20692.1424107372 20007.5519597241 19923.0900390687
"AIC" 52 20098.3158990008 19438.8684907237 19327.8390796327 20387.4143153862 19743.7364226887 19632.9598092782
"BIC" 52 20224.2445031391 19575.908442286 19475.9903786189 20505.9353545752 19873.3688093017 19773.7035433151
"ICL" 52 20231.0542173494 19586.0187542128 19484.4688896654 20511.5201321255 19884.9909267826 19782.4234743624
"AWE" 52 20526.9828214877 19908.0587057751 19832.6201886517 20790.0411713145 20189.6233133955 20113.1672083993
"AIC" 50 20026.3915931915 19179.0088488793 19089.8027832826 20339.8323232674 19507.4524560676 19417.8049840982
"BIC" 50 20152.3201973298 19316.0488004416 19237.9540822688 20458.3533624563 19637.0848426805 19558.5487181351
"ICL" 50 20155.5424386108 19328.1112875942 19247.7350915941 20466.0126232733 19654.6436989064 19571.7841527623
"AWE" 50 20451.4710427491 19650.1512391565 19595.8863905803 20744.5336624623 19959.2760855193 19902.5278867992
"AIC" 1 19751.0941529807 19029.1830662761 18945.1815638862 20038.6926450133 19323.688263082 19238.775342175
"BIC" 1 19877.022757119 19166.2230178384 19093.3328628724 20157.2136842023 19453.320649695 19379.5190762119
"ICL" 1 19879.2974314878 19171.9474928373 19098.2744514948 20159.2756956819 19463.0331392553 19386.3057267817
"AWE" 1 20175.2260356261 19493.9874443996 19446.425750481 20437.7967348709 19767.6655258683 19717.0494608187
"AIC" 2 19731.4342177554 19071.6996258589 18967.3603530659 20029.6425146669 19383.2415855923 19278.1846699222
"BIC" 2 19857.3628218937 19208.7395774211 19115.5116520521 20148.1635538559 19512.8739722053 19418.9284039591
"ICL" 2 19862.0644693978 19220.2081201031 19123.66413287 20152.7348428771 19526.9774782162 19428.4033024216
"AWE" 2 20157.9930735361 19542.2480716654 19471.8154318562 20431.2558820661 19831.6098648291 19759.1470364585
"AIC" 3 19826.2487340186 19192.1324851942 19154.4168326336 20112.2565771615 19482.177196697 19378.0787748143
"BIC" 3 19952.1773381569 19329.1724367565 19302.5681316198 20230.7776163505 19611.8095833099 19518.8225088512
"ICL" 3 19954.8015902325 19336.796575234 19304.4522673077 20234.6659419128 19620.9450455305 19526.8544346547
"AWE" 3 20250.7301943708 19658.8365267963 19652.6035662939 20513.1869811018 19925.5774321435 19857.5981686916
"AIC" 4 20091.6120281802 19378.3680248449 19347.8691703176 20389.9419515517 19755.595727008 19651.1571274133
"BIC" 4 20217.5406323185 19515.4079764072 19496.0204693038 20508.4629907407 19885.228113621 19791.9008614502
"ICL" 4 20218.9722940542 19526.4005421768 19500.0291539563 20510.4397342133 19890.206529018 19794.7016660766
"AWE" 4 20514.9008981925 19848.4404937391 19848.1804529426 20788.9607734023 20194.8389156309 20125.4454001136
"AIC" 5 19807.7181885411 19041.2648012497 18955.9812000357 20108.7727982106 19355.0330841901 19369.3653983451
"BIC" 5 19933.6467926794 19178.304752812 19104.132499022 20227.2938373996 19484.665470803 19510.109132382
"ICL" 5 19939.3834294288 19192.4107864178 19116.6369978595 20231.2190167202 19501.006837494 19520.2036152222
"AWE" 5 20235.3120335671 19514.4507379801 19464.7882968457 20509.7400559092 19805.639224107 19850.9473492591
"AIC" 6 20201.3781969534 19484.3136018004 19402.445408586 20516.9958761255 19804.0504649585 19722.875502926
"BIC" 6 20327.3068010917 19621.3535533627 19550.5967075722 20635.5169153145 19933.6828515714 19863.6192369629
"ICL" 6 20333.2270422912 19629.2189605066 19558.0559606293 20642.5009323667 19945.926714225 19873.1335392892
"AWE" 6 20629.1556464295 19951.2589120689 19906.2072596155 20921.0219715557 20250.559100838 20203.8772733262
"AIC" 7 19341.2501751563 18666.4230842512 18564.0833249768 19634.82651704 18967.1446385225 18933.6270769576
"BIC" 7 19467.1787792946 18803.4630358135 18712.2346239631 19753.347556229 19096.7770251355 19074.3708109946
"ICL" 7 19470.2066886875 18813.7259604665 18719.9706619092 19756.5821023838 19109.4563234979 19077.7174944538
"AWE" 7 19766.1352928258 19135.7659120287 19068.1219608955 20035.1031415728 19414.0887101109 19408.4612284908
"AIC" 8 20113.1097004356 19358.1151974344 19250.5324987066 20390.6997153112 19648.263004852 19541.4137269648
"BIC" 8 20239.038304574 19495.1551489966 19398.6837976929 20509.2207545002 19777.895391465 19682.1574610017
"ICL" 8 20244.9065478797 19518.5096243642 19418.0927559626 20516.7608276025 19806.1894866 19705.5850978564
"AWE" 8 20540.835152018 19840.5495759265 19766.2440549489 20795.2818667915 20110.821873213 20036.3288318934
"AIC" 9 20127.3395668401 19393.1833478879 19307.6642117033 20388.7908932048 19656.8660443187 19570.8397066808
"BIC" 9 20253.2681709784 19530.2232994502 19455.8155106895 20507.3119323938 19786.4984309316 19711.5834407177
"ICL" 9 20256.433473368 19536.5889605409 19462.223835888 20510.5275347865 19794.6983967715 19719.2292545533
"AWE" 9 20552.3620775063 19858.6289121032 19810.3751348742 20789.0485739755 20099.3307833845 20049.9729885903
"AIC" 10 19874.3676865418 19199.2144376321 19119.2530898671 20142.1341532039 19484.1864503562 19403.2230181202
"BIC" 10 20000.2962906801 19336.2543891944 19267.4043888533 20260.6551923929 19613.8188369692 19543.9667521572
"ICL" 10 20006.3916163652 19351.6104142086 19281.6202191562 20266.3426174846 19633.4826645244 19562.1364160526
"AWE" 10 20302.3202205035 19673.6503657709 19629.7715181424 20544.8636566736 19938.1150511374 19892.8801500896
"AIC" 11 19757.6900867142 19112.6183932606 19064.0471484353 20074.8310170239 19438.3076279865 19389.3936801286
"BIC" 11 19883.6186908525 19249.6583448229 19212.1984474215 20193.3520562129 19567.9400145994 19530.1374141655
"ICL" 11 19893.5211592651 19268.4416601867 19229.9574606866 20201.9080243303 19588.1224084265 19547.9394024941
"AWE" 11 20189.4497634034 19590.4816117489 19578.1087596729 20480.4290635193 19892.7547950394 19878.683136531
"AIC" 12 19903.5916678247 19233.9503581644 19188.6979284268 20726.5491170586 19536.7497751056 19410.5878182052
"BIC" 12 20029.5202719631 19370.9903097267 19336.849227413 20845.0701562476 19666.3821617186 19551.3315522422
"ICL" 12 20033.4354088149 19389.2682890197 19339.4149561957 20848.6186479128 19690.4683750853 19572.2550411005
"AWE" 12 20329.3640129532 19711.308240582 19687.5662551819 21127.1396871018 19995.1007616983 19902.9987751374
"AIC" 13 19922.8233525537 19181.9235874292 19104.6765095025 20239.352696113 19508.5353907344 19431.6713758547
"BIC" 13 20048.751956692 19318.9635389915 19252.8278084887 20357.873735302 19638.1677773473 19572.4151098916
"ICL" 13 20052.5823963787 19325.4239892673 19258.6904741265 20363.3008780804 19652.6822094128 19585.4338534133
"AWE" 13 20348.511000517 19647.4639408296 19606.8417731127 20641.8219172694 19957.3145960257 19916.1775874502
"AIC" 14 19650.1033765214 18909.1732440732 18810.9572230085 19932.2533306052 19209.8981333281 19112.3264527085
"BIC" 14 19776.0319806597 19046.2131956354 18959.1085219947 20050.7743697942 19339.530519941 19253.0701867454
"ICL" 14 19781.2936239089 19060.8244123118 18975.7289487935 20055.3487267887 19357.9193698316 19274.1153045334
"AWE" 14 20077.2222280472 19382.8643638741 19323.8802477797 20333.8697659777 19662.5517564446 19604.8590385704
"AIC" 15 20125.0570820994 19492.6558421268 19412.4995432091 20423.1528328868 19789.3160718846 19710.2130498551
"BIC" 15 20250.9856862377 19629.695793689 19560.6508421953 20541.6738720758 19918.9484584976 19850.956783892
"ICL" 15 20252.6496165199 19646.3610286152 19578.0269457386 20544.1146356986 19939.6445548641 19871.7350505556
"AWE" 15 20548.5782206582 19968.4009801775 19926.1782447248 20822.6356748876 20244.2769414771 20202.4787845925
"AIC" 16 20185.5821358487 19492.4987832313 19401.0313373525 20485.8613014103 19791.113355344 19702.6168924615
"BIC" 16 20311.510739987 19629.5387347936 19549.1826363387 20604.3823405993 19920.745741957 19843.3606264985
"ICL" 16 20316.6496851783 19647.632155434 19565.3405315122 20607.8932212285 19944.9116713598 19863.3031525448
"AWE" 16 20612.5782893167 19969.6721069963 19913.4918304984 20886.4142604175 20249.5440579727 20194.0468865817
"AIC" 17 19447.1470943493 18783.5157252685 18684.3011980603 19743.5603211436 19086.2539527248 18989.0095197077
"BIC" 17 19573.0756984876 18920.5556768308 18832.4524970466 19862.0813603326 19215.8863393378 19129.7532537446
"ICL" 17 19575.0783370646 18931.975774397 18840.2557044552 19864.4376947997 19229.9291491542 19138.4854488109
"AWE" 17 19871.0069412029 19254.0157259593 19188.4070034414 20142.9587339887 19534.5615357671 19469.2291828478
"AIC" 18 20234.6407138262 19532.4760248026 19405.5316263396 20613.3122398689 19837.6668477941 19714.0487775256
"BIC" 18 20360.5693179645 19669.5159763649 19553.6829253258 20731.8332790579 19967.2992344071 19854.7925115626
"ICL" 18 20363.2134700478 19684.3353696557 19566.0840635609 20739.2462390146 19989.6713714978 19871.8771624768
"AWE" 18 20659.1420741861 20006.375321218 19914.2353625471 21017.7672782036 20294.3037581108 20202.6208965138
"AIC" 19 19992.0181140889 19228.3567653624 19169.1470293374 20239.2381591899 19520.1754150862 19439.6548772104
"BIC" 19 20117.9467182272 19365.3967169247 19317.2983283236 20357.7591983789 19649.8078016992 19580.3986112473
"ICL" 19 20120.5177055121 19369.6303267061 19319.5466887336 20370.8760487591 19658.5988929302 19587.7535116876
"AWE" 19 20416.4463096504 19691.6702782684 19667.6979877198 20649.3970879481 19963.2312795431 19918.4972457245
"AIC" 20 19544.6156258218 18817.317421901 18723.7913421738 19837.3442222879 19112.113824172 19021.0048832993
"BIC" 20 19670.5442299601 18954.3573734633 18871.9426411601 19955.8652614769 19241.746210785 19161.7486173362
"ICL" 20 19675.5289853917 18962.8960720609 18879.1399482565 19963.7090279478 19257.6431115836 19173.0096810053
"AWE" 20 19971.4575895301 19284.9360236232 19227.2912472428 20242.2300671368 19562.2754981965 19503.7534150422
"AIC" 21 19798.2603484982 19121.2398681581 19039.0969418653 20064.7943657769 19388.4908392915 19306.8496599311
"BIC" 21 19924.1889526365 19258.2798197203 19187.2482408516 20183.3154049659 19518.1232259044 19447.5933939681
"ICL" 21 19931.3107383716 19271.0746479073 19199.1257433923 20190.789111461 19531.2743890063 19460.5231368812
"AWE" 21 20227.2393425099 19593.1145994696 19547.2770423785 20469.31015065 19835.9067756193 19791.2668709182
"AIC" 22 20030.7507637693 19352.4365424405 19234.2824439619 20305.42440702 19634.7694144519 19520.6913360025
"BIC" 22 20156.6793679077 19489.4764940028 19382.4337429481 20423.945446209 19764.4018010649 19661.4350700394
"ICL" 22 20164.6835624414 19497.1614557739 19389.061692306 20430.1844215703 19776.2573555097 19672.3799774038
"AWE" 22 20460.6121665797 19819.2014073361 19737.2129912922 20708.7054607593 20080.8897421227 20003.1237114407
"AIC" 23 19448.2850753738 18801.0148605454 18699.2777778896 19740.6945346286 19103.4212870152 19000.2149838123
"BIC" 23 19574.2136795121 18938.0548121077 18847.4290768758 19859.2155738175 19233.0536736282 19140.9587178493
"ICL" 23 19579.4095131031 18947.1730156858 18858.3438900195 19865.2638085733 19242.832947424 19151.3232949842
"AWE" 23 19875.3381172414 19269.2129672481 19206.4951890058 20143.7848477623 19547.4653340369 19482.0670290212
"AIC" 24 19257.8079112577 18653.6227764149 18626.9364491185 19568.7490540544 18978.2322192008 18863.4908848602
"BIC" 24 19383.736515396 18790.6627279772 18775.0877481048 19687.2700932434 19107.8646058137 19004.2346188971
"ICL" 24 19385.9578528389 18800.544835378 18779.2781477242 19691.1274948618 19121.1015732969 19018.2602224741
"AWE" 24 19681.8864569772 19122.5847869403 19127.4294467104 19969.6485340508 19425.7339599099 19349.003956511
"AIC" 25 20643.7279432014 19819.4661646979 19710.7870611669 20927.9701378818 20116.3238922812 20007.4481211257
"BIC" 25 20769.6565473397 19956.5061162602 19858.9383601531 21046.4911770708 20245.9562788941 20148.1918551627
"ICL" 25 20776.080337195 19979.3123680499 19879.7829302544 21055.6142434818 20278.5023815306 20175.3540377121
"AWE" 25 21072.0089413333 20301.3523196122 20227.9342292407 21334.1352826708 20583.1347681436 20506.097771749
"AIC" 26 19539.6263308421 18904.5135843454 18901.0342804734 19827.7057320615 19209.5414442017 19104.3855019022
"BIC" 26 19665.5549349804 19041.5535359077 19049.1855794596 19946.2267712505 19339.1738308147 19245.1292359391
"ICL" 26 19668.1007615401 19054.4363949859 19053.6774253989 19949.8059614722 19354.145006715 19256.4523302002
"AWE" 26 19964.0293656784 19376.4763465482 19401.8287243851 20228.3270006612 19658.7773933279 19587.1960642371
"AIC" 27 19794.9283059951 19045.2968910084 18939.2282526344 20083.8042030899 19343.4050582884 19238.4875906574
"BIC" 27 19920.8569101335 19182.3368425707 19087.3795516207 20202.3252422789 19473.0374449013 19379.2313246944
"ICL" 27 19924.5136328485 19192.6323800259 19094.391209493 20208.4078056514 19484.6352171763 19389.2606442073
"AWE" 27 20220.4422369868 19514.6723315882 19442.5425084792 20486.9288448404 19789.2676037892 19720.0043782442
"AIC" 28 20165.5886522254 19434.6700516546 19333.2630021928 20481.027782618 19753.7489464225 19654.7684069192
"BIC" 28 20291.5172563637 19571.7100032169 19481.4143011791 20599.548821807 19883.3813330355 19795.5121409561
"ICL" 28 20296.491926606 19580.9255883935 19490.4287211706 20608.0805809593 19898.262412004 19810.2453835431
"AWE" 28 20592.4205307443 19902.9655399558 19838.5800201569 20886.6016201483 20202.894798617 20140.98911758
"AIC" 29 19743.6893967266 19073.3544144396 18974.3996439303 20073.35598954 19403.4241467691 19305.9402355892
"BIC" 29 19869.6180008649 19210.3943660019 19122.5509429165 20191.877028729 19533.056533382 19446.6839696262
"ICL" 29 19872.7642104774 19219.4116235158 19129.946862755 20195.9702472349 19545.4345361925 19455.2525056448
"AWE" 29 20168.6928146157 19541.4515750781 19478.0981617412 20474.4912864239 19850.0669228055 19785.9962396817
"AIC" 30 20135.8158064093 19334.978396338 19229.2731353901 20411.8477129687 19632.0026138052 19528.7595263088
"BIC" 30 20261.7444105476 19472.0183479003 19377.4244343763 20530.3687521577 19761.6350004182 19669.5032603457
"ICL" 30 20265.866657077 19482.1839252938 19383.9527392827 20536.7542961242 19778.2704166627 19679.1176717375
"AWE" 30 20561.7952612153 19804.2238768561 19732.104038269 20815.2753353132 20082.9028032757 20009.8614057745
"AIC" 59 19801.6158953513 19067.7914724653 18938.7878279033 20081.7360192521 19347.7684571137 19221.8249176337
"BIC" 59 19927.5444994896 19204.8314240276 19086.9391268895 20200.2570584411 19477.4008437267 19362.5686516706
"ICL" 59 19931.9840270566 19217.2439675284 19098.2127412983 20208.8682830176 19492.3842383045 19375.7304946265
"AWE" 59 20227.9126311949 19539.2839190907 19446.3640402846 20487.3893222066 19797.0166249175 19706.4742286634
"AIC" 46 19919.2446136953 19160.9776921049 19042.0598244181 20225.576854538 19466.2914705848 19351.1205567071
"BIC" 46 20045.1732178336 19298.0176436671 19190.2111234044 20344.097893727 19595.9238571978 19491.8642907441
"ICL" 46 20048.4698488549 19314.3895578 19201.2229428704 20348.1719858819 19616.8564815357 19510.4455422758
"AWE" 46 20344.3984529932 19636.4295093623 19549.3742418566 20626.6930250709 19921.4888681487 19841.1892763128
"AIC" 47 20101.8917708578 19278.8533860994 19181.7919280087 20431.1083316037 19591.880493611 19556.3363465888
"BIC" 47 20227.8203749961 19415.8933376617 19329.9432269949 20549.6293707927 19721.5128802239 19697.0800806258
"ICL" 47 20231.8059255056 19426.4255715969 19336.5131033739 20554.7368352615 19740.6367667506 19709.1227835562
"AWE" 47 20527.7345296439 19748.4655231592 19684.6644023602 20833.2578744505 20045.2691533636 20039.8665175931
"AIC" 48 20657.4201546134 19974.126894042 19862.5854056177 20944.5888271615 20273.6437227886 20163.3776608733
"BIC" 48 20783.3487587517 20111.1668456042 20010.7367046039 21063.1098663505 20403.2761094015 20304.1213949102
"ICL" 48 20792.4331464131 20123.4891138001 20018.9905894648 21073.8452890945 20424.7363222917 20319.8634886234
"AWE" 48 21088.3617505514 20445.5290653623 20367.141888451 21352.3663282835 20729.3687089047 20650.6072226604
"AIC" 61 19577.9465993509 18841.0257120006 18732.4533006509 19861.2347202075 19115.1613780779 19006.3257082009
"BIC" 61 19703.8752034892 18978.0656635629 18880.6045996371 19979.7557593965 19244.7937646909 19147.0694422378
"ICL" 61 19707.8378829707 18987.7648659418 18888.9435090184 19982.5108862528 19258.9092710562 19159.625779439
"AWE" 61 20003.7664871091 19309.8048175041 19237.0948080047 20261.0319254418 19563.5416576691 19490.369513476
"AIC" 62 20165.6058795037 19373.3821741628 19245.8576567765 20398.5602842444 19681.331996751 19555.7747339491
"BIC" 62 20291.534483642 19510.4221257251 19394.0089557627 20517.0813234334 19810.964383364 19696.5184679861
"ICL" 62 20295.8802126314 19525.48559383 19404.3441714947 20519.4523973388 19830.7564188941 19711.2236849306
"AWE" 62 20591.8088167697 19847.5255453923 19752.495470481 20797.9734365278 20135.388805507 20041.9674189675
"AIC" 63 19650.21507362 18954.3820830322 18844.1955846036 19927.1969594928 19256.9664924401 19148.8271244878
"BIC" 63 19776.1436777583 19091.4220345945 18992.3468835898 20045.7179986818 19386.598879053 19289.5708585248
"ICL" 63 19783.3530487737 19105.9503102589 19005.4473829388 20051.2955345025 19403.7517174038 19304.8222175205
"AWE" 63 20079.281652912 19427.9902618211 19353.598681925 20329.8165736915 19708.3841040168 19635.5659515575
"AIC" 64 19704.8646437064 18993.2002440843 19003.7405305114 19976.8378566625 19285.5790555043 19277.445144059
"BIC" 64 19830.7932478447 19130.2401956466 19151.8918294977 20095.3588958515 19415.2114421173 19418.1888780959
"ICL" 64 19835.6278424448 19144.2152417629 19157.3273077534 20100.722719423 19432.2375897494 19424.0276667629
"AWE" 64 20131.5564465831 19466.2551933252 19505.4786067397 20379.243758612 19736.8699763624 19754.7714007999
"AIC" 65 20367.7767278852 19633.045897513 19520.319777883 20645.6063918451 19924.7226283387 19812.1039823613
"BIC" 65 20493.7053320235 19770.0858490753 19668.4710768693 20764.1274310341 20054.3550149517 19952.8477163983
"ICL" 65 20495.3479751171 19785.7843322826 19681.0803679074 20765.1881288272 20073.1946226924 19967.9524090831
"AWE" 65 20791.2765792554 20107.8242838449 20029.2316668936 21043.7091680162 20377.8270093054 20298.69614312
"AIC" 66 20009.4234122339 19283.5841883272 19197.7913714066 20314.2842263734 19598.4247815271 19511.329654889
"BIC" 66 20135.3520163722 19420.6241398895 19345.9426703928 20432.8052655624 19728.0571681401 19652.073388926
"ICL" 66 20138.7345116685 19434.1020874 19357.5655719127 20436.1369411921 19744.0037090948 19665.4857788252
"AWE" 66 20434.6631158068 19756.1420389622 19705.716870899 20714.6579803811 20048.6360957078 19996.2295128621
"AIC" 67 20028.8611479166 19322.7890181758 19230.7152335245 20301.2017407731 19606.0172666559 20116.6112685875
"BIC" 67 20154.7897520549 19459.8289697381 19378.8665325107 20419.7227799621 19735.6496532689 20257.3550026245
"ICL" 67 20160.0621897716 19479.9514769169 19394.5871293053 20427.6061037425 19759.0981394092 20260.9915447486
"AWE" 67 20455.9907939099 19801.9914284792 19742.7384282916 20706.1271429315 20063.7305260222 20591.7352787856
"AIC" 68 19679.7730240094 18973.0481829312 18871.2562196831 20508.4727896529 19261.3202577155 19159.6608073423
"BIC" 68 19805.7016281477 19110.0881344935 19019.4075186694 20626.9938288419 19390.9526443285 19300.4045413792
"ICL" 68 19809.0017505286 19117.7033048283 19027.0486257291 20627.0473198627 19400.1858968668 19308.7736852073
"AWE" 68 20104.9303546669 19439.7432563906 19375.1999247154 20905.5683590517 19704.8182834798 19639.5174192442
"AIC" 69 20298.7151126637 19546.7969416089 19457.2173234741 20616.8801359938 19872.8662382008 19781.6614056304
"BIC" 69 20424.643716802 19683.8368931712 19605.3686224604 20735.4011751828 20002.4986248138 19922.4051396673
"ICL" 69 20428.1815573629 19699.0971653006 19619.1090575014 20739.8024217628 20020.9140682243 19936.9577433591
"AWE" 69 20724.1101615012 20021.1371168629 19967.2603564877 21018.3234609518 20325.5464548373 20267.7014773961
"AIC" 70 20141.0717980703 19424.8044529757 19320.9229626222 20432.4900102102 19726.1390885256 19740.9657402968
"BIC" 70 20267.0004022086 19561.844404538 19469.0742616084 20551.0110493992 19855.7714751386 19881.7094743337
"ICL" 70 20274.9349080936 19576.788272672 19481.5081140749 20559.0449323745 19874.9425675156 19890.9617711171
"AWE" 70 20570.8635122319 19898.8282242343 19829.6594130612 20837.5659715635 20179.5749541285 20221.705505154
"AIC" 71 19237.8814303451 18529.9160870676 18557.6543825062 19504.4319489154 18798.9969257418 18709.8449970104
"BIC" 71 19363.8100344834 18666.9560386299 18705.8056814925 19622.9529881044 18928.6293123547 18850.5887310474
"ICL" 71 19369.4744748218 18683.6363656001 18711.9177612434 19631.3874399377 18949.2077504897 18871.0647199057
"AWE" 71 19665.4030789601 19005.6763171624 19060.0690602296 19909.9084791267 19253.8401371026 19201.8084539426
"AIC" 72 19338.6371557249 18755.4294757372 18684.9967001885 19630.8292833283 19050.2115196928 18979.9037523635
"BIC" 72 19464.5657598632 18892.4694272995 18833.1479991748 19749.3503225173 19179.8439063057 19120.6474864004
"ICL" 72 19468.7212078742 18900.4488753794 18838.8411497865 19756.4394293285 19192.4001359564 19130.8101067671
"AWE" 72 19764.6498120125 19222.4888269417 19186.9924487727 20034.9604685175 19497.0325225694 19461.553840804
"AIC" 60 20041.2979094431 19301.6952106667 19175.6026793724 20312.406550422 19577.6678181204 19451.7838547141
"BIC" 60 20167.2265135814 19438.735162229 19323.7539783587 20430.927589611 19707.3002047333 19592.5275887511
"ICL" 60 20171.6582859968 19448.0746447202 19329.7357000373 20434.5705237336 19723.2035069828 19601.1860658762
"AWE" 60 20467.5868901351 19770.1145962825 19677.8869990235 20713.0915629226 20027.8358935958 19931.9297999132
"AIC" 31 20422.2594079434 19600.6021567719 19513.3912211713 20733.406458412 19915.6467617709 19829.8916041531
"BIC" 31 20548.1880120817 19737.6421083342 19661.5425201576 20851.927497601 20045.2791483839 19970.63533819
"ICL" 31 20555.7740635994 19758.2839882497 19674.7997174132 20861.3126733688 20070.4465315174 19989.8631199915
"AWE" 31 20851.7026677377 20080.323939812 20022.9510163995 21139.8337125578 20375.0789181304 20320.6068540284
"AIC" 32 19388.6651119312 18787.8409536308 18684.5021995853 19698.0448803887 19104.2263806122 19001.8669216804
"BIC" 32 19514.5937160695 18924.8809051931 18832.6534985715 19816.5659195777 19233.8587672252 19142.6106557174
"ICL" 32 19521.1901955199 18938.8853456319 18843.1933553943 19824.5933651626 19252.3620920321 19155.4651063171
"AWE" 32 19817.1187996582 19260.9252971941 19191.3446543806 20103.1144043516 19556.9944786451 19486.2088403541
"AIC" 33 20389.0709773552 19562.3454347415 19456.357762581 20713.6118870803 19903.1153015724 19799.6344673616
"BIC" 33 20514.9995814935 19699.3853863038 19604.5090615672 20832.1329262693 20032.7476881853 19940.3782013986
"ICL" 33 20517.1748240708 19712.6988062241 19614.4222955304 20838.3102973319 20055.2746169864 19956.0076626789
"AWE" 33 20813.1034282091 20034.7387577864 19962.5735945166 21116.8313365209 20359.9070035993 20286.7513967159
"AIC" 34 19650.340570288 19045.9900352528 18938.3814374657 19913.6369081945 19322.2313874596 19309.6981432381
"BIC" 34 19776.2691744263 19183.0299868151 19086.5327364519 20032.1579473835 19451.8637740725 19450.441877275
"ICL" 34 19780.4741861612 19199.5594053271 19098.2103542063 20036.8616960419 19469.8011143408 19457.8415350206
"AWE" 34 20076.4027902995 19521.5993568894 19446.3616531926 20315.3827352309 19774.4335009538 19788.5852690575
"AIC" 35 19586.2705819173 18801.6552561514 18769.7043253999 19875.0635384707 19093.5441948682 19052.1260687905
"BIC" 35 19712.1991860556 18938.6952077137 18917.8556243862 19993.5845776597 19223.1765814812 19192.8698028274
"ICL" 35 19714.0821133714 18947.2143404122 18920.8933691397 19996.6269461154 19234.2040662909 19195.8622360588
"AWE" 35 20010.0107175098 19269.2542919745 19269.0446681259 20275.1479853044 19538.8364529039 19526.6059700957
"AIC" 36 19943.6161202849 19200.3610442501 19095.7057803985 20255.5858466698 19522.7206510222 19418.7358000347
"BIC" 36 20069.5447244232 19337.4009958124 19243.8570793847 20374.1068858588 19652.3530376352 19559.4795340717
"ICL" 36 20073.8878831866 19349.0780376173 19251.1463851058 20379.9659245047 19668.8102060274 19570.1022328342
"AWE" 36 20369.816487325 19671.1179891795 19599.2976840921 20658.4869636937 19973.4425926403 19900.8459668712
"AIC" 37 19813.0817912632 19156.958209146 19050.6467959035 20106.7194820192 19458.2497810189 19353.0842176158
"BIC" 37 19939.0103954015 19293.9981607083 19198.7980948898 20225.2405212082 19587.8821676318 19493.8279516527
"ICL" 37 19943.8154691715 19314.6734092402 19215.574470564 20232.1079871763 19610.309877156 19511.925178589
"AWE" 37 20239.7440733098 19636.7133608024 19563.7257695503 20510.6290263653 19914.9422637689 19842.6689126259
"AIC" 38 19930.6498129743 19213.082845913 19127.8810870278 20241.7307250718 19524.1752939617 19438.0354652188
"BIC" 38 20056.5784171126 19350.1227974753 19276.0323860141 20360.2517642608 19653.8076805747 19578.7791992557
"ICL" 38 20061.5566599214 19368.3319160283 19289.067678071 20366.4262826445 19674.9992491622 19593.9883937147
"AWE" 38 20357.4852640598 19690.3718675905 19637.2189770572 20644.9473218335 19979.6316357752 19924.7321277516
"AIC" 39 20629.1867220817 19234.5845594253 19121.8061022374 20884.1349036397 19533.2998137846 19502.1922472141
"BIC" 39 20755.11532622 19371.6245109876 19269.9574012236 21002.6559428287 19662.9322003976 19642.9359812511
"ICL" 39 20755.3246566433 19380.8265956543 19280.1172950866 21002.947165512 19676.5170424985 19648.713163942
"AWE" 39 21051.2532607816 19702.8665472166 19628.2685940728 21281.468204701 19981.1494291115 19979.4568979789
"AIC" 40 19615.4079491924 18964.4166908819 18871.455892228 19921.3901327932 19251.611479375 19157.9800974336
"BIC" 40 19741.3365533307 19101.4566424442 19019.6071912143 20039.9111719822 19381.243865988 19298.7238314705
"ICL" 40 19745.7378614184 19110.1694459415 19026.4479095727 20042.9144975358 19390.105409745 19306.137104715
"AWE" 40 20041.6664655567 19432.2093975038 19374.599208559 20321.4355367248 19694.737796358 19636.8808387519
"AIC" 41 19612.2983710668 18860.2351658941 18783.878700853 19902.2489268668 19160.5822699808 19084.0389750013
"BIC" 41 19738.2269752051 18997.2751174564 18932.0299998393 20020.7699660558 19290.2146565938 19224.7827090383
"ICL" 41 19742.0562367048 19001.8139994558 18935.2288597754 20022.9109748273 19298.6057947474 19231.1029229556
"AWE" 41 20037.9848408431 19323.8539510181 19283.3801587617 20301.4320140163 19603.2381813604 19561.8466569925
"AIC" 42 20207.1825382241 19476.0221417278 19352.2395373887 20484.4214096381 19764.0869953167 19639.3694120667
"BIC" 42 20333.1111423624 19613.06209329 19500.3908363749 20602.9424488271 19893.7193819297 19780.1131461036
"ICL" 42 20338.5697613301 19633.7098880439 19518.6025923972 20609.9448305851 19918.603218001 19801.5092932451
"AWE" 42 20634.4983654684 19955.7498396061 19866.7538913834 20888.4658697741 20223.235604614 20132.2530272821
"AIC" 43 19990.3009033312 19282.5037328247 19184.6499095706 20255.1325949181 19567.5390911335 19471.3980552044
"BIC" 43 20116.2295074695 19419.543684387 19332.8012085569 20373.6536341071 19697.1714777465 19612.1417892414
"ICL" 43 20122.3078072248 19437.6224981704 19347.2075830291 20379.7048390535 19719.5784214292 19631.7610217938
"AWE" 43 20418.2364113631 19759.6624497327 19695.3588820154 20658.2258782425 20024.2108080421 19962.5047558307
"AIC" 44 19815.1369791688 19087.9294583994 19008.1328983073 20128.7398387555 19420.601024918 19338.5418987556
"BIC" 44 19941.0655833071 19224.9694099617 19156.2841972936 20247.2608779445 19550.2334115309 19479.2856327926
"ICL" 44 19945.2831581195 19234.1084842791 19162.2443732295 20250.9651190465 19562.2785825619 19485.8635111314
"AWE" 44 20241.2117622578 19556.1484358414 19510.3956722157 20529.4861582355 19866.9109691749 19816.6072451684
"AIC" 45 19737.9897750496 19032.6410609328 18924.3573461169 20042.0688856899 19343.7045506505 19237.3260872863
"BIC" 45 19863.9183791879 19169.6810124951 19072.5086451031 20160.5899248789 19473.3369372635 19378.0698213232
"ICL" 45 19867.9085406451 19179.4651713997 19080.4576488286 20166.0787042131 19487.4261106769 19388.7003441017
"AWE" 45 20163.8371447834 19501.5051229619 19428.6089478148 20444.5997434021 19792.0584972899 19719.4440781386
"AIC" 56 19983.2217553736 19285.7588880606 19179.3584555798 20266.9816652594 19570.4179550711 19464.7608780697
"BIC" 56 20109.1503595119 19422.7988396229 19327.5097545661 20385.5027044484 19700.0503416841 19605.5046121066
"ICL" 56 20114.4204581069 19432.1711340012 19335.5497881969 20389.4576232579 19713.0368075599 19614.9630889546
"AWE" 56 20410.3490622452 19754.2110855635 19683.7010871831 20667.9786624469 20017.6691941729 19945.7068229915
"AIC" 55 19846.9043062814 19092.5459848731 18971.2021384558 20163.7109383439 19435.6795863662 19313.3748119138
"BIC" 55 19972.8329104197 19229.5859364354 19119.353437442 20282.2319775329 19565.3119729791 19454.1185459508
"ICL" 55 19977.6909005811 19238.750367269 19127.0395422428 20285.8205793955 19579.7099108948 19465.2019934018
"AWE" 55 20273.6195047194 19560.7903188313 19475.190841229 20564.3416185845 19884.3422975078 19795.9457274388
