"AIC" 57 3 3 2 1
"BIC" 57 2 2 2 1
"ICL" 57 3 3 2 1
"AWE" 57 2 2 2 1
"AIC" 58 3 3 2 1
"BIC" 58 3 3 2 1
"ICL" 58 3 3 2 1
"AWE" 58 3 3 2 1
"AIC" 49 3 3 2 1
"BIC" 49 3 3 2 1
"ICL" 49 3 3 2 1
"AWE" 49 3 3 2 1
"AIC" 76 3 3 2 1
"BIC" 76 3 3 2 1
"ICL" 76 3 3 2 1
"AWE" 76 3 3 2 1
"AIC" 77 3 3 2 1
"BIC" 77 3 3 2 1
"ICL" 77 3 3 2 1
"AWE" 77 3 3 2 1
"AIC" 78 3 3 2 1
"BIC" 78 3 3 2 1
"ICL" 78 3 3 2 1
"AWE" 78 3 3 2 1
"AIC" 79 2 2 2 1
"BIC" 79 2 2 2 1
"ICL" 79 2 2 2 1
"AWE" 79 2 2 2 1
"AIC" 80 3 3 2 1
"BIC" 80 3 3 2 1
"ICL" 80 3 3 2 1
"AWE" 80 3 3 2 1
"AIC" 81 3 3 2 1
"BIC" 81 3 3 2 1
"ICL" 81 3 3 2 1
"AWE" 81 3 3 2 1
"AIC" 82 3 3 2 1
"BIC" 82 3 3 2 1
"ICL" 82 3 3 2 1
"AWE" 82 3 3 2 1
"AIC" 83 3 3 2 1
"BIC" 83 3 3 2 1
"ICL" 83 3 3 2 1
"AWE" 83 3 3 2 1
"AIC" 84 3 3 2 1
"BIC" 84 3 3 2 1
"ICL" 84 3 3 2 1
"AWE" 84 3 3 2 1
"AIC" 85 3 3 2 1
"BIC" 85 3 3 2 1
"ICL" 85 3 3 2 1
"AWE" 85 3 3 2 1
"AIC" 86 3 3 2 1
"BIC" 86 3 3 2 1
"ICL" 86 3 3 2 1
"AWE" 86 3 3 2 1
"AIC" 87 3 3 2 1
"BIC" 87 3 3 2 1
"ICL" 87 3 3 2 1
"AWE" 87 3 3 2 1
"AIC" 88 3 3 2 1
"BIC" 88 3 3 2 1
"ICL" 88 3 3 2 1
"AWE" 88 3 3 2 1
"AIC" 89 3 3 2 1
"BIC" 89 3 3 2 1
"ICL" 89 3 3 2 1
"AWE" 89 3 3 2 1
"AIC" 90 3 3 2 1
"BIC" 90 3 3 2 1
"ICL" 90 3 3 2 1
"AWE" 90 3 3 2 1
"AIC" 91 3 3 2 1
"BIC" 91 3 3 2 1
"ICL" 91 3 3 2 1
"AWE" 91 3 3 2 1
"AIC" 92 3 3 2 1
"BIC" 92 3 3 2 1
"ICL" 92 3 3 2 1
"AWE" 92 3 3 2 1
"AIC" 93 3 3 2 1
"BIC" 93 3 3 2 1
"ICL" 93 3 3 2 1
"AWE" 93 3 3 2 1
"AIC" 94 3 3 2 1
"BIC" 94 3 3 2 1
"ICL" 94 3 3 2 1
"AWE" 94 3 3 2 1
"AIC" 95 3 3 2 1
"BIC" 95 3 3 2 1
"ICL" 95 3 3 2 1
"AWE" 95 3 3 2 1
"AIC" 96 3 3 2 1
"BIC" 96 3 3 2 1
"ICL" 96 3 3 2 1
"AWE" 96 3 3 2 1
"AIC" 74 3 3 2 1
"BIC" 74 3 3 2 1
"ICL" 74 3 3 2 1
"AWE" 74 3 3 2 1
"AIC" 75 3 3 2 1
"BIC" 75 3 3 2 1
"ICL" 75 3 3 2 1
"AWE" 75 3 3 2 1
"AIC" 73 3 3 2 1
"BIC" 73 3 3 2 1
"ICL" 73 3 3 2 1
"AWE" 73 3 3 2 1
"AIC" 53 3 3 2 1
"BIC" 53 3 3 2 1
"ICL" 53 3 3 2 1
"AWE" 53 2 2 2 1
"AIC" 54 3 3 2 1
"BIC" 54 3 3 2 1
"ICL" 54 3 3 2 1
"AWE" 54 3 3 2 1
"AIC" 97 2 2 2 1
"BIC" 97 2 2 2 1
"ICL" 97 2 2 2 1
"AWE" 97 2 2 2 1
"AIC" 98 3 3 2 1
"BIC" 98 3 3 2 1
"ICL" 98 3 3 2 1
"AWE" 98 3 3 2 1
"AIC" 99 3 3 2 1
"BIC" 99 3 3 2 1
"ICL" 99 3 3 2 1
"AWE" 99 3 3 2 1
"AIC" 100 3 3 2 1
"BIC" 100 3 3 2 1
"ICL" 100 3 3 2 1
"AWE" 100 3 3 2 1
"AIC" 51 3 3 2 1
"BIC" 51 3 3 2 1
"ICL" 51 3 3 2 1
"AWE" 51 3 3 2 1
"AIC" 52 3 3 2 1
"BIC" 52 3 3 2 1
"ICL" 52 3 3 2 1
"AWE" 52 3 3 2 1
"AIC" 50 3 3 2 1
"BIC" 50 3 3 2 1
"ICL" 50 3 3 2 1
"AWE" 50 3 3 2 1
"AIC" 1 3 3 2 1
"BIC" 1 3 3 2 1
"ICL" 1 3 3 2 1
"AWE" 1 3 3 2 1
"AIC" 2 3 3 2 1
"BIC" 2 3 3 2 1
"ICL" 2 3 3 2 1
"AWE" 2 3 3 2 1
"AIC" 3 3 3 2 1
"BIC" 3 3 3 2 1
"ICL" 3 3 3 2 1
"AWE" 3 3 3 2 1
"AIC" 4 3 3 2 1
"BIC" 4 3 3 2 1
"ICL" 4 3 3 2 1
"AWE" 4 3 3 2 1
"AIC" 5 3 3 2 1
"BIC" 5 3 3 2 1
"ICL" 5 3 3 2 1
"AWE" 5 3 3 2 1
"AIC" 6 3 3 2 1
"BIC" 6 3 3 2 1
"ICL" 6 3 3 2 1
"AWE" 6 3 3 2 1
"AIC" 7 3 3 2 1
"BIC" 7 3 3 2 1
"ICL" 7 3 3 2 1
"AWE" 7 3 3 2 1
"AIC" 8 3 3 2 1
"BIC" 8 3 3 2 1
"ICL" 8 3 3 2 1
"AWE" 8 3 3 2 1
"AIC" 9 3 3 2 1
"BIC" 9 3 3 2 1
"ICL" 9 3 3 2 1
"AWE" 9 3 3 2 1
"AIC" 10 3 3 2 1
"BIC" 10 3 3 2 1
"ICL" 10 3 3 2 1
"AWE" 10 3 3 2 1
"AIC" 11 3 3 2 1
"BIC" 11 3 3 2 1
"ICL" 11 3 3 2 1
"AWE" 11 3 3 2 1
"AIC" 12 3 3 2 1
"BIC" 12 3 3 2 1
"ICL" 12 3 3 2 1
"AWE" 12 3 3 2 1
"AIC" 13 3 3 2 1
"BIC" 13 3 3 2 1
"ICL" 13 3 3 2 1
"AWE" 13 3 3 2 1
"AIC" 14 3 3 2 1
"BIC" 14 3 3 2 1
"ICL" 14 3 3 2 1
"AWE" 14 3 3 2 1
"AIC" 15 3 3 2 1
"BIC" 15 3 3 2 1
"ICL" 15 3 3 2 1
"AWE" 15 3 3 2 1
"AIC" 16 3 3 2 1
"BIC" 16 3 3 2 1
"ICL" 16 3 3 2 1
"AWE" 16 3 3 2 1
"AIC" 17 3 3 2 1
"BIC" 17 3 3 2 1
"ICL" 17 3 3 2 1
"AWE" 17 3 3 2 1
"AIC" 18 3 3 2 1
"BIC" 18 3 3 2 1
"ICL" 18 3 3 2 1
"AWE" 18 3 3 2 1
"AIC" 19 3 3 2 1
"BIC" 19 3 3 2 1
"ICL" 19 3 3 2 1
"AWE" 19 3 3 2 1
"AIC" 20 3 3 2 1
"BIC" 20 3 3 2 1
"ICL" 20 3 3 2 1
"AWE" 20 3 3 2 1
"AIC" 21 3 3 2 1
"BIC" 21 3 3 2 1
"ICL" 21 3 3 2 1
"AWE" 21 3 3 2 1
"AIC" 22 3 3 2 1
"BIC" 22 3 3 2 1
"ICL" 22 3 3 2 1
"AWE" 22 3 3 2 1
"AIC" 23 3 3 2 1
"BIC" 23 3 3 2 1
"ICL" 23 3 3 2 1
"AWE" 23 3 3 2 1
"AIC" 24 3 3 2 1
"BIC" 24 3 3 2 1
"ICL" 24 3 3 2 1
"AWE" 24 2 2 2 1
"AIC" 25 3 3 2 1
"BIC" 25 3 3 2 1
"ICL" 25 3 3 2 1
"AWE" 25 3 3 2 1
"AIC" 26 3 3 2 1
"BIC" 26 2 2 2 1
"ICL" 26 3 3 2 1
"AWE" 26 2 2 2 1
"AIC" 27 3 3 2 1
"BIC" 27 3 3 2 1
"ICL" 27 3 3 2 1
"AWE" 27 3 3 2 1
"AIC" 28 3 3 2 1
"BIC" 28 3 3 2 1
"ICL" 28 3 3 2 1
"AWE" 28 3 3 2 1
"AIC" 29 3 3 2 1
"BIC" 29 3 3 2 1
"ICL" 29 3 3 2 1
"AWE" 29 3 3 2 1
"AIC" 30 3 3 2 1
"BIC" 30 3 3 2 1
"ICL" 30 3 3 2 1
"AWE" 30 3 3 2 1
"AIC" 59 3 3 2 1
"BIC" 59 3 3 2 1
"ICL" 59 3 3 2 1
"AWE" 59 3 3 2 1
"AIC" 46 3 3 2 1
"BIC" 46 3 3 2 1
"ICL" 46 3 3 2 1
"AWE" 46 3 3 2 1
"AIC" 47 3 3 2 1
"BIC" 47 3 3 2 1
"ICL" 47 3 3 2 1
"AWE" 47 3 3 2 1
"AIC" 48 3 3 2 1
"BIC" 48 3 3 2 1
"ICL" 48 3 3 2 1
"AWE" 48 3 3 2 1
"AIC" 61 3 3 2 1
"BIC" 61 3 3 2 1
"ICL" 61 3 3 2 1
"AWE" 61 3 3 2 1
"AIC" 62 3 3 2 1
"BIC" 62 3 3 2 1
"ICL" 62 3 3 2 1
"AWE" 62 3 3 2 1
"AIC" 63 3 3 2 1
"BIC" 63 3 3 2 1
"ICL" 63 3 3 2 1
"AWE" 63 3 3 2 1
"AIC" 64 2 2 2 1
"BIC" 64 2 2 2 1
"ICL" 64 2 2 2 1
"AWE" 64 2 2 2 1
"AIC" 65 3 3 2 1
"BIC" 65 3 3 2 1
"ICL" 65 3 3 2 1
"AWE" 65 3 3 2 1
"AIC" 66 3 3 2 1
"BIC" 66 3 3 2 1
"ICL" 66 3 3 2 1
"AWE" 66 3 3 2 1
"AIC" 67 3 3 2 1
"BIC" 67 3 3 2 1
"ICL" 67 3 3 2 1
"AWE" 67 3 3 2 1
"AIC" 68 3 3 2 1
"BIC" 68 3 3 2 1
"ICL" 68 3 3 2 1
"AWE" 68 3 3 2 1
"AIC" 69 3 3 2 1
"BIC" 69 3 3 2 1
"ICL" 69 3 3 2 1
"AWE" 69 3 3 2 1
"AIC" 70 3 3 2 1
"BIC" 70 3 3 2 1
"ICL" 70 3 3 2 1
"AWE" 70 3 3 2 1
"AIC" 71 2 2 2 1
"BIC" 71 2 2 2 1
"ICL" 71 2 2 2 1
"AWE" 71 2 2 2 1
"AIC" 72 3 3 2 1
"BIC" 72 3 3 2 1
"ICL" 72 3 3 2 1
"AWE" 72 3 3 2 1
"AIC" 60 3 3 2 1
"BIC" 60 3 3 2 1
"ICL" 60 3 3 2 1
"AWE" 60 3 3 2 1
"AIC" 31 3 3 2 1
"BIC" 31 3 3 2 1
"ICL" 31 3 3 2 1
"AWE" 31 3 3 2 1
"AIC" 32 3 3 2 1
"BIC" 32 3 3 2 1
"ICL" 32 3 3 2 1
"AWE" 32 3 3 2 1
"AIC" 33 3 3 2 1
"BIC" 33 3 3 2 1
"ICL" 33 3 3 2 1
"AWE" 33 3 3 2 1
"AIC" 34 3 3 2 1
"BIC" 34 3 3 2 1
"ICL" 34 3 3 2 1
"AWE" 34 3 3 2 1
"AIC" 35 3 3 2 1
"BIC" 35 3 3 2 1
"ICL" 35 3 3 2 1
"AWE" 35 3 3 2 1
"AIC" 36 3 3 2 1
"BIC" 36 3 3 2 1
"ICL" 36 3 3 2 1
"AWE" 36 3 3 2 1
"AIC" 37 3 3 2 1
"BIC" 37 3 3 2 1
"ICL" 37 3 3 2 1
"AWE" 37 3 3 2 1
"AIC" 38 3 3 2 1
"BIC" 38 3 3 2 1
"ICL" 38 3 3 2 1
"AWE" 38 3 3 2 1
"AIC" 39 3 3 2 1
"BIC" 39 3 3 2 1
"ICL" 39 3 3 2 1
"AWE" 39 3 3 2 1
"AIC" 40 3 3 2 1
"BIC" 40 3 3 2 1
"ICL" 40 3 3 2 1
"AWE" 40 3 3 2 1
"AIC" 41 3 3 2 1
"BIC" 41 3 3 2 1
"ICL" 41 3 3 2 1
"AWE" 41 3 3 2 1
"AIC" 42 3 3 2 1
"BIC" 42 3 3 2 1
"ICL" 42 3 3 2 1
"AWE" 42 3 3 2 1
"AIC" 43 3 3 2 1
"BIC" 43 3 3 2 1
"ICL" 43 3 3 2 1
"AWE" 43 3 3 2 1
"AIC" 44 3 3 2 1
"BIC" 44 3 3 2 1
"ICL" 44 3 3 2 1
"AWE" 44 3 3 2 1
"AIC" 45 3 3 2 1
"BIC" 45 3 3 2 1
"ICL" 45 3 3 2 1
"AWE" 45 3 3 2 1
"AIC" 56 3 3 2 1
"BIC" 56 3 3 2 1
"ICL" 56 3 3 2 1
"AWE" 56 3 3 2 1
"AIC" 55 3 3 2 1
"BIC" 55 3 3 2 1
"ICL" 55 3 3 2 1
"AWE" 55 3 3 2 1
