"Subj" "x0" "x1" "x2"
1 1 1 -0.829
1 1 2 -0.829
1 1 4 -0.829
1 1 6 -0.829
1 1 7 -0.829
1 1 8 -0.829
1 1 9 -0.829
1 1 10 -0.829
2 1 2 -0.515
2 1 3 -0.515
2 1 4 -0.515
2 1 5 -0.515
2 1 6 -0.515
2 1 7 -0.515
3 1 2 1.38
3 1 5 1.38
3 1 6 1.38
3 1 8 1.38
3 1 9 1.38
3 1 10 1.38
4 1 1 0.364
4 1 3 0.364
4 1 5 0.364
4 1 6 0.364
4 1 8 0.364
4 1 9 0.364
4 1 10 0.364
5 1 1 -1.334
5 1 2 -1.334
5 1 3 -1.334
5 1 4 -1.334
5 1 5 -1.334
5 1 6 -1.334
5 1 8 -1.334
5 1 9 -1.334
5 1 10 -1.334
6 1 1 0.989
6 1 2 0.989
6 1 3 0.989
6 1 4 0.989
6 1 5 0.989
6 1 8 0.989
6 1 9 0.989
7 1 1 0.73
7 1 2 0.73
7 1 4 0.73
7 1 5 0.73
7 1 6 0.73
7 1 7 0.73
7 1 8 0.73
7 1 9 0.73
7 1 10 0.73
8 1 1 0.15
8 1 2 0.15
8 1 4 0.15
8 1 5 0.15
8 1 6 0.15
8 1 7 0.15
8 1 9 0.15
8 1 10 0.15
9 1 1 1.275
9 1 2 1.275
9 1 3 1.275
9 1 4 1.275
9 1 6 1.275
9 1 7 1.275
9 1 9 1.275
9 1 10 1.275
10 1 1 -0.21
10 1 3 -0.21
10 1 4 -0.21
10 1 6 -0.21
10 1 7 -0.21
10 1 8 -0.21
10 1 9 -0.21
10 1 10 -0.21
11 1 2 -0.66
11 1 3 -0.66
11 1 6 -0.66
11 1 7 -0.66
11 1 8 -0.66
11 1 9 -0.66
11 1 10 -0.66
12 1 1 -0.282
12 1 3 -0.282
12 1 7 -0.282
12 1 9 -0.282
12 1 10 -0.282
13 1 1 0.173
13 1 2 0.173
13 1 3 0.173
13 1 4 0.173
13 1 5 0.173
13 1 6 0.173
13 1 7 0.173
13 1 9 0.173
14 1 1 0.124
14 1 2 0.124
14 1 3 0.124
14 1 4 0.124
14 1 5 0.124
14 1 6 0.124
14 1 7 0.124
14 1 8 0.124
14 1 10 0.124
15 1 1 -0.341
15 1 2 -0.341
15 1 3 -0.341
15 1 4 -0.341
15 1 5 -0.341
15 1 6 -0.341
15 1 9 -0.341
15 1 10 -0.341
16 1 2 0.103
16 1 3 0.103
16 1 5 0.103
16 1 6 0.103
16 1 7 0.103
16 1 8 0.103
16 1 9 0.103
16 1 10 0.103
17 1 1 -0.176
17 1 2 -0.176
17 1 3 -0.176
17 1 4 -0.176
17 1 5 -0.176
17 1 7 -0.176
17 1 8 -0.176
17 1 9 -0.176
18 1 1 2.445
18 1 2 2.445
18 1 3 2.445
18 1 4 2.445
18 1 5 2.445
18 1 6 2.445
18 1 7 2.445
18 1 8 2.445
18 1 9 2.445
19 1 1 -0.402
19 1 2 -0.402
19 1 3 -0.402
19 1 5 -0.402
19 1 6 -0.402
19 1 8 -0.402
19 1 10 -0.402
20 1 1 0.461
20 1 2 0.461
20 1 3 0.461
20 1 4 0.461
20 1 5 0.461
20 1 6 0.461
20 1 9 0.461
20 1 10 0.461
21 1 2 -0.883
21 1 3 -0.883
21 1 4 -0.883
21 1 7 -0.883
21 1 9 -0.883
21 1 10 -0.883
22 1 1 -1.408
22 1 2 -1.408
22 1 3 -1.408
22 1 4 -1.408
22 1 6 -1.408
22 1 7 -1.408
22 1 8 -1.408
22 1 9 -1.408
22 1 10 -1.408
23 1 1 -0.095
23 1 2 -0.095
23 1 3 -0.095
23 1 4 -0.095
23 1 6 -0.095
23 1 7 -0.095
23 1 8 -0.095
23 1 9 -0.095
23 1 10 -0.095
24 1 1 -1.286
24 1 2 -1.286
24 1 4 -1.286
24 1 5 -1.286
24 1 6 -1.286
24 1 7 -1.286
24 1 8 -1.286
24 1 9 -1.286
24 1 10 -1.286
25 1 1 1.238
25 1 2 1.238
25 1 3 1.238
25 1 4 1.238
25 1 5 1.238
25 1 7 1.238
25 1 8 1.238
25 1 9 1.238
26 1 1 -0.426
26 1 2 -0.426
26 1 3 -0.426
26 1 4 -0.426
26 1 5 -0.426
26 1 7 -0.426
26 1 8 -0.426
26 1 9 -0.426
27 1 1 -1.066
27 1 2 -1.066
27 1 3 -1.066
27 1 4 -1.066
27 1 5 -1.066
27 1 6 -1.066
27 1 7 -1.066
27 1 8 -1.066
27 1 10 -1.066
28 1 1 -0.138
28 1 2 -0.138
28 1 3 -0.138
28 1 6 -0.138
28 1 7 -0.138
28 1 8 -0.138
28 1 10 -0.138
29 1 2 0.532
29 1 3 0.532
29 1 4 0.532
29 1 5 0.532
29 1 6 0.532
29 1 7 0.532
29 1 8 0.532
29 1 9 0.532
29 1 10 0.532
30 1 1 0.863
30 1 2 0.863
30 1 3 0.863
30 1 4 0.863
30 1 5 0.863
30 1 6 0.863
30 1 7 0.863
30 1 8 0.863
30 1 9 0.863
30 1 10 0.863
31 1 1 -1.437
31 1 2 -1.437
31 1 3 -1.437
31 1 4 -1.437
31 1 5 -1.437
31 1 6 -1.437
31 1 7 -1.437
31 1 8 -1.437
31 1 9 -1.437
31 1 10 -1.437
32 1 1 1.372
32 1 2 1.372
32 1 3 1.372
32 1 4 1.372
32 1 5 1.372
32 1 6 1.372
32 1 7 1.372
32 1 8 1.372
32 1 9 1.372
32 1 10 1.372
33 1 1 0.611
33 1 2 0.611
33 1 3 0.611
33 1 4 0.611
33 1 6 0.611
33 1 7 0.611
33 1 9 0.611
33 1 10 0.611
34 1 1 -0.222
34 1 2 -0.222
34 1 3 -0.222
34 1 4 -0.222
34 1 5 -0.222
34 1 6 -0.222
34 1 7 -0.222
34 1 8 -0.222
34 1 9 -0.222
34 1 10 -0.222
35 1 1 -0.884
35 1 2 -0.884
35 1 3 -0.884
35 1 4 -0.884
35 1 5 -0.884
35 1 6 -0.884
35 1 8 -0.884
35 1 9 -0.884
35 1 10 -0.884
36 1 1 -0.747
36 1 3 -0.747
36 1 6 -0.747
36 1 7 -0.747
36 1 8 -0.747
36 1 9 -0.747
37 1 1 -0.641
37 1 3 -0.641
37 1 5 -0.641
37 1 6 -0.641
37 1 8 -0.641
37 1 9 -0.641
38 1 1 1.721
38 1 3 1.721
38 1 4 1.721
38 1 5 1.721
38 1 6 1.721
38 1 9 1.721
38 1 10 1.721
39 1 2 -0.199
39 1 4 -0.199
39 1 5 -0.199
39 1 6 -0.199
39 1 7 -0.199
39 1 9 -0.199
39 1 10 -0.199
40 1 1 -0.662
40 1 2 -0.662
40 1 3 -0.662
40 1 5 -0.662
40 1 6 -0.662
40 1 7 -0.662
40 1 8 -0.662
40 1 9 -0.662
41 1 1 -1.508
41 1 2 -1.508
41 1 3 -1.508
41 1 4 -1.508
41 1 5 -1.508
41 1 6 -1.508
41 1 8 -1.508
41 1 9 -1.508
41 1 10 -1.508
42 1 1 -0.49
42 1 2 -0.49
42 1 3 -0.49
42 1 4 -0.49
42 1 5 -0.49
42 1 6 -0.49
42 1 7 -0.49
42 1 8 -0.49
42 1 9 -0.49
42 1 10 -0.49
43 1 1 -0.443
43 1 3 -0.443
43 1 4 -0.443
43 1 5 -0.443
43 1 8 -0.443
43 1 10 -0.443
44 1 3 1.39
44 1 4 1.39
44 1 5 1.39
44 1 6 1.39
44 1 7 1.39
44 1 8 1.39
44 1 10 1.39
45 1 3 -0.298
45 1 5 -0.298
45 1 6 -0.298
45 1 7 -0.298
45 1 9 -0.298
45 1 10 -0.298
46 1 1 1.17
46 1 2 1.17
46 1 5 1.17
46 1 6 1.17
46 1 7 1.17
46 1 8 1.17
46 1 9 1.17
46 1 10 1.17
47 1 1 -0.274
47 1 2 -0.274
47 1 3 -0.274
47 1 5 -0.274
47 1 6 -0.274
47 1 7 -0.274
47 1 8 -0.274
47 1 9 -0.274
48 1 1 -1.501
48 1 2 -1.501
48 1 3 -1.501
48 1 4 -1.501
48 1 5 -1.501
48 1 6 -1.501
48 1 7 -1.501
48 1 8 -1.501
48 1 9 -1.501
48 1 10 -1.501
49 1 1 -1.687
49 1 2 -1.687
49 1 3 -1.687
49 1 4 -1.687
49 1 5 -1.687
49 1 6 -1.687
49 1 7 -1.687
49 1 8 -1.687
49 1 9 -1.687
49 1 10 -1.687
50 1 1 -0.135
50 1 2 -0.135
50 1 3 -0.135
50 1 4 -0.135
50 1 5 -0.135
50 1 6 -0.135
50 1 7 -0.135
50 1 8 -0.135
