"CCR" 1 0.933333333333333 1 1 0.933333333333333 1 1
"ARI" 1 0.823005672434839 1 1 0.823005672434839 1 1
"CCR" 2 0.933333333333333 1 1 0.933333333333333 1 1
"ARI" 2 0.843738774337237 1 1 0.843738774337237 1 1
"CCR" 3 1 1 1 1 1 1
"ARI" 3 1 1 1 1 1 1
"CCR" 4 0.933333333333333 1 0.966666666666667 0.966666666666667 1 1
"ARI" 4 0.815829935156093 1 0.901447699313532 0.901447699313532 1 1
"CCR" 5 0.933333333333333 0.9 0.9 0.933333333333333 0.9 0.9
"ARI" 5 0.826084211855312 0.784082628394006 0.784082628394006 0.826084211855312 0.699868280750172 0.784082628394006
"CCR" 6 0.866666666666667 0.7 0.866666666666667 0.833333333333333 0.966666666666667 0.7
"ARI" 6 0.663084519314551 0.512069274946159 0.663084519314551 0.587757879133963 0.898981874182627 0.529842680437132
"CCR" 7 1 1 1 0.966666666666667 1 0.966666666666667
"ARI" 7 1 1 1 0.927219390315996 1 0.927219390315996
"CCR" 8 1 1 1 1 0.7 1
"ARI" 8 1 1 1 1 0.236235764941294 1
"CCR" 9 0.966666666666667 1 0.966666666666667 0.933333333333333 1 0.966666666666667
"ARI" 9 0.888775249296855 1 0.888775249296855 0.789366647298082 1 0.888775249296855
"CCR" 10 1 1 1 0.966666666666667 1 1
"ARI" 10 1 1 1 0.904961766227793 1 1
"CCR" 11 1 1 1 1 1 1
"ARI" 11 1 1 1 1 1 1
"CCR" 12 0.8 0.8 0.966666666666667 0.8 0.8 1
"ARI" 12 0.549277747302981 0.549277747302981 0.893146647015475 0.549277747302981 0.549277747302981 1
"CCR" 13 1 1 0.966666666666667 0.933333333333333 0.966666666666667 1
"ARI" 13 1 1 0.933586337760911 0.815515610217597 0.933586337760911 1
"CCR" 14 1 1 1 1 1 1
"ARI" 14 1 1 1 1 1 1
"CCR" 15 1 0.966666666666667 1 1 0.966666666666667 1
"ARI" 15 1 0.923066039404337 1 1 0.923066039404337 1
"CCR" 16 0.8 0.8 1 1 0.966666666666667 1
"ARI" 16 0.612890922959573 0.612890922959573 1 1 0.916660679646526 1
"CCR" 17 0.933333333333333 0.933333333333333 0.933333333333333 0.933333333333333 0.933333333333333 0.933333333333333
"ARI" 17 0.831493317838466 0.831493317838466 0.831493317838466 0.831493317838466 0.831493317838466 0.831493317838466
"CCR" 18 0.966666666666667 1 0.966666666666667 0.766666666666667 0.9 0.966666666666667
"ARI" 18 0.923066039404337 1 0.923066039404337 0.700756707177253 0.802597130589591 0.923066039404337
"CCR" 19 0.933333333333333 1 1 1 1 1
"ARI" 19 0.859432559943127 1 1 1 1 1
"CCR" 20 1 1 0.966666666666667 0.966666666666667 0.966666666666667 0.966666666666667
"ARI" 20 1 1 0.905214991284137 0.905214991284137 0.905214991284137 0.905214991284137
"CCR" 21 0.966666666666667 0.966666666666667 0.966666666666667 0.933333333333333 0.966666666666667 0.966666666666667
"ARI" 21 0.909960916097454 0.909960916097454 0.909960916097454 0.830838032276881 0.909960916097454 0.909960916097454
"CCR" 22 0.9 0.9 0.9 0.966666666666667 0.866666666666667 0.933333333333333
"ARI" 22 0.747257254178202 0.747257254178202 0.750120631419315 0.885408434513974 0.663084519314551 0.790174372331959
"CCR" 23 0.966666666666667 0.933333333333333 0.966666666666667 0.766666666666667 0.966666666666667 0.966666666666667
"ARI" 23 0.893356214758519 0.791726515369147 0.893356214758519 0.531552875296145 0.893356214758519 0.893356214758519
"CCR" 24 1 1 0.966666666666667 1 1 1
"ARI" 24 1 1 0.901447699313532 1 1 1
"CCR" 25 0.8 0.833333333333333 0.966666666666667 0.9 0.966666666666667 0.8
"ARI" 25 0.642857142857143 0.671018185626025 0.909960916097454 0.765296212366462 0.909960916097454 0.642857142857143
"CCR" 26 1 1 0.966666666666667 1 1 0.966666666666667
"ARI" 26 1 1 0.895827393917278 1 1 0.895827393917278
"CCR" 27 0.833333333333333 1 0.733333333333333 0.733333333333333 0.733333333333333 1
"ARI" 27 0.616740088105727 1 0.743905635648755 0.543905635648755 0.543905635648755 1
"CCR" 28 0.9 0.9 0.9 0.9 0.966666666666667 0.9
"ARI" 28 0.7483238607358 0.7483238607358 0.7483238607358 0.736428715693095 0.896573860529256 0.736428715693095
"CCR" 29 0.933333333333333 0.966666666666667 0.933333333333333 0.933333333333333 0.933333333333333 0.933333333333333
"ARI" 29 0.847515555166068 0.915669795075892 0.847515555166068 0.847515555166068 0.847515555166068 0.847515555166068
"CCR" 30 0.966666666666667 0.933333333333333 0.933333333333333 0.933333333333333 0.933333333333333 0.866666666666667
"ARI" 30 0.900509190711784 0.809692786311491 0.809692786311491 0.809692786311491 0.809692786311491 0.681143485431556
"CCR" 31 0.933333333333333 1 1 1 0.933333333333333 0.8
"ARI" 31 0.846971082811511 1 1 1 0.810485042114435 0.687070825976064
"CCR" 32 0.9 0.966666666666667 0.966666666666667 0.9 0.9 0.966666666666667
"ARI" 32 0.765296212366462 0.909960916097454 0.909960916097454 0.765296212366462 0.765296212366462 0.909960916097454
"CCR" 33 0.9 1 1 0.966666666666667 1 1
"ARI" 33 0.797804289603577 1 1 0.920515280252158 1 1
"CCR" 34 0.966666666666667 0.966666666666667 0.966666666666667 0.933333333333333 0.8 0.966666666666667
"ARI" 34 0.916358217564774 0.916358217564774 0.916358217564774 0.81867876665833 0.672790681771558 0.916358217564774
"CCR" 35 0.933333333333333 0.966666666666667 0.933333333333333 0.933333333333333 0.966666666666667 0.966666666666667
"ARI" 35 0.798996633441151 0.890708510346718 0.798996633441151 0.798996633441151 0.890708510346718 0.893146647015475
"CCR" 36 0.966666666666667 1 1 0.933333333333333 1 1
"ARI" 36 0.900509190711784 1 1 0.813952383215321 1 1
"CCR" 37 1 1 1 0.966666666666667 1 0.766666666666667
"ARI" 37 1 1 1 0.896573860529256 1 0.555455910569784
"CCR" 38 1 1 1 1 1 1
"ARI" 38 1 1 1 1 1 1
"CCR" 39 1 1 1 1 1 1
"ARI" 39 1 1 1 1 1 1
"CCR" 40 1 1 0.933333333333333 0.966666666666667 1 1
"ARI" 40 1 1 0.844860790793885 0.896573860529256 1 1
"CCR" 41 0.933333333333333 1 0.9 0.9 0.9 1
"ARI" 41 0.799834345665378 1 0.91976401179941 0.71976401179941 0.71976401179941 1
"CCR" 42 0.966666666666667 0.933333333333333 0.966666666666667 0.966666666666667 0.966666666666667 0.966666666666667
"ARI" 42 0.909021193530396 0.789078734703302 0.909021193530396 0.909021193530396 0.909021193530396 0.909021193530396
"CCR" 43 0.966666666666667 0.933333333333333 0.966666666666667 1 0.966666666666667 0.966666666666667
"ARI" 43 0.915669795075892 0.836281520511855 0.915669795075892 1 0.913669316709277 0.913669316709277
"CCR" 44 0.866666666666667 1 0.966666666666667 0.833333333333333 1 1
"ARI" 44 0.641182599635322 1 0.941182599635322 0.584253674284258 1 1
"CCR" 45 1 1 1 1 1 1
"ARI" 45 1 1 1 1 1 1
"CCR" 46 0.966666666666667 0.966666666666667 0.966666666666667 1 0.966666666666667 0.966666666666667
"ARI" 46 0.898912437255996 0.896573860529256 0.896573860529256 1 0.896573860529256 0.896573860529256
"CCR" 47 0.866666666666667 0.866666666666667 1 0.866666666666667 0.866666666666667 1
"ARI" 47 0.705209656925032 0.705209656925032 1 0.705209656925032 0.705209656925032 1
"CCR" 48 0.966666666666667 1 0.933333333333333 0.933333333333333 0.933333333333333 0.933333333333333
"ARI" 48 0.904961766227793 1 0.822906771610802 0.822906771610802 0.822906771610802 0.822906771610802
"CCR" 49 0.966666666666667 0.933333333333333 0.966666666666667 1 1 0.966666666666667
"ARI" 49 0.911929686662617 0.836281520511855 0.911929686662617 1 1 0.911929686662617
"CCR" 50 0.9 0.966666666666667 0.966666666666667 0.966666666666667 0.966666666666667 0.966666666666667
"ARI" 50 0.743211334120425 0.901447699313532 0.901447699313532 0.901447699313532 0.901447699313532 0.901447699313532
"CCR" 51 1 1 1 1 1 1
"ARI" 51 1 1 1 1 1 1
"CCR" 52 0.966666666666667 0.966666666666667 1 0.966666666666667 0.966666666666667 0.933333333333333
"ARI" 52 0.893452862076567 0.893452862076567 1 0.894683323649041 0.893452862076567 0.802182810368349
"CCR" 53 0.833333333333333 1 1 0.933333333333333 1 1
"ARI" 53 0.733625037576405 1 1 0.858477412158394 1 1
"CCR" 54 0.966666666666667 1 1 0.966666666666667 0.966666666666667 0.966666666666667
"ARI" 54 0.885408434513974 1 1 0.885408434513974 0.885408434513974 0.885408434513974
"CCR" 55 0.966666666666667 1 0.966666666666667 0.966666666666667 1 0.966666666666667
"ARI" 55 0.895482940893801 1 0.895482940893801 0.895482940893801 1 0.895482940893801
"CCR" 56 0.733333333333333 0.733333333333333 0.933333333333333 0.733333333333333 0.733333333333333 0.733333333333333
"ARI" 56 0.350386916883361 0.413436279552923 0.780916624696671 0.350386916883361 0.413436279552923 0.413436279552923
"CCR" 57 0.966666666666667 0.966666666666667 0.966666666666667 0.966666666666667 1 0.966666666666667
"ARI" 57 0.896573860529256 0.896573860529256 0.896573860529256 0.896573860529256 1 0.896573860529256
"CCR" 58 1 1 1 1 1 1
"ARI" 58 1 1 1 1 1 1
"CCR" 59 0.866666666666667 1 1 0.8 0.8 1
"ARI" 59 0.78267780906531 1 1 0.74003408663317 0.74003408663317 1
"CCR" 60 0.966666666666667 1 1 0.966666666666667 1 1
"ARI" 60 0.893452862076567 1 1 0.893452862076567 1 1
"CCR" 61 0.933333333333333 1 0.933333333333333 0.933333333333333 0.933333333333333 1
"ARI" 61 0.795351900639819 1 0.795351900639819 0.795351900639819 0.795351900639819 1
"CCR" 62 0.966666666666667 1 0.966666666666667 0.966666666666667 1 0.966666666666667
"ARI" 62 0.885408434513974 1 0.885408434513974 0.885408434513974 1 0.885408434513974
"CCR" 63 0.933333333333333 1 0.933333333333333 0.9 1 0.966666666666667
"ARI" 63 0.808043875685558 1 0.808043875685558 0.728006002626149 1 0.897434248601376
"CCR" 64 1 1 1 0.966666666666667 0.966666666666667 1
"ARI" 64 1 1 1 0.894405217997024 0.894405217997024 1
"CCR" 65 0.866666666666667 0.866666666666667 1 1 1 0.866666666666667
"ARI" 65 0.649133978604177 0.649133978604177 1 1 1 0.649133978604177
"CCR" 66 1 1 1 1 1 1
"ARI" 66 1 1 1 1 1 1
"CCR" 67 0.9 1 1 0.966666666666667 1 1
"ARI" 67 0.71296435641272 1 1 0.891207259994998 1 1
"CCR" 68 0.933333333333333 0.966666666666667 1 0.966666666666667 1 0.966666666666667
"ARI" 68 0.79342945950613 0.890623462661113 1 0.890623462661113 1 0.890623462661113
"CCR" 69 1 0.966666666666667 1 1 0.933333333333333 1
"ARI" 69 1 0.893452862076567 1 1 0.797560437945477 1
"CCR" 70 0.966666666666667 0.966666666666667 0.966666666666667 0.966666666666667 0.966666666666667 0.933333333333333
"ARI" 70 0.882034593753316 0.882034593753316 0.882802890979161 0.882034593753316 0.882034593753316 0.774696299086543
"CCR" 71 0.933333333333333 1 1 0.933333333333333 1 0.933333333333333
"ARI" 71 0.785759515936115 1 1 0.785759515936115 1 0.785759515936115
"CCR" 72 1 1 1 1 1 1
"ARI" 72 1 1 1 1 1 1
"CCR" 73 0.966666666666667 1 0.966666666666667 1 1 1
"ARI" 73 0.893146647015475 1 0.893146647015475 1 1 1
"CCR" 74 0.966666666666667 1 0.966666666666667 0.966666666666667 1 0.966666666666667
"ARI" 74 0.904961766227793 1 0.904961766227793 0.904961766227793 1 0.904961766227793
"CCR" 75 1 1 1 0.966666666666667 0.966666666666667 0.966666666666667
"ARI" 75 1 1 1 0.905214991284137 0.90410757586891 0.90410757586891
"CCR" 76 0.966666666666667 0.966666666666667 0.966666666666667 0.8 0.8 0.966666666666667
"ARI" 76 0.902577884649386 0.900509190711784 0.902577884649386 0.612890922959573 0.612890922959573 0.902577884649386
"CCR" 77 0.9 1 1 0.933333333333333 1 0.866666666666667
"ARI" 77 0.759546731770234 1 1 0.82666479150552 1 0.705577113978883
"CCR" 78 1 1 0.933333333333333 1 1 0.933333333333333
"ARI" 78 1 1 0.810485042114435 1 1 0.810485042114435
"CCR" 79 0.966666666666667 1 0.966666666666667 0.966666666666667 1 0.966666666666667
"ARI" 79 0.898912437255996 1 0.898912437255996 0.898912437255996 1 0.898912437255996
"CCR" 80 0.933333333333333 0.966666666666667 0.966666666666667 0.866666666666667 0.966666666666667 1
"ARI" 80 0.795351900639819 0.889619255911744 0.891207259994998 0.644268774703557 0.889619255911744 1
"CCR" 81 0.966666666666667 0.966666666666667 0.973333333333333 0.966666666666667 0.966666666666667 0.933333333333333
"ARI" 81 0.905214991284137 0.905214991284137 0.822261212325145 0.905214991284137 0.905214991284137 0.82666479150552
"CCR" 82 0.933333333333333 1 0.933333333333333 0.9 0.9 1
"ARI" 82 0.797560437945477 1 0.797560437945477 0.714601608631205 0.714601608631205 1
"CCR" 83 1 1 0.966666666666667 1 1 0.966666666666667
"ARI" 83 1 1 0.915669795075892 1 1 0.913669316709277
"CCR" 84 0.9 1 0.966666666666667 0.966666666666667 1 0.966666666666667
"ARI" 84 0.71296435641272 1 0.889619255911744 0.891207259994998 1 0.889619255911744
"CCR" 85 1 0.966666666666667 1 1 1 0.766666666666667
"ARI" 85 1 0.886606000284374 1 1 1 0.495798319327731
"CCR" 86 0.766666666666667 1 1 1 1 1
"ARI" 86 0.448602643809984 1 1 1 1 1
"CCR" 87 1 1 1 1 1 1
"ARI" 87 1 1 1 1 1 1
"CCR" 88 0.966666666666667 0.966666666666667 0.966666666666667 0.966666666666667 0.766666666666667 0.966666666666667
"ARI" 88 0.909960916097454 0.909960916097454 0.909960916097454 0.909960916097454 0.626850706861402 0.909960916097454
"CCR" 89 0.733333333333333 0.766666666666667 1 0.733333333333333 0.733333333333333 1
"ARI" 89 0.612575703598148 0.618434093161546 1 0.617754586185574 0.617754586185574 1
"CCR" 90 1 1 1 1 1 0.966666666666667
"ARI" 90 1 1 1 1 1 0.929840326259764
"CCR" 91 1 1 1 1 1 1
"ARI" 91 1 1 1 1 1 1
"CCR" 92 1 1 0.966666666666667 0.9 1 0.9
"ARI" 92 1 1 0.916660679646526 0.78511949567181 1 0.78511949567181
"CCR" 93 0.966666666666667 0.8 0.966666666666667 0.966666666666667 0.966666666666667 0.8
"ARI" 93 0.929840326259764 0.744346009011558 0.929634422516985 0.929840326259764 0.929634422516985 0.744346009011558
"CCR" 94 0.933333333333333 1 0.866666666666667 0.933333333333333 1 0.9
"ARI" 94 0.810485042114435 1 0.673392773345847 0.810485042114435 1 0.735177205066071
"CCR" 95 1 1 0.933333333333333 1 1 1
"ARI" 95 1 1 0.796737606728686 1 1 1
"CCR" 96 1 0.866666666666667 0.866666666666667 0.966666666666667 0.866666666666667 0.966666666666667
"ARI" 96 1 0.629408757880388 0.629408757880388 0.894405217997024 0.629408757880388 0.894405217997024
"CCR" 97 1 1 1 0.9 1 1
"ARI" 97 1 1 1 0.704376585719464 1 1
"CCR" 98 0.966666666666667 0.966666666666667 0.966666666666667 0.966666666666667 0.966666666666667 1
"ARI" 98 0.909021193530396 0.909021193530396 0.909021193530396 0.909021193530396 0.909021193530396 1
"CCR" 99 1 0.966666666666667 0.966666666666667 1 0.966666666666667 0.966666666666667
"ARI" 99 1 0.896573860529256 0.898912437255996 1 0.896573860529256 0.896573860529256
"CCR" 100 1 0.933333333333333 0.953333333333333 0.9 0.933333333333333 0.933333333333333
"ARI" 100 1 0.782805107111439 0.4247761014606 0.78972158158777 0.782805107111439 0.782805107111439
