1 0.7291913 1.894425 1.75133 -1.00316 2.310447 0.2763057 1.05695 0.971006 0.7095068 1.378999 0.375423 0.101875 -1.209414 0.8925854 -1.757868 -2.085364 1.445889 0.3457269 2.262609 2.318178 1.896802 3.633506 0.268978 0.1419084 -1.937402 3.009388 0.2905671 -2.960513 1.235257 0.622144 2.253696 3.026221 1.92531 4.54549 0.187962 0.1959863 6.175391 -1.264365 9.445379 -2.225187 NA NA NA NA NA NA NA NA NA NA NA NA NA NA NA NA NA NA NA NA NA NA NA NA NA NA NA NA NA NA NA NA NA NA NA NA NA NA NA NA
2 1.98738 1.927012 3.004604 -1.091136 1.691024 0.09742118 0.6425373 1.051193 0.7898569 1.55088 0.2273454 0.1632677 -0.4106349 0.8617148 -0.7785896 -2.152705 0.3049408 -0.6840549 1.718939 1.741386 0.9528595 3.271976 0.2516111 0.13643 -1.461868 2.92343 1.127278 -2.974043 1.607636 0.8856076 3.725243 2.141833 1.076665 4.651464 0.6639039 1 5.305097 -0.8619922 8.949489 -1.999228 NA NA NA NA NA NA NA NA NA NA NA NA NA NA NA NA NA NA NA NA NA NA NA NA NA NA NA NA NA NA NA NA NA NA NA NA NA NA NA NA
3 1.986408 1.947664 2.857177 -0.9862455 1.020783 -0.121185 1.390371 1.069765 0.5585278 2.428535 0.8986001 0.9027437 -1.332698 1.071971 -1.41122 -1.695524 1.98626 -0.786991 0.7702936 1.550382 1.282526 4.636235 0.3060219 0.2351874 -1.195186 2.88455 0.8933893 -3.031008 2.800697 -0.7125998 1.429628 2.403335 1.43505 5.713606 0.851567 0.996446 6.554336 -1.140554 8.492147 -1.627758 NA NA NA NA NA NA NA NA NA NA NA NA NA NA NA NA NA NA NA NA NA NA NA NA NA NA NA NA NA NA NA NA NA NA NA NA NA NA NA NA
4 1.064979 1.976558 3.364325 -1.24786 0.1378638 0.09869344 0.5409836 0.3438329 0.2218452 0.4702321 0.6019309 0.187976 -1.318144 0.987546 -1.07779 -1.830592 2.513686 0.4452204 2.232009 2.412583 1.765832 3.955363 0.2770523 0.2099193 -2.850526 3.095217 0.4817908 -3.043375 2.12658 -0.9601002 1.991192 2.940596 2.526835 6.575666 0.2244498 0.1647482 9.937273 -1.718814 12.46092 -2.387012 NA NA NA NA NA NA NA NA NA NA NA NA NA NA NA NA NA NA NA NA NA NA NA NA NA NA NA NA NA NA NA NA NA NA NA NA NA NA NA NA
5 3.352665 2.828303 4.455928 -0.7350958 0.1564502 -0.8547389 4.703169 2.151025 1.613162 7.30431 1 0.4134427 -0.7424015 1.071226 0.8758561 -1.992507 3.904753 -0.2254167 1.804668 1.979899 1.308222 3.531456 0.2141877 0.2094954 -1.783858 2.878867 0.5946239 -3.088291 3.100239 0.7801732 2.00954 2.928506 2.400788 5.155603 0.001214678 1 12.81763 -1.912643 17.57138 -2.558968 NaN NaN NaN NaN NaN NaN NaN NaN NaN NaN NaN NaN NaN NaN NaN NaN NaN NaN NaN NaN NaN NaN NaN NaN NaN NaN NaN NaN NaN NaN NaN NaN NaN NaN NaN NaN NaN NaN NaN NaN
6 0.595506 2.017832 2.555652 -1.060643 4.912321 1.210225 0.5019568 0.7568089 0.1909831 1.258855 0.7836419 1 -0.6425393 1.164759 0.5375923 -1.979704 5.326001 3.779711 4.178026 1.932499 1.467975 3.630587 0.3878905 0.2083315 -1.250281 2.815267 0.7649568 -3.033374 0.4176648 -1.019857 3.196993 2.731804 1.711489 6.379451 0.2012831 0.189119 6.429286 -1.084809 8.863531 -1.744981 NA NA NA NA NA NA NA NA NA NA NA NA NA NA NA NA NA NA NA NA NA NA NA NA NA NA NA NA NA NA NA NA NA NA NA NA NA NA NA NA
7 1.311163 2.254534 1.112727 -0.8774807 0.005697549 -0.07853378 1.643693 1.079688 0.4332513 2.067176 0.2549815 0.2527257 -1.765317 1.028183 -0.3753939 -1.960417 0.9089249 -0.2707009 1.070362 2.798401 1.896551 4.626597 0.09068231 0.1721632 -0.9311261 2.773013 0.8153277 -3.112381 4.405604 3.266846 5.231008 2.062012 1.565654 4.655992 0.3642187 0.1865308 21.26156 -3.262527 25.8468 -4.131216 NA NA NA NA NA NA NA NA NA NA NA NA NA NA NA NA NA NA NA NA NA NA NA NA NA NA NA NA NA NA NA NA NA NA NA NA NA NA NA NA
8 0.4557445 2.151811 1.338419 -0.8367778 8.859492 2.069382 1.48149 0.661415 0.7421519 2.58901 0.2044718 0.2207492 -0.6203552 1.027741 -0.1530151 -2.088783 1.398287 -1.152824 2.078865 3.51795 3.031295 5.724157 0.4387439 0.236824 -2.348026 2.971688 3.818326 -3.408022 1.197128 -1.252979 1.321481 1.535247 1.810214 7.341802 0.3335982 0.1413199 11.60417 -1.686181 16.8408 -3.051858 NA NA NA NA NA NA NA NA NA NA NA NA NA NA NA NA NA NA NA NA NA NA NA NA NA NA NA NA NA NA NA NA NA NA NA NA NA NA NA NA
9 2.37305 1.896079 3.391828 -1.11668 0.6923488 0.1174389 0.4581125 0.8693516 0.4052114 1.27482 0.2008592 0.2037442 -1.062854 1.014835 0.7721935 -2.260097 1.991726 -0.05788564 0.2872554 1.757679 1.583586 4.484708 0.3348638 0.1872454 -0.6520286 2.910738 3.152279 -3.469741 2.825602 1.020674 0.8468843 2.658285 1.746373 4.773834 0.3755539 0.1334886 7.165539 -1.132484 10.06292 -2.211685 NA NA NA NA NA NA NA NA NA NA NA NA NA NA NA NA NA NA NA NA NA NA NA NA NA NA NA NA NA NA NA NA NA NA NA NA NA NA NA NA
10 1.227751 2.093539 1.147203 -0.8016104 2.208815 0.4347008 0.2303774 1.327904 1.219573 2.317531 0.9915853 0.9999923 -1.034814 0.9945242 -0.08323211 -1.923926 1.778274 0.9521133 2.341823 2.031546 1.224567 3.372463 0.4904907 0.2627202 -1.29964 2.90138 1.616315 -3.137729 2.31675 -0.155631 1.846654 4.019589 2.478489 7.146537 0.2420889 0.4255649 11.14043 -1.918964 13.58632 -2.478984 NA NA NA NA NA NA NA NA NA NA NA NA NA NA NA NA NA NA NA NA NA NA NA NA NA NA NA NA NA NA NA NA NA NA NA NA NA NA NA NA
11 1.701363 2.003313 0.3545061 -0.9236344 0.4922565 0.8171831 2.040565 0.6966261 0.5886313 2.2071 0.490358 1 -2.087167 1.170552 -0.02304622 -1.925664 2.019351 -0.1957798 4.203737 1.581727 1.419163 4.909287 0.1896031 0.2451241 -2.20715 3.009521 0.8917052 -3.012147 2.331162 0.502283 1.708587 3.187954 2.067372 5.526379 0.08936567 0.3470734 3.884443 -0.6800511 5.595345 -1.144898 NA NA NA NA NA NA NA NA NA NA NA NA NA NA NA NA NA NA NA NA NA NA NA NA NA NA NA NA NA NA NA NA NA NA NA NA NA NA NA NA
12 1.625194 2.051956 1.935841 -0.8407482 3.010345 -0.6942633 4.808636 0.8773822 0.7702365 1.512844 0.705081 0.9998169 -1.578381 0.9762466 0.02678571 -1.91969 2.199924 0.694773 0.9059821 1.395689 1.056126 3.73764 0.3591671 0.1689099 -2.501232 2.994791 -0.2421532 -3.012552 1.560381 -1.329916 1.170709 2.234999 2.113509 4.974776 0.4327732 0.1928968 13.43722 -2.134224 15.47608 -2.482604 NA NA NA NA NA NA NA NA NA NA NA NA NA NA NA NA NA NA NA NA NA NA NA NA NA NA NA NA NA NA NA NA NA NA NA NA NA NA NA NA
13 2.495277 1.93878 2.430161 -1.297679 0.7329947 1.060783 1.540175 0.9710941 1.285524 3.794352 0.9947693 1 -0.7711686 1.094952 -1.116069 -1.925604 2.427489 1.05498 1.8228 1.621637 1.278121 3.692343 0.3088259 0.1389916 -2.193014 2.989799 1.276615 -3.078349 1.176952 -0.399517 3.364302 3.751279 2.215203 5.285623 0.2118427 0.1486425 3.120263 -0.7451246 6.221398 -1.121796 NA NA NA NA NA NA NA NA NA NA NA NA NA NA NA NA NA NA NA NA NA NA NA NA NA NA NA NA NA NA NA NA NA NA NA NA NA NA NA NA
14 1.164072 2.004693 1.086837 -1.022216 2.431851 -0.9252893 2.193054 0.7561068 0.5874059 1.774607 0.1452512 0.3558691 -0.434554 0.9550141 -0.114998 -1.914925 3.063903 0.710792 1.260234 2.268265 1.52631 4.38711 0.3449053 0.2172084 -2.441951 2.996258 0.8666183 -2.795107 5.233442 3.499331 6.188243 1.96725 0.5768532 3.511624 0.1896722 0.3972767 10.68617 -1.648431 11.88671 -1.876094 NA NA NA NA NA NA NA NA NA NA NA NA NA NA NA NA NA NA NA NA NA NA NA NA NA NA NA NA NA NA NA NA NA NA NA NA NA NA NA NA
15 1.417731 1.851697 3.485073 -1.118308 0.6384528 -0.3171591 0.9879919 0.8349781 0.4546102 1.156541 0.6331287 0.3606236 -0.4952512 0.8579552 -0.5722003 -1.94072 2.463118 -0.7040293 0.4066356 1.898369 1.048897 3.922963 0.1112151 0.1422936 -3.130645 3.014702 -0.1441625 -2.808254 1.176161 -0.4455327 1.732862 2.797115 2.275791 6.64723 0.072163 0.1563805 5.856221 -1.010245 8.147742 -1.736701 NA NA NA NA NA NA NA NA NA NA NA NA NA NA NA NA NA NA NA NA NA NA NA NA NA NA NA NA NA NA NA NA NA NA NA NA NA NA NA NA
16 1.830916 1.881029 1.9555 -1.132766 4.098036 1.308765 1.844286 1.393762 1.026417 2.289845 0.2868445 0.1847139 -1.652733 0.9976886 -0.7244547 -2.13641 4.682384 0.6527454 2.44628 1.862186 1.887958 5.505927 0.5410235 0.1833212 -2.242807 2.984222 1.390602 -3.097539 1.959478 0.45153 2.157449 2.126691 0.9072779 5.788087 0.1000705 0.1288858 16.33141 -2.329203 19.19591 -2.954841 NA NA NA NA NA NA NA NA NA NA NA NA NA NA NA NA NA NA NA NA NA NA NA NA NA NA NA NA NA NA NA NA NA NA NA NA NA NA NA NA
17 2.532998 2.002018 2.606218 -0.8795804 3.125616 2.610823 2.371173 1.037275 0.8476332 2.177373 0.7287404 1 -2.035418 1.11167 -0.6682193 -1.870057 0.7858158 0.6416402 2.60324 1.75972 1.352027 4.211932 0.4977587 0.2586374 -1.787935 2.999842 0.7709972 -3.059012 0.7103867 0.30606 2.043002 3.944488 2.876551 6.130878 0.08561537 0.1578634 5.208558 -1.221403 5.465811 -1.137335 NA NA NA NA NA NA NA NA NA NA NA NA NA NA NA NA NA NA NA NA NA NA NA NA NA NA NA NA NA NA NA NA NA NA NA NA NA NA NA NA
18 0.5976281 2.031326 1.832247 -1.075364 1.111781 0.1841288 0.5833039 0.6402845 0.285211 0.895365 0.7456667 0.3002259 -1.609778 1.087152 1.132633 -2.048059 1.266972 0.7266233 4.561659 2.035629 1.617887 4.456994 0.119309 0.2676542 -2.485867 3.050048 1.176831 -2.868966 2.882861 0.42928 0.4569001 3.108872 2.209525 6.665344 0.2192828 0.1731134 5.750734 -1.037922 6.474124 -1.227468 NA NA NA NA NA NA NA NA NA NA NA NA NA NA NA NA NA NA NA NA NA NA NA NA NA NA NA NA NA NA NA NA NA NA NA NA NA NA NA NA
19 -4.202094 1.972813 0.730741 -0.7460257 11.74848 0.863492 0.08215204 0.7571604 0.2959 3.14967 0.3517604 0.2417245 -0.8236611 0.9026891 0.416685 -2.098841 1.654886 0.1018038 0.748959 2.311793 1.977998 3.941566 0.1524348 0.2826723 -1.631946 3.156413 1.003638 -2.911929 1.44815 -0.0518988 3.556943 2.608393 2.185888 6.085409 0.2351957 0.2184998 4.007181 -0.8044178 10.25999 -2.131314 NA NA NA NA NA NA NA NA NA NA NA NA NA NA NA NA NA NA NA NA NA NA NA NA NA NA NA NA NA NA NA NA NA NA NA NA NA NA NA NA
20 0.535378 1.982947 1.219571 -0.9027167 0.5816586 -0.2731451 0.6783095 1.633932 1.38774 2.578257 0.6274355 0.2008442 -1.723705 1.016109 -0.7215147 -1.996452 1.367864 0.4463319 1.909224 2.208101 1.370011 4.1301 0.09636913 0.2480639 -3.842852 3.068518 0.4828123 -2.972203 1.330346 0.6671982 2.278821 2.086743 1.614449 4.801115 0.1853159 0.1659295 4.682779 -0.7631018 11.28603 -2.461984 NA NA NA NA NA NA NA NA NA NA NA NA NA NA NA NA NA NA NA NA NA NA NA NA NA NA NA NA NA NA NA NA NA NA NA NA NA NA NA NA
21 1.400353 2.027028 1.879946 -0.9131939 0.4353655 0.2466882 1.418528 1.002294 0.488197 1.616907 0.226617 0.2278751 0.637338 0.9403306 0.2571046 -1.938729 6.050952 0.4984648 0.2494122 1.177234 1.248119 4.227566 0.1299527 0.348793 -1.956276 3.02446 1.261936 -2.953685 0.8034564 0.685782 3.459573 3.940246 2.458514 4.657924 0.2502297 0.157404 8.584216 -1.503833 10.4781 -2.360794 NA NA NA NA NA NA NA NA NA NA NA NA NA NA NA NA NA NA NA NA NA NA NA NA NA NA NA NA NA NA NA NA NA NA NA NA NA NA NA NA
22 0.8468973 1.934399 1.825669 -0.9465533 0.02386195 -0.02145679 0.0229541 1.078415 0.1434897 1.500482 0.918301 1 -0.5837764 1.170931 0.4208234 -1.730483 1.760302 2.340059 8.496202 2.188964 1.740586 5.010006 0.208772 0.1443575 -0.3984057 2.732115 1.269369 -2.994025 1.05629 0.5459186 2.335257 3.674525 2.10374 6.051535 0.3643902 0.249906 3.596255 -0.6762404 14.02861 -2.831303 NA NA NA NA NA NA NA NA NA NA NA NA NA NA NA NA NA NA NA NA NA NA NA NA NA NA NA NA NA NA NA NA NA NA NA NA NA NA NA NA
23 0.8589766 1.939904 1.172299 -1.056422 2.193924 -1.315333 1.090582 0.7906443 0.8090693 1.975547 0.9809576 0.9963977 -1.455761 0.9901433 0.8014056 -1.932698 0.666033 -0.2933736 3.689563 2.182133 1.134877 2.874504 0.4970991 0.2663514 -1.837262 2.934527 0.2758216 -2.949411 2.498236 -0.2496069 3.860054 3.688371 1.849703 4.531087 0.1283829 0.2076558 10.23233 -1.464213 11.6485 -1.707057 NA NA NA NA NA NA NA NA NA NA NA NA NA NA NA NA NA NA NA NA NA NA NA NA NA NA NA NA NA NA NA NA NA NA NA NA NA NA NA NA
24 0.72171 2.054573 -0.009440246 -0.567554 0.9676533 0.901162 2.434215 1.214822 0.9175971 2.122639 0.9991976 1 -1.134169 1.150119 -0.08085599 -1.886262 1.567883 0.9100528 3.245807 2.142472 1.772778 3.818834 0.3133975 0.161112 -2.19786 2.996187 1.804079 -3.123906 2.030171 -0.7777637 0.4456796 2.209808 2.125787 4.987219 0.8912379 1 4.332866 -0.6916524 8.104949 -1.593728 NA NA NA NA NA NA NA NA NA NA NA NA NA NA NA NA NA NA NA NA NA NA NA NA NA NA NA NA NA NA NA NA NA NA NA NA NA NA NA NA
25 1.055415 2.064861 1.735359 -0.9603744 2.740493 1.935511 2.30937 0.6927505 0.5571833 1.357557 0.501938 0.1763026 0.1054112 0.8939366 0.1860041 -1.956308 2.947359 3.179055 5.974386 1.529568 1.249803 3.633457 4.04809e-06 0.9999968 -1.531592 2.852611 1.003336 -2.890393 2.033059 -0.02442388 1.278078 2.290287 1.986506 5.303434 0.2555751 0.1403222 5.653112 -0.8831659 6.53345 -1.097219 NA NA NA NA NA NA NA NA NA NA NA NA NA NA NA NA NA NA NA NA NA NA NA NA NA NA NA NA NA NA NA NA NA NA NA NA NA NA NA NA
26 1.300393 2.051483 2.828711 -1.043031 2.359676 -1.042651 1.393637 1.214068 0.9694496 1.821482 0.8781943 0.9999999 -1.525719 0.9926754 0.4657438 -2.054419 4.545429 1.730193 4.349098 1.975596 1.362683 3.677655 0.3328703 0.2653359 -2.802653 3.063706 1.261568 -3.124963 3.423504 1.634349 0.8786347 3.258282 1.780734 4.862411 0.7627509 1 6.804797 -1.07219 8.53865 -1.340715 NA NA NA NA NA NA NA NA NA NA NA NA NA NA NA NA NA NA NA NA NA NA NA NA NA NA NA NA NA NA NA NA NA NA NA NA NA NA NA NA
27 7.072908 2.169369 3.70132 -1.288862 0.4775583 0.6899634 1.0065 3.047912 2.908783 5.929386 0.9679154 0.9626264 0.3774185 1.36417 1.687937 -1.703072 6.820426 5.197525 7.468648 2.913587 2.360687 4.668995 0.2308279 0.1993995 -1.467505 2.956451 0.7386195 -3.062259 0.9329484 0.9544709 1.644263 2.588509 1.102153 4.683228 0.1002684 0.1170495 3.175785 -0.6743758 5.846088 -0.7980597 NA NA NA NA NA NA NA NA NA NA NA NA NA NA NA NA NA NA NA NA NA NA NA NA NA NA NA NA NA NA NA NA NA NA NA NA NA NA NA NA
28 1.836651 1.996323 2.605061 -0.8352803 2.531894 -0.5675388 0.7557533 0.8422812 0.3812883 1.614083 0.7980585 0.9999221 -1.211256 1.047949 0.02722103 -2.111891 2.399714 0.6880907 3.061503 1.899926 1.469749 4.681506 0.1936287 0.2273848 -1.936502 2.976164 0.2641921 -3.032406 2.714488 0.09034718 9.647551 3.25861 2.443968 5.941223 0.6124073 0.2421993 7.135276 -1.532492 14.18317 -3.064895 NA NA NA NA NA NA NA NA NA NA NA NA NA NA NA NA NA NA NA NA NA NA NA NA NA NA NA NA NA NA NA NA NA NA NA NA NA NA NA NA
29 1.473543 2.168304 -0.4656086 -0.6425845 1.488308 -0.1603383 0.01790351 0.6355611 0.3749605 1.272678 0.9977319 1 -1.854922 1.082098 0.1335654 -2.04988 3.744331 1.673748 1.691882 2.225191 1.762678 4.536495 0.3202709 0.2392626 -1.703679 3.003361 1.585215 -3.048048 1.526446 -0.06495092 0.007116393 2.859903 1.856773 5.650306 0.2502108 0.1415217 10.48057 -1.769713 17.72801 -3.206217 NA NA NA NA NA NA NA NA NA NA NA NA NA NA NA NA NA NA NA NA NA NA NA NA NA NA NA NA NA NA NA NA NA NA NA NA NA NA NA NA
30 0.6499218 1.914321 1.134739 -0.9504874 4.611852 1.287082 5.785049 1.277797 1.035362 2.438094 0.5747336 1 0.5826296 0.882607 0.3258173 -2.030266 2.814848 0.2294577 0.1445034 1.360661 1.195661 4.068848 0.4162585 0.1635894 -0.7360938 2.769966 1.596641 -3.22418 1.081447 0.2867029 5.288209 2.577959 1.654896 7.06301 0.2055297 0.2179684 14.80711 -2.510332 18.66716 -3.485928 NA NA NA NA NA NA NA NA NA NA NA NA NA NA NA NA NA NA NA NA NA NA NA NA NA NA NA NA NA NA NA NA NA NA NA NA NA NA NA NA
31 -0.1502773 2.083136 1.653811 -0.6891282 1.002028 0.5360648 5.364766 0.7303204 0.5334692 2.22715 0.5744148 0.2084204 -0.5553314 1.043404 0.6408848 -1.968463 3.943872 -0.4118636 2.60753 1.865588 0.9070755 3.667489 0.5688828 0.3828865 -1.448243 2.910389 1.186334 -3.12393 1.565679 1.306802 2.384421 2.65408 1.538056 5.92858 0.1541716 0.1554484 6.698187 -1.255637 8.403021 -1.798772 NA NA NA NA NA NA NA NA NA NA NA NA NA NA NA NA NA NA NA NA NA NA NA NA NA NA NA NA NA NA NA NA NA NA NA NA NA NA NA NA
32 0.4545064 2.049239 1.144054 -0.8129268 0.5665992 0.5543782 0.9713215 0.6110338 0.5379445 1.091175 0.7680867 0.4300286 -0.0250153 0.987555 -0.8457245 -2.002543 2.367733 -0.2960084 1.426932 1.628906 1.156408 2.901957 0.2305743 0.3151724 -2.382631 3.138849 1.333659 -3.09608 2.220233 -0.3222386 1.175297 2.896409 2.059425 5.099855 0.351704 0.1815497 19.60535 -2.639827 20.0219 -2.703711 NA NA NA NA NA NA NA NA NA NA NA NA NA NA NA NA NA NA NA NA NA NA NA NA NA NA NA NA NA NA NA NA NA NA NA NA NA NA NA NA
33 2.127102 2.026072 4.018661 -1.158452 0.7438226 0.1100109 2.702805 0.7830386 0.1326517 1.407082 0.4026404 0.1726466 -0.6696149 0.9562474 0.1571874 -1.982752 3.681526 2.549665 2.005551 2.447032 1.542187 4.174833 0.08362291 0.1440802 -1.01492 2.941989 1.453645 -3.198085 1.345324 -0.4752219 1.117397 3.432037 2.121607 5.730112 0.3470023 0.2768403 5.659488 -0.9764876 9.672582 -2.065766 NA NA NA NA NA NA NA NA NA NA NA NA NA NA NA NA NA NA NA NA NA NA NA NA NA NA NA NA NA NA NA NA NA NA NA NA NA NA NA NA
34 0.9803403 1.9969 1.393042 -0.9227238 1.960482 -0.9619416 1.342011 0.766241 0.5092003 1.298199 0.7726532 1 -2.248842 1.207788 -0.776927 -1.838425 1.576325 -0.2572044 1.578108 2.489466 1.523053 3.704305 0.4534001 0.268122 -2.16217 2.928488 1.346745 -3.158341 1.968459 0.8485197 3.030749 2.89654 1.997513 5.93369 0.4925546 0.3017723 7.330632 -1.506433 8.814259 -1.967974 NA NA NA NA NA NA NA NA NA NA NA NA NA NA NA NA NA NA NA NA NA NA NA NA NA NA NA NA NA NA NA NA NA NA NA NA NA NA NA NA
35 0.1575373 2.006006 2.781551 -1.048198 2.505075 -0.9697845 0.3799881 0.7141949 0.7907685 2.132187 0.6203247 1 -1.269147 1.093671 -0.04360207 -1.783306 1.266664 0.7947901 2.35315 2.101018 1.595707 3.862627 0.2243229 0.1708975 -0.2654014 2.730716 0.4736546 -2.925954 0.5243728 0.5497216 1.201124 1.864866 2.018031 5.688642 0.4289434 0.1392043 8.953319 -1.648828 15.73232 -3.543695 NA NA NA NA NA NA NA NA NA NA NA NA NA NA NA NA NA NA NA NA NA NA NA NA NA NA NA NA NA NA NA NA NA NA NA NA NA NA NA NA
36 0.5598719 2.11628 1.542551 -0.9456345 1.864026 0.1211945 0.4809604 0.9302469 0.6870246 1.252985 0.2364681 0.1392813 -0.919871 1.151766 -1.758107 -1.738592 1.471255 -0.4617524 3.49591 2.611828 1.80292 4.735823 0.3487176 0.2913244 -1.754664 3.050803 -0.3716486 -2.587717 1.536368 1.21164 2.362435 3.449692 2.659386 6.469807 0.5057982 0.19596 3.305886 -0.5988411 5.045302 -1.176864 NA NA NA NA NA NA NA NA NA NA NA NA NA NA NA NA NA NA NA NA NA NA NA NA NA NA NA NA NA NA NA NA NA NA NA NA NA NA NA NA
37 0.3569278 2.023424 2.29174 -1.021366 0.495012 0.2333517 2.028067 0.6791835 0.2527648 0.7497808 0.4951688 0.06939673 -2.440708 1.104134 -1.368132 -1.765702 1.516053 0.8362987 3.16757 1.391357 1.435103 3.558424 0.4580522 0.252699 -2.848049 3.002684 0.2613977 -2.877877 2.909235 1.676977 2.802444 2.941058 1.780505 5.157109 0.6351264 0.9991955 6.23661 -1.492337 7.123408 -1.682625 NA NA NA NA NA NA NA NA NA NA NA NA NA NA NA NA NA NA NA NA NA NA NA NA NA NA NA NA NA NA NA NA NA NA NA NA NA NA NA NA
38 0.6231739 2.039332 2.223397 -1.006352 2.261868 0.7583313 2.184032 0.73759 0.7765841 2.160682 0.1241913 0.248944 -1.419135 1.070217 -0.2973328 -2.026191 1.582932 -0.1576888 0.7650365 2.021922 1.966564 5.319799 0.2765097 0.2349411 -1.728071 3.099814 -0.3368357 -2.573085 2.354641 -0.7343665 1.021376 3.601991 1.787812 5.036903 0.502096 0.1873799 8.981211 -1.490344 10.62506 -1.907688 NA NA NA NA NA NA NA NA NA NA NA NA NA NA NA NA NA NA NA NA NA NA NA NA NA NA NA NA NA NA NA NA NA NA NA NA NA NA NA NA
39 1.575819 2.007871 3.407774 -1.096024 1.401689 -0.5732654 0.9964295 0.7752412 0.3355104 1.433875 0.1473085 0.349034 -1.047591 1.065388 0.2929325 -1.97784 2.450086 0.5818401 2.156545 1.730845 1.203121 3.251206 0.09091861 0.09485549 -2.458296 2.977825 0.7997348 -3.082066 2.289363 1.844328 2.737963 3.258457 2.165177 7.957202 0.6418475 0.9789329 4.603175 -0.6836119 8.500878 -2.066882 NA NA NA NA NA NA NA NA NA NA NA NA NA NA NA NA NA NA NA NA NA NA NA NA NA NA NA NA NA NA NA NA NA NA NA NA NA NA NA NA
40 -0.5668886 0.9011163 -0.2120139 -1.859878 2.917219 1.349916 3.218575 1.961718 0.854679 2.591189 0.9998789 0.8552195 0.7240395 1.943981 2.182367 -1.190251 0.989821 0.02259183 1.610063 0.895567 0.6294949 2.073712 0.1816949 0.06011579 -0.5961648 2.99816 1.25709 -3.123889 2.995903 -0.9258134 1.360474 2.39926 1.897433 5.051757 0.2319208 0.1554146 6.376261 -1.391902 6.031252 -0.9997997 NA NA NA NA NA NA NA NA NA NA NA NA NA NA NA NA NA NA NA NA NA NA NA NA NA NA NA NA NA NA NA NA NA NA NA NA NA NA NA NA
41 2.391596 1.831282 3.352964 -1.160976 0.1598123 0.08010701 0.4027671 0.7366505 0.468461 1.550362 0.8106971 1 -0.5919153 1.033374 0.634734 -1.901801 5.231901 3.028801 6.649829 2.283037 1.420192 4.638598 0.2489484 0.3618513 -2.230199 3.090647 0.7300867 -2.772916 2.549058 0.9054188 0.7802171 2.242016 1.032345 5.24407 0.1261388 0.2191962 3.236387 -0.5495213 5.743836 -0.9117254 NA NA NA NA NA NA NA NA NA NA NA NA NA NA NA NA NA NA NA NA NA NA NA NA NA NA NA NA NA NA NA NA NA NA NA NA NA NA NA NA
42 -0.7493022 1.999561 1.922829 -1.007619 0.4109483 -0.1574356 0.220955 1.447022 0.6825094 1.934581 0.9936682 0.996635 -1.167359 1.000072 0.9074608 -2.058187 2.514743 0.9660486 3.4682 1.82311 1.353601 4.902896 0.416237 0.2246001 -1.991904 2.958236 2.178761 -3.093357 1.154615 0.8360526 0.9200741 2.226725 0.8048184 6.270653 0.273276 0.1317586 5.718262 -0.9429464 8.188383 -1.416819 NA NA NA NA NA NA NA NA NA NA NA NA NA NA NA NA NA NA NA NA NA NA NA NA NA NA NA NA NA NA NA NA NA NA NA NA NA NA NA NA
43 1.233251 1.763813 3.622964 -1.240179 0.06522232 -0.07307651 0.7832108 0.6444161 0.3546074 1.361931 0.5071587 0.2145942 -1.588739 1.146546 -0.2416965 -1.912863 2.452926 -0.7592141 1.560436 1.998781 2.0081 4.827689 0.4272479 0.194473 -2.116162 3.044167 1.300112 -3.063941 0.7621759 0.4960789 2.539324 3.037914 2.270639 5.664334 0.2522343 0.1672042 8.814056 -1.831909 10.90301 -2.250929 NA NA NA NA NA NA NA NA NA NA NA NA NA NA NA NA NA NA NA NA NA NA NA NA NA NA NA NA NA NA NA NA NA NA NA NA NA NA NA NA
44 2.921864 1.946421 3.124038 -1.04522 2.722192 0.9314123 1.267576 0.5183474 0.4845835 1.423099 0.7726291 1 -1.494204 1.191245 -1.109588 -1.652044 3.3566 1.281377 2.535685 2.224406 1.998509 4.714227 0.2922295 0.3086713 -1.630448 2.893232 1.443791 -3.229459 1.539554 0.3357368 4.07906 4.130994 2.343726 5.48168 0.4350779 0.2509635 13.01136 -2.283322 14.09631 -2.095243 NA NA NA NA NA NA NA NA NA NA NA NA NA NA NA NA NA NA NA NA NA NA NA NA NA NA NA NA NA NA NA NA NA NA NA NA NA NA NA NA
45 -0.3365232 2.110941 0.7623546 -0.8948937 1.026803 0.5493465 0.5660184 1.012124 0.8337741 2.063533 0.2726372 1 -0.4665891 0.895163 0.6040901 -2.100841 1.065369 1.011939 3.546379 2.424947 1.598959 3.640329 0.1780572 0.1809901 0.5345509 2.700255 0.5514763 -3.101205 1.819673 -0.1201328 0.5144993 3.230306 2.032425 5.253119 0.1452379 0.2323783 6.879706 -1.060097 9.589134 -1.739044 NA NA NA NA NA NA NA NA NA NA NA NA NA NA NA NA NA NA NA NA NA NA NA NA NA NA NA NA NA NA NA NA NA NA NA NA NA NA NA NA
46 0.9797241 1.907318 2.637852 -1.061455 1.151031 0.1329829 0.7790925 0.5935467 0.1268827 1.12296 0.3767055 0.1096772 -0.7851504 0.9058259 1.465736 -2.186879 1.698718 -0.5937054 4.046507 1.851287 1.244038 3.533911 0.08026793 0.2180315 -3.158189 2.962459 1.269951 -2.987982 2.285068 0.5185251 1.240854 3.891134 2.275652 5.343782 0.2266736 0.2448865 6.609801 -1.139987 10.21335 -2.039243 NA NA NA NA NA NA NA NA NA NA NA NA NA NA NA NA NA NA NA NA NA NA NA NA NA NA NA NA NA NA NA NA NA NA NA NA NA NA NA NA
47 1.284344 1.891993 2.952466 -1.18874 2.068416 -0.6372584 0.4520776 1.436989 1.39643 2.429907 0.4172293 0.1856713 -0.9082544 1.061186 -0.855098 -1.914584 1.183544 0.2451666 1.940533 1.916373 1.30239 4.191916 0.4420448 0.2262037 -1.708601 2.937782 1.193103 -2.98967 3.030168 0.2786229 0.3485412 2.609064 2.073051 4.631595 0.2062078 0.2912697 5.049517 -0.8705159 7.396075 -1.264061 NA NA NA NA NA NA NA NA NA NA NA NA NA NA NA NA NA NA NA NA NA NA NA NA NA NA NA NA NA NA NA NA NA NA NA NA NA NA NA NA
48 1.877879 2.012034 0.9763978 -0.9503597 0.2463321 -0.2548697 0.289233 1.451966 1.203386 2.113962 0.9749582 1 0.07460979 0.928849 -0.1210513 -2.088683 3.095067 0.7952464 2.090389 1.974984 1.513196 3.376871 0.3846415 0.2402058 -1.769436 2.988236 0.9985796 -2.924842 1.789541 1.046717 2.124651 2.829014 2.09877 5.973162 0.2927827 0.2341359 5.617124 -1.365397 6.354611 -1.095856 NA NA NA NA NA NA NA NA NA NA NA NA NA NA NA NA NA NA NA NA NA NA NA NA NA NA NA NA NA NA NA NA NA NA NA NA NA NA NA NA
49 -0.5011859 2.072969 0.3931332 -0.9743095 2.641262 4.636072 8.151129 0.9508665 0.5124899 2.027592 0.3226696 1 -1.302919 1.040273 -0.2518038 -1.973605 3.717493 0.8584369 2.254626 1.87869 1.421211 4.558418 0.0836606 0.1333863 -0.1139859 2.893634 1.271745 -3.029051 4.566603 -0.598285 0.9363116 4.632478 2.729276 5.45473 0.1794414 0.2098429 4.692396 -0.8973744 7.554587 -1.621069 NA NA NA NA NA NA NA NA NA NA NA NA NA NA NA NA NA NA NA NA NA NA NA NA NA NA NA NA NA NA NA NA NA NA NA NA NA NA NA NA
50 1.682006 2.186212 0.7227823 -0.8312928 0.3801779 -0.5372011 1.566149 1.011569 0.6942861 1.513494 0.2015397 0.2164235 -0.3840281 0.9521153 0.6618556 -2.069019 3.445172 3.312857 5.148305 1.978389 1.07379 3.08044 0.1880023 0.1398337 -2.803788 3.075225 0.5627233 -3.004548 2.25059 -0.3756517 1.235899 3.529283 2.294586 6.165885 0.1176186 0.2809173 4.355959 -0.8286465 6.517765 -1.222452 NA NA NA NA NA NA NA NA NA NA NA NA NA NA NA NA NA NA NA NA NA NA NA NA NA NA NA NA NA NA NA NA NA NA NA NA NA NA NA NA
51 1.201234 2.086796 1.349142 -0.8583517 2.584707 0.7076204 0.1971376 0.7397637 0.2927393 1.812313 0.8704223 1 -1.34111 0.9290716 -0.3767374 -1.968325 2.451995 0.8977807 4.443003 2.297059 0.8524144 3.440155 0.2799643 0.184392 -2.444354 2.989033 1.456753 -3.052895 0.8611987 0.5562685 3.220979 2.804241 1.976578 7.071846 0.07345364 0.2185583 11.86844 -2.034812 22.20636 -4.461104 NA NA NA NA NA NA NA NA NA NA NA NA NA NA NA NA NA NA NA NA NA NA NA NA NA NA NA NA NA NA NA NA NA NA NA NA NA NA NA NA
52 0.9246399 2.094083 1.219218 -0.9066466 1.533162 0.22598 1.0914 0.8318596 0.4746897 1.22672 0.2237399 0.1493506 0.05108399 0.8677487 0.1070562 -2.134751 2.370865 -0.8866683 0.7731022 1.550438 1.074694 3.452122 0.4961813 0.1541149 -1.781724 2.974383 1.199312 -2.976913 1.505704 0.7213582 1.949668 3.298501 2.377855 6.474576 0.2329394 0.2633419 7.049096 -0.9228466 9.796081 -1.679939 NA NA NA NA NA NA NA NA NA NA NA NA NA NA NA NA NA NA NA NA NA NA NA NA NA NA NA NA NA NA NA NA NA NA NA NA NA NA NA NA
53 0.4430721 1.974399 2.722178 -1.034367 1.398866 0.6886234 2.911187 1.145997 0.7116767 1.686801 0.4329425 0.1879358 -1.145951 0.9339887 -0.1421398 -1.99724 2.980186 3.220485 8.199127 2.890316 1.552949 4.085925 0.379663 1 -2.397937 2.965457 1.645141 -3.205402 1.42696 0.6703637 1.116232 3.0128 1.876626 4.762734 0.2000213 0.4816857 16.31377 -2.453106 17.98233 -2.939753 NA NA NA NA NA NA NA NA NA NA NA NA NA NA NA NA NA NA NA NA NA NA NA NA NA NA NA NA NA NA NA NA NA NA NA NA NA NA NA NA
54 1.610498 1.975037 1.077436 -0.7612179 0.4001612 0.9738191 5.065336 0.9046025 0.7177738 2.291083 0.1436585 0.1679342 -0.8895609 0.8910436 -0.08870134 -2.022937 0.9030802 0.2709387 2.658185 2.383124 1.338064 3.642823 0.3105279 0.1707802 -0.6616708 2.798844 1.911661 -3.191986 1.40727 -0.6402217 0.6381965 3.555429 3.269706 7.199242 0.6321965 1 6.243563 -1.108793 9.244595 -1.797055 NA NA NA NA NA NA NA NA NA NA NA NA NA NA NA NA NA NA NA NA NA NA NA NA NA NA NA NA NA NA NA NA NA NA NA NA NA NA NA NA
55 1.574141 1.976864 1.863564 -1.008518 1.273828 -0.4669479 0.1722772 0.7820161 0.7099876 1.776568 0.9483412 1 -0.4081127 0.9329928 0.4895825 -2.08944 1.418852 -0.1686276 2.127263 1.899208 1.146839 2.876407 0.2386649 0.2697373 -2.712266 3.11608 1.385762 -2.671483 0.5681952 0.4128657 2.500925 2.410902 1.304466 5.251242 0.2871075 0.1849401 16.69408 -2.361572 21.80036 -3.355415 NA NA NA NA NA NA NA NA NA NA NA NA NA NA NA NA NA NA NA NA NA NA NA NA NA NA NA NA NA NA NA NA NA NA NA NA NA NA NA NA
56 -0.1208307 2.028846 1.056312 -1.046011 1.091827 -0.7504773 3.204617 0.921044 0.8312503 2.376575 0.3121508 0.1899757 -0.8495502 1.092951 -1.744879 -1.684136 1.609677 -0.06744606 0.2171024 1.232254 0.9708959 2.680152 0.581665 0.1476987 -3.229312 3.178278 2.127234 -3.062986 0.54463 -0.5618476 1.831465 1.834918 1.306275 3.80155 0.1779949 0.2714607 4.6076 -0.6659778 6.017271 -1.345797 NA NA NA NA NA NA NA NA NA NA NA NA NA NA NA NA NA NA NA NA NA NA NA NA NA NA NA NA NA NA NA NA NA NA NA NA NA NA NA NA
57 2.516087 1.935136 2.987395 -1.177566 0.7218347 -0.1544145 0.7138767 0.7051993 0.4581379 1.656518 0.2114842 0.9879524 -1.75772 1.059767 -1.438085 -1.732853 2.073631 0.2979412 2.161331 2.438781 1.791669 4.035259 0.4334055 0.2123522 -0.8491947 2.816141 1.272852 -3.067359 2.59205 0.7981187 1.340788 1.978951 1.364951 4.366053 0.3347613 0.1499411 5.237973 -0.9313837 9.574526 -2.060482 NA NA NA NA NA NA NA NA NA NA NA NA NA NA NA NA NA NA NA NA NA NA NA NA NA NA NA NA NA NA NA NA NA NA NA NA NA NA NA NA
58 1.07427 1.923733 2.663378 -1.066136 1.354645 0.5764865 2.183672 1.337437 0.9836327 1.659473 0.4094756 1 -1.191739 0.9995171 -1.432383 -1.799769 3.132932 0.1269212 0.8698819 1.869694 1.207927 3.973998 0.3906951 0.2915051 -3.016053 3.177146 -0.8127938 -2.715125 0.3982187 0.0780883 1.889215 3.364551 2.257455 5.199697 0.1054923 0.3480905 13.7041 -2.908749 16.30114 -3.50846 NA NA NA NA NA NA NA NA NA NA NA NA NA NA NA NA NA NA NA NA NA NA NA NA NA NA NA NA NA NA NA NA NA NA NA NA NA NA NA NA
59 1.250798 2.068208 2.29519 -0.9453751 2.309992 0.6998101 1.315121 0.9407588 0.7485818 1.625286 0.4712808 0.9999988 0.4745627 0.8487235 0.4702605 -2.090352 1.407056 0.1399449 0.07956291 1.528962 1.113023 4.057339 0.1571944 0.4711765 -1.219239 3.003778 1.171056 -2.82208 1.088002 0.9927164 2.81673 3.173516 1.855133 5.601265 0.2389542 0.2919411 5.6737 -0.9843816 10.07627 -2.278115 NA NA NA NA NA NA NA NA NA NA NA NA NA NA NA NA NA NA NA NA NA NA NA NA NA NA NA NA NA NA NA NA NA NA NA NA NA NA NA NA
60 0.2313322 2.067596 2.447321 -0.9201322 1.706687 0.6035911 1.691296 1.066635 0.9775185 2.155488 0.3378925 0.2425318 -0.4425922 0.7988268 -0.1189207 -1.870283 0.4817239 -0.6083791 1.022515 3.153567 2.829067 6.99023 0.2241841 0.2633397 -2.222488 2.953634 0.128666 -2.940606 0.9701252 1.097306 1.97894 2.836257 1.805425 5.175965 0.2225336 0.1336527 10.89749 -1.429417 12.2671 -1.915875 NA NA NA NA NA NA NA NA NA NA NA NA NA NA NA NA NA NA NA NA NA NA NA NA NA NA NA NA NA NA NA NA NA NA NA NA NA NA NA NA
61 0.8835074 2.109305 2.32419 -1.034782 0.2319708 0.001409774 0.004659892 0.8445037 0.5170288 1.820188 0.3594852 1 -0.1663754 0.982503 0.7315298 -1.900815 3.564052 1.00365 0.6148482 1.623559 0.6915707 2.685162 0.4765372 0.1700518 -1.944128 3.060536 1.582396 -2.952855 1.987928 0.6455424 0.7034241 3.52544 2.47278 5.115315 0.4171581 1 7.320709 -1.108171 9.188908 -1.4531 NA NA NA NA NA NA NA NA NA NA NA NA NA NA NA NA NA NA NA NA NA NA NA NA NA NA NA NA NA NA NA NA NA NA NA NA NA NA NA NA
62 0.768254 2.009945 2.664906 -0.933785 3.170155 0.1710093 1.664943 1.025073 0.4050651 1.326202 0.3743262 0.9999992 -0.508423 0.9114025 0.745618 -2.143098 1.104411 1.337297 3.041426 1.932151 1.373728 3.583307 0.1820618 0.1492492 -1.483718 2.860601 -0.3704158 -2.84766 1.305265 0.5047448 2.31145 3.029361 1.664581 7.742013 0.1436643 0.1795387 6.876091 -1.170949 6.993661 -1.254885 NA NA NA NA NA NA NA NA NA NA NA NA NA NA NA NA NA NA NA NA NA NA NA NA NA NA NA NA NA NA NA NA NA NA NA NA NA NA NA NA
63 1.63195 2.265337 1.1484 -0.9637876 1.993052 0.5539569 0.154414 0.8951275 0.2848006 0.8676805 0.2202597 1 -0.8103017 0.9911368 -0.6294686 -1.899381 1.676383 0.5143469 1.68062 2.154412 1.579394 4.30194 0.3824912 0.1611512 -2.162706 2.969522 1.049789 -3.024141 1.476833 -0.5548919 1.133499 3.944587 3.310866 7.687466 0.1438443 0.2058068 11.20451 -2.050365 14.6088 -2.393947 NA NA NA NA NA NA NA NA NA NA NA NA NA NA NA NA NA NA NA NA NA NA NA NA NA NA NA NA NA NA NA NA NA NA NA NA NA NA NA NA
64 -0.05091832 1.971901 0.1016601 -0.8846579 1.968668 -0.2160908 0.4233659 1.705306 0.7840768 1.927011 0.9538644 0.999987 -1.026106 1.052516 -0.5896891 -1.88596 2.21145 0.5265677 1.499064 1.93039 1.291669 3.301793 0.2383738 0.1361753 -1.319555 2.91351 -0.07170021 -2.874048 3.064292 -0.8473713 2.40811 2.33051 1.150977 3.248656 0.3671735 1 12.93005 -2.051289 19.73605 -3.490231 NA NA NA NA NA NA NA NA NA NA NA NA NA NA NA NA NA NA NA NA NA NA NA NA NA NA NA NA NA NA NA NA NA NA NA NA NA NA NA NA
65 2.107036 1.846017 2.815377 -1.104692 2.739737 0.524996 1.707614 0.808058 0.4198574 1.733885 0.1705734 0.3728743 -0.886868 1.002504 -0.09684005 -1.969377 1.291129 0.1339268 0.6280328 1.760351 1.010702 3.340117 0.06314147 0.1620564 -2.77862 2.979264 0.7153736 -2.922737 1.63679 -0.6652196 0.8092002 2.944458 2.163466 5.319396 0.2900844 0.2190072 6.769263 -0.983605 10.2493 -1.669499 NA NA NA NA NA NA NA NA NA NA NA NA NA NA NA NA NA NA NA NA NA NA NA NA NA NA NA NA NA NA NA NA NA NA NA NA NA NA NA NA
66 -0.5145904 2.084443 2.234062 -0.9384849 1.576195 -0.3012604 3.119326 1.099423 0.8604275 1.97539 0.274717 1 -0.2035987 0.9617676 -0.4002526 -1.968727 1.852796 1.121899 1.695717 3.2157 1.272012 4.695576 0.3234401 0.3511069 -0.6963168 2.905861 1.731904 -3.015254 1.606873 -0.2514884 0.3678743 2.932705 2.052177 6.196542 0.3995074 0.159047 6.914864 -1.147016 12.923 -2.751375 NA NA NA NA NA NA NA NA NA NA NA NA NA NA NA NA NA NA NA NA NA NA NA NA NA NA NA NA NA NA NA NA NA NA NA NA NA NA NA NA
67 1.238392 1.985334 1.856123 -1.023563 0.6502762 -0.2510605 1.199965 0.894476 0.6245356 2.293524 0.3359081 0.1766851 -0.5429399 0.9471724 -0.0189116 -1.95753 2.545623 1.286383 2.066015 1.483398 0.8647371 3.95941 0.2323398 0.1610969 -0.01097258 2.82207 2.199799 -3.273405 0.3135688 -0.01995022 0.02008976 3.096859 1.959193 7.376748 0.1259415 0.1997918 7.962064 -1.079557 11.22858 -2.031856 NA NA NA NA NA NA NA NA NA NA NA NA NA NA NA NA NA NA NA NA NA NA NA NA NA NA NA NA NA NA NA NA NA NA NA NA NA NA NA NA
68 0.3498183 2.084083 2.433801 -1.035128 0.7235698 -0.008498821 0.6707788 0.9777495 0.5480948 1.160003 0.4797633 0.3286925 -0.1144738 0.921508 0.2040785 -2.134831 1.840995 0.9619811 2.254767 1.702355 1.759866 4.606983 0.2365012 0.1656098 -1.703212 3.008644 -0.0704224 -2.799723 3.203261 0.07247276 0.1466318 2.44824 1.615931 6.405043 0.3577195 0.2378511 8.659031 -1.325237 11.31491 -2.031734 NA NA NA NA NA NA NA NA NA NA NA NA NA NA NA NA NA NA NA NA NA NA NA NA NA NA NA NA NA NA NA NA NA NA NA NA NA NA NA NA
69 -0.01063341 2.11442 2.84983 -1.009085 1.114864 0.1483953 0.8226091 0.9312431 0.5732065 1.089037 0.4451978 0.1547421 -0.9099477 0.9969453 -0.07083058 -2.023104 1.698772 1.362473 1.842905 1.575596 1.35768 4.334752 0.2512966 0.1458685 -2.917348 2.956117 0.04261069 -2.981792 3.428939 1.943503 2.592023 3.616702 3.269122 8.167109 0.1233573 0.230387 4.885515 -0.7138442 7.097571 -1.441321 NA NA NA NA NA NA NA NA NA NA NA NA NA NA NA NA NA NA NA NA NA NA NA NA NA NA NA NA NA NA NA NA NA NA NA NA NA NA NA NA
70 1.06 1.984777 1.358121 -1.015583 0.5039851 -0.2009251 1.984817 0.927217 0.5980159 1.663855 0.215278 0.1260416 -1.246799 1.074638 0.4501982 -1.991852 0.3702085 -0.6169223 1.297133 2.841548 2.703427 5.216362 0.338812 0.4222918 -2.522045 3.123664 0.9895252 -2.969188 0.1700698 -0.4359838 1.279634 3.595156 2.74748 5.257518 0.3338549 0.159546 12.47118 -1.694861 14.59721 -2.682647 NA NA NA NA NA NA NA NA NA NA NA NA NA NA NA NA NA NA NA NA NA NA NA NA NA NA NA NA NA NA NA NA NA NA NA NA NA NA NA NA
71 1.095474 2.013976 1.704626 -0.9258649 1.325367 0.6564729 2.091965 1.117844 1.109977 2.91679 0.202326 0.245557 -1.193129 0.9376526 0.279857 -2.05325 2.662424 0.4390366 3.389161 1.968533 1.637808 3.775714 0.2365578 0.2010174 -1.931248 3.030108 0.06126537 -2.705141 1.10933 0.7208492 0.4811056 2.825625 2.724777 6.414968 0.2899449 0.2426548 5.258847 -0.9659865 6.187964 -1.238073 NA NA NA NA NA NA NA NA NA NA NA NA NA NA NA NA NA NA NA NA NA NA NA NA NA NA NA NA NA NA NA NA NA NA NA NA NA NA NA NA
72 1.997436 1.945002 0.9439933 -0.9695379 0.6326535 -0.1922796 0.605286 0.8484675 0.214336 1.090346 0.1528299 0.3176428 -0.7458552 0.8442462 -0.1098377 -1.909236 1.089347 -0.6842023 1.083217 1.961847 1.389448 3.784438 0.2791914 0.2239601 -1.495284 2.833228 1.249669 -3.32371 0.4166934 0.2998074 1.619853 2.683507 2.270466 6.217099 0.417459 0.1164888 13.91095 -2.201757 18.07634 -3.515837 NA NA NA NA NA NA NA NA NA NA NA NA NA NA NA NA NA NA NA NA NA NA NA NA NA NA NA NA NA NA NA NA NA NA NA NA NA NA NA NA
73 0.8432051 2.038778 1.725401 -0.9058509 2.038344 0.2547309 0.2726686 1.078289 0.4003799 1.960906 0.6352073 1 -0.6505167 1.041237 -0.3423752 -1.979022 2.714546 0.6037566 2.225265 2.177364 1.618912 3.968364 0.3129344 0.2624216 -1.353841 2.927232 1.23201 -3.110371 1.552748 1.270936 1.870598 2.628996 1.241724 4.946779 0.5714129 0.2381934 10.63594 -1.798079 13.33082 -2.429019 NA NA NA NA NA NA NA NA NA NA NA NA NA NA NA NA NA NA NA NA NA NA NA NA NA NA NA NA NA NA NA NA NA NA NA NA NA NA NA NA
74 1.493605 2.021817 2.777866 -1.015253 0.383558 -0.2709802 0.2031385 0.6899423 0.4608195 1.599842 0.3489869 1 -1.707584 1.042434 -0.8047222 -1.899573 1.849141 0.3498864 3.465011 1.90081 1.328113 4.120893 0.267647 0.1605736 -1.317873 2.996874 1.182729 -3.106989 1.978953 0.1489787 2.655631 2.892139 1.903015 4.624354 0.3593773 0.2237428 5.101699 -0.8603353 7.67917 -1.25083 NA NA NA NA NA NA NA NA NA NA NA NA NA NA NA NA NA NA NA NA NA NA NA NA NA NA NA NA NA NA NA NA NA NA NA NA NA NA NA NA
75 1.113623 2.020816 1.102136 -0.9282363 1.283731 0.6551485 2.690185 0.5632267 0.272995 1.15418 0.3829985 0.179765 0.03393133 1.000449 -1.020648 -1.832896 0.6406464 1.215876 2.821 1.803601 1.161181 4.119309 0.3658383 0.2042277 -1.581138 2.992978 2.409611 -3.154129 0.9695373 -0.1190291 1.160856 1.872248 1.147718 3.761775 0.3645477 0.1233687 5.089441 -0.9269941 9.774244 -2.294411 NA NA NA NA NA NA NA NA NA NA NA NA NA NA NA NA NA NA NA NA NA NA NA NA NA NA NA NA NA NA NA NA NA NA NA NA NA NA NA NA
76 0.9012699 2.038885 0.4724787 -0.712662 2.35177 -0.3494866 2.227467 0.8244454 0.7614966 2.186984 0.28377 1 -0.9082933 0.9775101 -0.879775 -1.787032 2.160914 -0.1556121 2.152431 2.061339 1.54567 4.29494 0.1437475 0.1451977 -3.032619 3.218174 0.6946909 -2.904883 0.09182836 -0.4116051 2.039657 2.109409 1.640306 4.152602 0.2000705 0.1090561 10.70397 -1.565238 13.63644 -2.176215 NA NA NA NA NA NA NA NA NA NA NA NA NA NA NA NA NA NA NA NA NA NA NA NA NA NA NA NA NA NA NA NA NA NA NA NA NA NA NA NA
77 1.947686 1.927611 0.9678323 -0.923734 1.29706 0.4422576 1.555376 0.8908728 0.728201 1.793315 0.4610955 0.1423364 -0.4612191 0.8752896 -0.5675974 -1.969051 1.530951 -0.298379 3.296171 2.191514 1.135765 3.872094 0.2293467 0.2024199 -1.793044 2.814083 0.8147884 -3.267787 0.6902889 -0.3647194 1.576412 2.506586 2.132128 5.702379 0.5265893 1 13.79033 -2.716891 16.11223 -3.631683 NA NA NA NA NA NA NA NA NA NA NA NA NA NA NA NA NA NA NA NA NA NA NA NA NA NA NA NA NA NA NA NA NA NA NA NA NA NA NA NA
78 -0.8625999 2.139961 0.3488752 -0.7461608 3.766512 0.4184673 1.133086 1.028014 0.7139368 1.808462 0.983166 0.9888412 -0.730279 1.008841 -0.2192261 -1.853287 2.754672 2.144903 3.690539 2.754738 2.133384 4.783428 0.3174875 0.2016529 -2.680586 3.131653 0.3732637 -2.702685 1.207895 0.09409574 0.96309 2.922342 2.228711 6.170892 0.7466713 0.9999998 12.34036 -1.825846 14.31109 -2.284393 NA NA NA NA NA NA NA NA NA NA NA NA NA NA NA NA NA NA NA NA NA NA NA NA NA NA NA NA NA NA NA NA NA NA NA NA NA NA NA NA
79 0.6155932 1.988012 2.999846 -1.094302 0.8306654 -0.6747503 0.6554308 0.6434938 0.6327449 1.977993 0.5873951 1 -0.04755777 0.9658943 -0.3021801 -1.913373 1.215847 0.08103341 1.269919 1.966155 1.633832 4.68176 0.4685289 0.179221 -2.819012 3.28068 -0.2152584 -2.711227 0.4290523 -0.6783142 1.37695 3.136669 2.845267 5.686618 0.1148178 0.2107062 5.005361 -0.8188717 7.773322 -1.413547 NA NA NA NA NA NA NA NA NA NA NA NA NA NA NA NA NA NA NA NA NA NA NA NA NA NA NA NA NA NA NA NA NA NA NA NA NA NA NA NA
80 0.1778916 2.154794 1.076515 -0.9921155 0.950101 0.5854033 1.279658 1.180657 0.7487621 1.665118 0.3762653 0.2140419 -1.293621 1.004567 0.5262701 -1.974911 2.789835 1.52293 4.063056 1.598026 1.103044 2.772166 0.2898941 0.2016659 -2.152805 3.033925 0.9939614 -2.906764 1.103937 0.1852564 0.1462758 2.718715 1.964787 5.813584 0.2549138 0.3969978 7.166289 -1.253736 14.27441 -3.504714 NA NA NA NA NA NA NA NA NA NA NA NA NA NA NA NA NA NA NA NA NA NA NA NA NA NA NA NA NA NA NA NA NA NA NA NA NA NA NA NA
81 1.435195 2.045016 3.158458 -1.024948 1.796979 0.1314078 0.5883736 1.10827 1.027866 2.698307 0.3009815 0.2568673 -1.910489 1.094267 -0.2724215 -1.899128 5.103812 1.772564 1.318442 1.331306 0.7254331 2.149894 0.4192928 0.1540627 -2.970684 3.076871 -0.56781 -2.854854 0.1398166 -0.1440248 0.4451628 3.096593 1.927518 5.416574 0.2736154 0.1887869 5.550699 -0.9202057 7.532117 -1.361094 NA NA NA NA NA NA NA NA NA NA NA NA NA NA NA NA NA NA NA NA NA NA NA NA NA NA NA NA NA NA NA NA NA NA NA NA NA NA NA NA
82 1.555943 2.02152 2.188986 -0.999875 1.062267 0.08192335 1.183243 0.9865368 0.6790847 1.612624 0.3410341 0.2675001 -1.691319 0.9975245 -0.1334985 -1.942881 1.939407 0.4615938 3.361048 2.443589 1.671737 4.257028 0.3507575 0.1793079 -2.180819 2.991851 1.830578 -3.099994 4.731209 0.6457916 2.234504 2.509921 2.496661 6.84457 0.346545 0.2521717 8.772334 -1.230753 11.74683 -2.008559 NA NA NA NA NA NA NA NA NA NA NA NA NA NA NA NA NA NA NA NA NA NA NA NA NA NA NA NA NA NA NA NA NA NA NA NA NA NA NA NA
83 1.547175 2.036022 2.748799 -0.7804881 1.335732 -0.4289092 0.1429412 1.310366 0.7413556 1.239718 0.6849118 1 -1.579678 1.033609 0.0233014 -1.89711 3.049877 2.157206 5.449695 2.345498 1.994324 5.089736 0.3458516 0.2022469 -1.39343 3.028319 0.8788144 -2.906227 3.933912 -1.822811 1.132059 3.650393 2.954136 6.605215 0.2522859 0.1732116 2.354626 -0.5614239 5.258107 -1.114219 NA NA NA NA NA NA NA NA NA NA NA NA NA NA NA NA NA NA NA NA NA NA NA NA NA NA NA NA NA NA NA NA NA NA NA NA NA NA NA NA
84 1.415703 2.022776 0.9275628 -1.014121 1.206978 0.9298074 2.068376 0.6883896 0.5784573 1.573566 0.3864848 0.112458 -1.086862 1.053493 0.253626 -1.896368 3.024368 0.870161 1.494723 1.671141 1.01412 3.411159 0.3521507 0.1667861 -3.281575 3.17689 0.7584477 -3.076091 1.626592 1.682203 5.59987 2.762028 1.975208 4.649543 0.3756023 0.1556735 5.950631 -1.233645 6.444292 -1.347675 NA NA NA NA NA NA NA NA NA NA NA NA NA NA NA NA NA NA NA NA NA NA NA NA NA NA NA NA NA NA NA NA NA NA NA NA NA NA NA NA
85 1.408084 2.052172 2.63981 -1.057296 3.257256 1.117835 0.8522265 0.7419348 0.6103072 1.791871 0.359001 0.274702 -0.7387246 0.9317285 -0.3508024 -1.860068 2.702638 1.083068 2.039114 2.06869 1.418377 3.770349 0.4971954 0.2451569 -1.082675 2.932945 1.660989 -3.120982 1.702741 -0.356256 1.142623 2.835936 0.8870507 3.230127 0.1748709 1 12.4486 -1.581376 15.75399 -2.476054 NA NA NA NA NA NA NA NA NA NA NA NA NA NA NA NA NA NA NA NA NA NA NA NA NA NA NA NA NA NA NA NA NA NA NA NA NA NA NA NA
86 0.7595763 2.042453 2.818287 -0.9805814 2.144618 -0.5106023 1.857405 1.174614 0.9444261 1.728312 0.3281337 0.2317917 -0.05394849 0.9096675 -0.3814416 -1.883756 2.792411 1.278782 1.649423 1.784828 0.9668374 3.25221 0.3316236 0.2495618 -2.222119 2.964294 0.5415115 -2.805663 0.5262442 1.30479 4.972926 1.276296 1.3219 4.42397 0.2168663 0.1980984 9.504976 -1.200061 13.05517 -2.063111 NA NA NA NA NA NA NA NA NA NA NA NA NA NA NA NA NA NA NA NA NA NA NA NA NA NA NA NA NA NA NA NA NA NA NA NA NA NA NA NA
87 0.2758451 1.997572 1.428695 -0.8817874 1.253779 1.73034 3.812658 0.9522909 0.513298 1.722289 0.2473765 1 -1.074177 1.063527 -0.8229696 -1.961223 1.458733 0.3885304 2.199005 2.481574 1.536819 4.081994 0.5377709 0.2235406 -2.832395 2.994221 0.4012118 -2.860475 3.246418 2.519991 2.1096 2.969403 2.022443 6.57276 0.1054612 0.2051492 11.22344 -1.752593 14.59821 -2.503649 NA NA NA NA NA NA NA NA NA NA NA NA NA NA NA NA NA NA NA NA NA NA NA NA NA NA NA NA NA NA NA NA NA NA NA NA NA NA NA NA
88 1.579824 1.901489 0.5987935 -0.8441841 0.785129 -0.05054812 0.6089652 1.208505 0.6615888 1.471847 0.1377521 0.3552141 0.08955939 0.9316836 0.3234245 -2.053709 2.27296 0.5256691 1.774727 2.594211 2.269427 4.530495 0.4014243 0.1427783 -3.894598 3.20356 0.4616974 -3.025569 3.396174 1.069006 1.889917 2.79516 1.795136 5.284472 0.3361197 0.1866299 8.649501 -1.374573 11.31217 -2.07966 NA NA NA NA NA NA NA NA NA NA NA NA NA NA NA NA NA NA NA NA NA NA NA NA NA NA NA NA NA NA NA NA NA NA NA NA NA NA NA NA
89 1.712355 1.948023 1.907296 -1.043516 3.75458 0.7677213 0.5085882 1.098507 0.96049 2.198623 0.312254 0.2815403 -0.2453126 1.038619 0.02312836 -1.814866 2.255055 1.3763 1.731728 1.852111 2.083826 4.89678 0.1271208 0.1600872 -1.758646 3.120283 0.4451902 -3.061366 1.782699 0.5276054 3.051871 2.949353 1.618931 6.528565 0.120775 0.3242615 6.30192 -1.045843 7.024058 -1.473639 NA NA NA NA NA NA NA NA NA NA NA NA NA NA NA NA NA NA NA NA NA NA NA NA NA NA NA NA NA NA NA NA NA NA NA NA NA NA NA NA
90 0.9031695 1.941489 1.75827 -1.111148 3.242528 0.7307537 1.799084 0.7905035 0.454787 1.814242 0.7693794 1 0.06053217 1.037142 1.257729 -2.239411 2.878766 1.737556 1.99121 2.554174 1.746352 3.084784 0.125826 0.1748868 -1.906952 3.043087 1.326456 -2.995176 1.855102 -0.4255007 1.028249 3.692092 2.792445 6.789841 0.2730168 0.2287055 6.303849 -1.06021 9.428322 -1.982123 NA NA NA NA NA NA NA NA NA NA NA NA NA NA NA NA NA NA NA NA NA NA NA NA NA NA NA NA NA NA NA NA NA NA NA NA NA NA NA NA
91 0.6540484 2.080229 2.039694 -1.041495 0.8064347 0.1105964 2.055984 0.5647219 0.2330107 1.386481 0.1281579 1 -1.256463 1.090121 0.9943114 -1.976259 2.381314 0.3358384 2.96628 2.379561 1.639056 6.22779 0.4194343 0.2987872 -1.226374 2.871087 1.605553 -3.225586 2.074115 -0.7834953 0.9438841 2.429532 1.386982 6.386403 0.1614034 0.20721 7.597339 -1.252862 10.82 -2.046305 NA NA NA NA NA NA NA NA NA NA NA NA NA NA NA NA NA NA NA NA NA NA NA NA NA NA NA NA NA NA NA NA NA NA NA NA NA NA NA NA
92 1.703048 1.884704 1.520247 -0.887651 7.730922 -5.626697 4.258977 1.347777 1.175241 2.909979 0.7255807 1 -1.140179 1.016672 1.108146 -2.068861 3.202333 1.894598 2.949098 3.191884 1.65913 3.931521 0.3036969 0.1932671 -1.453571 3.032005 -1.08188 -2.540974 2.526604 0.5924478 2.746051 3.526181 1.940145 5.090293 0.4256242 0.2534465 8.210811 -1.345697 9.644432 -1.7379 NA NA NA NA NA NA NA NA NA NA NA NA NA NA NA NA NA NA NA NA NA NA NA NA NA NA NA NA NA NA NA NA NA NA NA NA NA NA NA NA
93 0.6809113 2.029444 2.865695 -1.128843 1.652567 0.5002039 1.129797 0.4741774 0.5830944 1.584497 0.3747941 0.07769574 0.08163041 0.8841491 -0.1401436 -2.035685 2.323473 0.6407158 1.696913 2.046725 1.395357 3.28223 0.0005184563 0.2733864 -2.096559 3.034841 -0.3826979 -2.970881 1.470879 -0.8380231 2.237244 2.606319 2.178387 5.010901 0.401347 0.1848868 6.030915 -1.13037 6.826955 -1.458849 NA NA NA NA NA NA NA NA NA NA NA NA NA NA NA NA NA NA NA NA NA NA NA NA NA NA NA NA NA NA NA NA NA NA NA NA NA NA NA NA
94 0.4748969 2.022284 3.486139 -1.032375 3.046776 0.4972345 0.08307515 0.8923493 0.8426081 1.903365 0.9453911 1 0.01214592 1.144852 1.118742 -1.974196 7.768875 4.61836 4.860758 1.928283 1.425319 3.267693 0.2561662 0.2047532 -2.677739 3.005218 0.8395892 -3.083599 1.169401 0.2638747 1.317564 3.338382 1.745224 5.406262 0.8920311 0.9999997 9.677947 -1.409849 13.46747 -2.110579 NA NA NA NA NA NA NA NA NA NA NA NA NA NA NA NA NA NA NA NA NA NA NA NA NA NA NA NA NA NA NA NA NA NA NA NA NA NA NA NA
95 1.521417 2.117598 0.9968406 -0.9139867 0.04020844 0.1281647 0.4451485 0.4954818 0.4466046 1.224516 0.7505118 0.1573388 -1.205331 1.100724 -0.3411751 -1.881027 3.729105 2.761257 6.482009 2.741212 1.844016 4.456976 0.2023995 0.2536282 -2.544501 2.969231 -0.1763238 -2.905491 3.320938 0.8783096 0.9874401 1.444816 0.3259172 3.523671 0.1683032 0.1815097 8.492238 -1.384453 10.02552 -1.343637 NA NA NA NA NA NA NA NA NA NA NA NA NA NA NA NA NA NA NA NA NA NA NA NA NA NA NA NA NA NA NA NA NA NA NA NA NA NA NA NA
96 0.870322 1.940378 1.896246 -1.153517 1.616097 1.693145 1.897499 0.5985139 0.0606855 1.958014 0.6104657 0.09050308 -1.670153 1.046665 0.1431926 -1.931673 1.362811 0.3299652 1.314034 1.609341 1.579257 4.011824 0.08866728 0.2986987 -3.044068 3.214207 -1.060609 -2.808383 2.260241 0.7234866 0.2387038 2.855154 2.91649 7.159768 0.2811413 1 15.43556 -2.350051 16.99516 -2.638228 NA NA NA NA NA NA NA NA NA NA NA NA NA NA NA NA NA NA NA NA NA NA NA NA NA NA NA NA NA NA NA NA NA NA NA NA NA NA NA NA
97 1.251944 1.942111 2.656731 -1.058057 3.711546 0.7361853 0.1959538 0.8514828 0.5684216 1.802378 0.3360073 0.1762198 -0.6582024 1.085682 -0.3590678 -1.933106 2.056085 0.6644676 2.863102 1.884916 1.476744 4.034985 0.1461529 0.2242102 -1.595449 2.871238 0.2148228 -2.891503 0.7548242 -1.151222 1.885746 2.649751 1.462666 4.581719 0.2717564 0.4896477 8.556868 -1.318558 10.28158 -1.743641 NA NA NA NA NA NA NA NA NA NA NA NA NA NA NA NA NA NA NA NA NA NA NA NA NA NA NA NA NA NA NA NA NA NA NA NA NA NA NA NA
98 0.04389835 2.032747 1.254962 -0.8815158 0.9694683 0.3637334 0.2196173 1.167554 0.8050924 1.916973 0.8531009 0.9999999 -1.587099 1.063983 -1.122712 -1.766279 3.632518 1.801474 2.995157 2.128472 1.51696 4.951575 0.3636335 0.2598882 -1.963592 2.924568 1.794982 -3.083212 2.722366 -0.03178236 2.230561 2.822175 1.099727 5.640395 0.284436 0.2543749 10.12093 -1.98615 11.75288 -2.265771 NA NA NA NA NA NA NA NA NA NA NA NA NA NA NA NA NA NA NA NA NA NA NA NA NA NA NA NA NA NA NA NA NA NA NA NA NA NA NA NA
99 1.362081 2.013181 2.324655 -0.8079651 1.135298 -0.09056664 1.188222 0.7592324 0.3994008 1.063141 0.33984 0.2627328 -1.075394 1.007661 0.6442257 -2.208912 2.55485 0.2450031 0.3418955 2.14408 1.699497 3.830915 0.405322 0.2026197 -1.749244 2.810264 0.9448892 -2.888542 1.940425 -0.000391049 0.1736934 2.726004 2.355031 5.688246 0.2235792 0.1849625 8.889234 -1.800586 13.57663 -3.156137 NA NA NA NA NA NA NA NA NA NA NA NA NA NA NA NA NA NA NA NA NA NA NA NA NA NA NA NA NA NA NA NA NA NA NA NA NA NA NA NA
100 3.145596 2.343131 6.510309 -0.1779816 0.02982411 0.01548109 0.08733443 1.328983 0.866162 3.355413 0.9985082 0.8786335 -0.454467 1.593604 0.7536549 -1.448156 8.581941 6.796246 7.597583 2.119827 1.633276 3.429197 0.2844176 0.2096978 -1.663743 3.071912 1.301022 -2.912855 1.771637 0.04548622 0.1833663 3.256019 0.9520053 5.364525 0.1446697 0.2183151 5.698012 -1.351511 8.346792 -1.339125 NA NA NA NA NA NA NA NA NA NA NA NA NA NA NA NA NA NA NA NA NA NA NA NA NA NA NA NA NA NA NA NA NA NA NA NA NA NA NA NA
