1 1.577841 1.915811 2.573976 -1.08938 5.404392 1.507215 1.51032 1.706614 1.258172 3.635278 -1.697537 1.124008 -1.508137 -1.856613 1.322491 -1.148665 8.143976 9.681468 7.586018 10.92761 -1.560435 2.969081 0.5807343 -3.097837 2.346367 0.2732159 2.19349 5.162938 3.211054 7.92545 5.677398 -1.220077 8.561818 -1.882576 NA NA NA NA NA NA NA NA NA NA NA NA NA NA NA NA NA NA NA NA NA NA NA NA NA NA NA NA NA NA NA NA NA NA
2 2.050565 1.939264 3.038245 -1.085572 1.91519 0.02194795 0.8326894 1.033397 0.7346681 1.444589 -0.1237937 0.9817471 -0.02286231 -1.873218 2.483228 2.869166 7.728928 5.751048 5.017974 11.34712 -1.461868 2.92343 1.127278 -2.974043 1.607636 0.8856078 3.725244 2.141833 1.076665 4.651465 5.265321 -0.9053602 7.08516 -1.321957 NA NA NA NA NA NA NA NA NA NA NA NA NA NA NA NA NA NA NA NA NA NA NA NA NA NA NA NA NA NA NA NA NA NA
3 1.987848 1.947545 2.858977 -0.9863341 1.120471 -0.1318392 1.523327 1.173754 0.6122417 2.663309 -1.514046 0.997033 -1.359532 -1.7352 2.759777 -0.6966441 0.3146417 3.192657 2.516967 9.396927 -1.195186 2.88455 0.8933896 -3.031008 2.80943 -0.7147819 1.434168 2.410821 1.439504 5.731366 6.788564 -1.179105 8.744221 -1.673693 NA NA NA NA NA NA NA NA NA NA NA NA NA NA NA NA NA NA NA NA NA NA NA NA NA NA NA NA NA NA NA NA NA NA
4 1.345266 1.993378 3.183453 -1.226335 0.4310459 -0.4496381 0.6325351 0.8057889 0.4992622 1.076134 -1.676098 1.060793 -1.403668 -1.742975 7.290501 1.299204 3.6897 5.167353 3.315928 7.529567 -2.880138 3.175792 -0.2235373 -2.917468 2.751766 -2.740989 2.886424 6.637534 6.273057 15.48955 9.583438 -1.692826 12.1746 -2.24263 NA NA NA NA NA NA NA NA NA NA NA NA NA NA NA NA NA NA NA NA NA NA NA NA NA NA NA NA NA NA NA NA NA NA
5 4.365183 2.411636 8.765561 -0.9150012 0.0006233388 0.0006867397 0.004959895 1.390024 1.526868 11.15501 -0.8030847 1.091597 0.3776214 -1.884589 7.296566 -1.463018 3.618023 3.535175 1.766175 5.556464 -1.325635 2.919545 0.5448101 -2.806835 5.6921 5.862149 10.23938 3.640168 3.368762 10.24744 11.72528 -2.148459 15.32868 -2.350368 NA NA NA NA NA NA NA NA NA NA NA NA NA NA NA NA NA NA NA NA NA NA NA NA NA NA NA NA NA NA NA NA NA NA
6 0.5985435 2.017779 2.554705 -1.060377 4.913799 1.211595 0.5031747 0.7568924 0.190911 1.25658 0.1620164 1.291114 2.239965 -2.028304 16.25201 12.4482 14.40076 5.077746 3.788 7.79453 -1.339999 2.870807 1.654425 -3.079801 0.2530949 -0.7354759 4.848005 4.547915 3.057822 13.19814 6.352061 -1.072537 8.785458 -1.730683 NA NA NA NA NA NA NA NA NA NA NA NA NA NA NA NA NA NA NA NA NA NA NA NA NA NA NA NA NA NA NA NA NA NA
7 1.50772 2.194266 0.6521381 -0.7950109 0.002560001 -0.0534479 1.480293 1.843994 0.6862594 3.814476 -1.773149 1.053166 -0.6713063 -1.956033 0.9387715 -0.6758031 1.650895 3.250788 2.248146 7.359119 0.5985279 2.710941 2.711862 -3.32604 14.46648 8.817717 15.89986 5.045175 2.630536 9.222005 21.31621 -3.270621 25.90279 -4.139652 NA NA NA NA NA NA NA NA NA NA NA NA NA NA NA NA NA NA NA NA NA NA NA NA NA NA NA NA NA NA NA NA NA NA
8 0.6161971 2.143837 1.514359 -0.8388183 13.18965 4.087884 2.384127 1.222564 1.000274 3.708994 -1.058926 1.020857 0.3129181 -2.025342 4.564566 -4.416858 4.756419 7.011833 6.00977 13.84431 -3.165481 2.854216 5.724848 -3.56515 5.217891 -5.218383 5.245494 4.663887 6.586499 22.33084 11.62167 -1.688799 16.8387 -3.050047 NA NA NA NA NA NA NA NA NA NA NA NA NA NA NA NA NA NA NA NA NA NA NA NA NA NA NA NA NA NA NA NA NA NA
9 2.234465 1.931113 3.31323 -1.072206 1.912292 -0.03137948 0.4423032 1.900458 0.823361 1.775534 -0.6226271 1.001072 0.05541692 -2.085354 7.883971 -1.059628 0.4443468 4.47168 3.790634 9.699485 -0.5420522 2.878522 2.538187 -3.420907 15.75669 5.384089 1.900463 7.556451 5.710082 18.05838 7.341904 -1.160939 10.26691 -2.2522 NA NA NA NA NA NA NA NA NA NA NA NA NA NA NA NA NA NA NA NA NA NA NA NA NA NA NA NA NA NA NA NA NA NA
10 1.225061 2.093021 1.146836 -0.8021621 2.233994 0.4487341 0.2376734 1.329086 1.221155 2.319031 -1.326475 1.067011 -0.2613749 -1.862369 3.944284 1.389767 6.175655 4.649869 2.99631 8.148445 -1.731961 2.926989 1.497564 -3.049897 2.960254 -0.8849838 2.240686 5.597807 3.351959 9.067723 11.13564 -1.917951 13.58275 -2.478906 NA NA NA NA NA NA NA NA NA NA NA NA NA NA NA NA NA NA NA NA NA NA NA NA NA NA NA NA NA NA NA NA NA NA
11 1.701362 2.003313 0.3545049 -0.9236344 0.4922563 0.8171831 2.040566 0.6966265 0.5886315 2.2071 -2.310485 1.193171 0.3850089 -1.850902 2.462628 -0.9820736 6.904889 2.492976 2.204352 7.814918 -2.14907 3.001603 0.6749881 -2.985746 2.269733 0.388089 1.801085 3.830701 2.57183 6.602231 3.882719 -0.6796742 5.591228 -1.143165 NA NA NA NA NA NA NA NA NA NA NA NA NA NA NA NA NA NA NA NA NA NA NA NA NA NA NA NA NA NA NA NA NA NA
12 5.000611 2.052647 1.877508 -0.869411 4.895874e-05 9.905366e-06 0.0001591579 0.1174267 0.02360135 0.3798799 -1.188425 1.258372 0.579438 -1.632264 13.44053 9.151008 10.01808 4.589539 4.016089 8.720258 -1.482783 2.879351 -1.355269 -2.879819 3.13553 -3.314164 3.522446 6.522244 5.945946 13.19267 9.800787 -1.623976 19.05224 -3.040253 NA NA NA NA NA NA NA NA NA NA NA NA NA NA NA NA NA NA NA NA NA NA NA NA NA NA NA NA NA NA NA NA NA NA
13 1.418994 1.912149 2.560467 -1.18011 3.093205 -0.7478776 1.285794 1.999513 1.162291 4.526764 -0.7129298 0.9860313 -0.1160163 -2.217414 5.312998 1.50235 0.9599534 4.326225 3.429445 11.03492 -2.532889 2.975005 2.859589 -3.18979 3.163094 -4.227618 9.784186 7.039423 3.683 11.25161 3.764603 -0.7908475 6.430333 -1.200081 NA NA NA NA NA NA NA NA NA NA NA NA NA NA NA NA NA NA NA NA NA NA NA NA NA NA NA NA NA NA NA NA NA NA
14 1.29998 2.027088 0.7662699 -1.006704 3.217637 -1.673266 2.873061 0.9968086 0.84191 2.289783 -0.4501672 1.021742 0.4174349 -1.996164 7.693631 0.3847122 1.083347 4.893494 3.506538 10.39452 -2.093562 2.953485 0.9095724 -2.851166 5.55874 3.246828 6.36476 2.462485 0.9037887 4.88033 10.68494 -1.648272 11.88689 -1.876101 NA NA NA NA NA NA NA NA NA NA NA NA NA NA NA NA NA NA NA NA NA NA NA NA NA NA NA NA NA NA NA NA NA NA
15 1.524838 1.875641 3.46008 -1.091521 0.7680313 -0.3362604 2.356261 1.821501 1.025702 2.49071 0.161137 0.8553893 -0.6800158 -1.932136 6.184193 -1.209576 0.3566962 3.692878 1.657483 5.137913 -2.968137 2.998852 0.3728163 -2.859892 1.243592 -0.01963896 2.816267 3.40317 2.671718 9.611017 5.808089 -1.001886 8.07315 -1.717022 NA NA NA NA NA NA NA NA NA NA NA NA NA NA NA NA NA NA NA NA NA NA NA NA NA NA NA NA NA NA NA NA NA NA
16 4.19503 2.527812 4.197746 -0.3780554 0.002181821 0.00426639 0.009227735 4.565926 8.961876 19.3907 -0.3032098 1.127972 -0.09742279 -1.929466 26.71265 15.40213 18.30293 6.18775 5.79972 14.54704 -2.333036 3.046798 0.3720023 -2.959328 1.919197 -0.479142 4.092026 4.291079 1.95208 8.154039 12.752 -2.040085 17.87447 -2.546931 NA NA NA NA NA NA NA NA NA NA NA NA NA NA NA NA NA NA NA NA NA NA NA NA NA NA NA NA NA NA NA NA NA NA
17 2.532998 2.002018 2.606218 -0.8795805 3.125616 2.610844 2.369779 1.037276 0.8476256 2.177942 -2.053486 1.187997 -0.287023 -1.903753 1.79498 1.779223 9.08599 4.349743 3.55471 9.892459 -1.982886 3.022693 1.193965 -3.09161 0.7039301 -0.2955429 2.570238 4.952419 4.247342 10.29826 5.217938 -1.223447 5.472408 -1.137809 NA NA NA NA NA NA NA NA NA NA NA NA NA NA NA NA NA NA NA NA NA NA NA NA NA NA NA NA NA NA NA NA NA NA
18 0.5726112 2.060124 1.97976 -1.069065 3.660225 0.6216069 1.701227 1.659355 0.5747417 2.310148 -1.578588 1.155296 0.974433 -2.001723 2.294303 0.7952251 4.419529 2.86817 2.509723 5.98417 -1.549317 3.020299 0.9696648 -2.837918 6.690935 0.4820508 2.388749 6.152198 3.48839 11.23171 5.994533 -1.074316 6.726065 -1.267799 NA NA NA NA NA NA NA NA NA NA NA NA NA NA NA NA NA NA NA NA NA NA NA NA NA NA NA NA NA NA NA NA NA NA
19 -0.7349949 1.928978 2.339206 -1.007342 0.001909631 0.00152414 0.002286798 0.6724453 0.546806 0.8251917 -1.096047 1.03019 0.7401407 -1.955463 4.303255 0.3770862 3.305747 3.286783 3.101677 7.652741 -1.360758 3.217563 -0.1068654 -2.818511 3.023013 -0.3795947 9.494454 4.526141 3.765833 10.56552 2.944216 -0.8157469 8.031364 -1.4807 NA NA NA NA NA NA NA NA NA NA NA NA NA NA NA NA NA NA NA NA NA NA NA NA NA NA NA NA NA NA NA NA NA NA
20 -0.6917304 2.172883 2.043671 -0.9632967 3.03819 -1.239821 0.5516568 5.099795 4.631566 8.553392 -1.023477 1.002444 -0.6544577 -1.987444 3.660193 1.062932 2.394644 3.872895 2.122136 4.676156 -3.144583 2.979869 0.3543515 -2.914984 4.136767 1.221718 1.905882 4.088925 2.970554 8.634681 4.410867 -0.7274231 13.22312 -2.841433 NA NA NA NA NA NA NA NA NA NA NA NA NA NA NA NA NA NA NA NA NA NA NA NA NA NA NA NA NA NA NA NA NA NA
21 0.8883076 2.08546 1.36731 -0.9049402 0.9885476 1.263915 2.881709 1.68896 0.4084825 2.462546 0.7013466 0.8968649 0.1638079 -1.933834 6.343612 0.5701438 0.1603841 1.588902 1.629054 5.1189 -1.865629 2.966995 1.137097 -2.772985 0.1292994 -0.3036624 6.869094 11.25321 7.400461 10.66516 8.667646 -1.519228 10.57066 -2.380257 NA NA NA NA NA NA NA NA NA NA NA NA NA NA NA NA NA NA NA NA NA NA NA NA NA NA NA NA NA NA NA NA NA NA
22 0.8468581 1.9344 1.825439 -0.9464916 0.02448156 -0.02088081 0.02370284 1.078453 0.1436087 1.500637 -0.1017884 1.211042 -0.1042941 -1.666097 6.638076 1.688082 7.660786 5.521825 4.062067 10.87249 0.4696258 2.680981 1.958774 -3.105505 2.760347 0.7684657 2.185236 7.30006 4.391053 11.01899 4.408193 -0.7660911 12.70966 -2.394295 NA NA NA NA NA NA NA NA NA NA NA NA NA NA NA NA NA NA NA NA NA NA NA NA NA NA NA NA NA NA NA NA NA NA
23 0.8589839 1.939899 1.17231 -1.056428 2.201689 -1.31997 1.094441 0.7934623 0.8119531 1.982597 -2.289084 1.068895 1.342511 -1.92122 1.426966 -0.7887022 10.80212 5.206376 2.83669 6.609186 -3.123848 3.027572 0.00622167 -2.860135 9.910849 -1.155617 3.715935 5.235862 2.875879 6.034472 10.23141 -1.464098 11.64749 -1.706913 NA NA NA NA NA NA NA NA NA NA NA NA NA NA NA NA NA NA NA NA NA NA NA NA NA NA NA NA NA NA NA NA NA NA
24 0.2374675 2.008814 0.4696883 -0.6616936 3.00633 0.3756394 2.021664 1.219163 0.9949406 2.189157 -1.659524 1.203472 -0.5606041 -1.896823 4.583556 1.878302 2.196414 6.001933 5.816207 12.27713 -2.19786 2.996187 1.804079 -3.123906 2.026891 -0.784081 0.4335107 2.212013 2.13004 4.995423 4.571771 -0.7267512 7.219265 -1.390175 NA NA NA NA NA NA NA NA NA NA NA NA NA NA NA NA NA NA NA NA NA NA NA NA NA NA NA NA NA NA NA NA NA NA
25 2.202444 2.116756 2.495646 -0.9392736 0.0188282 -0.08535658 0.4539105 0.7330673 0.6858276 1.28957 -0.271249 1.268262 0.7965311 -1.674647 6.967158 8.321446 13.47012 3.347923 2.488857 5.045849 -1.84727 2.856113 -0.2227232 -2.807238 5.778212 3.507946 5.691141 6.504516 4.126339 9.693271 3.818183 -0.6744979 7.407198 -1.19812 NA NA NA NA NA NA NA NA NA NA NA NA NA NA NA NA NA NA NA NA NA NA NA NA NA NA NA NA NA NA NA NA NA NA
26 1.88431 2.063336 3.516006 -1.108124 4.369454 0.6762942 2.105197 1.365361 1.164216 2.838966 -2.110453 0.9983703 0.4867543 -2.029568 4.711179 -0.1385193 3.275165 3.383826 2.191007 6.561091 -2.802653 3.063706 1.261568 -3.124963 3.423489 1.634099 0.8744306 3.258292 1.780903 4.865343 6.990066 -1.068064 8.746361 -1.426817 NA NA NA NA NA NA NA NA NA NA NA NA NA NA NA NA NA NA NA NA NA NA NA NA NA NA NA NA NA NA NA NA NA NA
27 3.399841 2.033848 2.165585 -1.11104 15.83494 2.44377 2.09242 7.388644 2.642922 4.698925 -0.5005805 1.158017 1.15841 -1.892444 11.86763 9.688272 14.26615 6.072484 3.646734 8.347444 -1.781734 2.94568 1.271385 -3.186098 2.297207 1.002009 1.925314 4.708038 3.086638 8.383528 5.093995 -0.8662929 8.425404 -1.392946 NA NA NA NA NA NA NA NA NA NA NA NA NA NA NA NA NA NA NA NA NA NA NA NA NA NA NA NA NA NA NA NA NA NA
28 1.836662 1.996323 2.60507 -0.835282 2.53207 -0.5675792 0.7558112 0.8423422 0.3813144 1.614182 -1.22657 1.149397 0.1917626 -1.915634 4.120563 3.21082 8.285324 2.911934 2.608992 7.964924 -0.4591137 2.805998 1.153036 -3.109045 5.403927 -4.659646 33.56748 9.002462 7.358125 18.35057 7.138832 -1.533276 14.19092 -3.066775 NA NA NA NA NA NA NA NA NA NA NA NA NA NA NA NA NA NA NA NA NA NA NA NA NA NA NA NA NA NA NA NA NA NA
29 1.473541 2.168304 -0.4656089 -0.6425844 1.488217 -0.1604684 0.0179343 0.6355607 0.374961 1.27268 -1.043528 1.102206 0.5547068 -1.960346 7.668909 5.054189 4.299356 4.791714 4.090168 9.437101 -0.295421 2.860453 1.983117 -3.118222 3.802502 0.01422539 0.01181336 6.00092 2.881523 13.92597 10.47659 -1.769092 17.72195 -3.20509 NA NA NA NA NA NA NA NA NA NA NA NA NA NA NA NA NA NA NA NA NA NA NA NA NA NA NA NA NA NA NA NA NA NA
30 1.041955 1.930182 1.621967 -0.9846712 3.608703 0.212856 5.704874 1.228973 0.9049147 2.063626 -0.4178982 1.116852 -0.7108356 -1.682464 11.63475 1.229177 0.1735229 3.70829 3.728935 13.22107 -0.5776572 2.796949 0.8888436 -3.190084 1.95975 -1.87079 8.068338 4.068695 2.905453 13.16294 15.15029 -2.548981 24.25379 -4.783611 NA NA NA NA NA NA NA NA NA NA NA NA NA NA NA NA NA NA NA NA NA NA NA NA NA NA NA NA NA NA NA NA NA NA
31 0.4742785 2.090792 2.909602 -0.7576591 0.7761316 4.126801 26.39962 1.438485 1.139042 5.621548 -1.319073 1.19338 1.236898 -1.817442 4.799061 -0.6258312 12.84628 4.29692 2.90978 9.089522 -1.816713 2.987447 1.232963 -2.996308 1.213069 0.9475607 4.535145 5.34507 2.983586 9.953663 6.183407 -1.192324 8.717542 -1.796231 NA NA NA NA NA NA NA NA NA NA NA NA NA NA NA NA NA NA NA NA NA NA NA NA NA NA NA NA NA NA NA NA NA NA
32 0.2905955 2.055873 1.20463 -0.7571183 1.467417 1.869256 2.381822 0.9701825 0.9483952 1.940779 0.4937779 1.134781 -0.3404017 -1.850698 6.059275 3.644883 6.346521 2.834268 2.339991 4.803518 -1.773121 3.108858 0.9681405 -3.086627 5.27472 -2.855997 3.399063 8.053789 6.161543 13.24844 19.15753 -2.563525 20.63577 -2.80875 NA NA NA NA NA NA NA NA NA NA NA NA NA NA NA NA NA NA NA NA NA NA NA NA NA NA NA NA NA NA NA NA NA NA
33 1.982475 2.176174 5.129261 -1.230296 1.125054 0.741047 0.4900175 0.7644978 0.2371775 0.5476696 -0.03938329 1.089672 0.7264614 -1.780045 8.248203 8.945421 15.59273 4.210003 2.670064 6.98318 -0.9424463 2.947786 0.987994 -3.218157 1.973972 -1.167444 1.529617 6.776044 3.813888 10.59341 4.167272 -0.8384311 9.189681 -1.720999 NA NA NA NA NA NA NA NA NA NA NA NA NA NA NA NA NA NA NA NA NA NA NA NA NA NA NA NA NA NA NA NA NA NA
34 0.9803405 1.9969 1.393042 -0.9227238 1.960482 -0.9619417 1.342011 0.766241 0.5092003 1.298199 -3.039148 1.277871 -0.8792771 -1.762524 3.617718 0.3483105 3.874714 5.055009 2.149122 7.353213 -2.811368 2.98228 0.83379 -3.090284 5.046452 0.8894727 6.219878 6.846277 4.584493 11.26912 7.331356 -1.506582 8.815067 -1.968155 NA NA NA NA NA NA NA NA NA NA NA NA NA NA NA NA NA NA NA NA NA NA NA NA NA NA NA NA NA NA NA NA NA NA
35 0.1575409 2.006008 2.781526 -1.048193 2.505082 -0.9697965 0.3800022 0.7141945 0.7907761 2.132192 -0.8465799 1.074206 1.363775 -1.859678 3.617258 2.898476 9.972967 4.106108 2.963414 6.81761 0.6897568 2.390387 1.068338 -3.376725 1.798408 3.084628 6.936052 6.93877 5.591878 15.18158 8.949738 -1.648156 15.72769 -3.5427 NA NA NA NA NA NA NA NA NA NA NA NA NA NA NA NA NA NA NA NA NA NA NA NA NA NA NA NA NA NA NA NA NA NA
36 0.5203156 2.130122 2.247262 -0.9883408 1.519355 -0.3052024 2.417507 1.323327 1.247281 2.469825 -1.406503 1.21453 -2.129514 -1.589558 1.936122 -0.2288094 6.499893 5.461488 3.987846 9.600955 -1.890875 3.028769 0.5714565 -2.885315 6.188218 4.010536 8.01169 11.69074 6.621548 14.18252 3.193033 -0.5784167 5.578678 -1.345612 NA NA NA NA NA NA NA NA NA NA NA NA NA NA NA NA NA NA NA NA NA NA NA NA NA NA NA NA NA NA NA NA NA NA
37 0.4601525 2.060722 2.814845 -0.9598848 5.325814 3.789525 9.902515 5.022874 2.880909 6.762534 -2.402635 1.066436 -0.3712484 -1.943985 2.10871 1.273155 9.029218 3.348586 3.375295 7.974062 -2.848049 3.002685 0.2613971 -2.877876 2.91062 1.677777 2.803769 2.942463 1.781354 5.159572 6.262576 -1.498871 7.103702 -1.677499 NA NA NA NA NA NA NA NA NA NA NA NA NA NA NA NA NA NA NA NA NA NA NA NA NA NA NA NA NA NA NA NA NA NA
38 1.086572 2.022879 2.251434 -1.012114 3.886922 0.7166551 2.044877 0.9989185 1.135073 3.117914 -0.5494407 1.01486 -0.2830798 -2.016267 2.968141 -0.3086186 1.192228 3.809617 3.754464 10.15745 0.06929655 2.92511 0.4399271 -2.555299 7.052886 -2.258421 4.337184 12.40012 5.167951 13.01073 8.993367 -1.492646 10.63962 -1.910574 NA NA NA NA NA NA NA NA NA NA NA NA NA NA NA NA NA NA NA NA NA NA NA NA NA NA NA NA NA NA NA NA NA NA
39 1.438203 2.022711 3.375658 -1.117097 1.529527 -0.4780385 1.094417 1.002302 0.2903147 1.71951 -1.045318 0.9552869 1.003974 -2.188745 4.370388 1.023834 1.855527 3.275267 2.643912 6.730289 -2.458584 2.977885 0.7998137 -3.082064 2.321773 1.87091 2.777716 3.304853 2.195813 8.07008 4.589279 -0.6818061 8.478266 -2.061354 NA NA NA NA NA NA NA NA NA NA NA NA NA NA NA NA NA NA NA NA NA NA NA NA NA NA NA NA NA NA NA NA NA NA
40 0.7172836 1.950406 2.276674 -1.182292 1.191875 -0.1583554 0.7642815 0.8321024 0.5473573 2.169046 -0.1174957 1.041446 -1.379796 -1.841827 5.431664 -2.012664 6.381026 6.632143 4.600473 8.684431 -1.573839 3.028155 1.65911 -3.155234 6.044182 -2.39838 2.354501 6.262667 5.631151 11.92881 6.047521 -0.9983067 7.049085 -1.426028 NA NA NA NA NA NA NA NA NA NA NA NA NA NA NA NA NA NA NA NA NA NA NA NA NA NA NA NA NA NA NA NA NA NA
41 2.093439 1.80442 3.580747 -1.195463 0.9477761 -0.124127 0.2832021 0.6985567 0.4457735 1.945766 -0.03954527 0.9917521 0.8396528 -1.973799 9.260845 5.081427 8.258024 3.245886 2.181624 6.95527 -2.96592 3.164362 1.061944 -2.834278 4.24074 0.6185101 0.6193781 3.065934 0.5893708 6.818967 3.509368 -0.5693761 5.764654 -0.9381508 NA NA NA NA NA NA NA NA NA NA NA NA NA NA NA NA NA NA NA NA NA NA NA NA NA NA NA NA NA NA NA NA NA NA
42 -0.7492856 1.999552 1.922931 -1.00763 0.4168295 -0.1527312 0.2304669 1.453059 0.6832551 1.940636 -0.3601088 0.9852359 1.501448 -2.088289 7.185703 2.269324 10.75175 4.405301 2.876106 10.50149 -1.88394 2.972436 3.204966 -3.054324 5.010168 3.829244 6.191728 5.89064 2.243925 14.81053 5.728799 -0.9475874 8.223827 -1.431484 NA NA NA NA NA NA NA NA NA NA NA NA NA NA NA NA NA NA NA NA NA NA NA NA NA NA NA NA NA NA NA NA NA NA
43 1.164697 1.887917 3.797849 -1.295137 0.173975 -0.1645091 0.779141 1.807767 0.7358691 3.331397 -1.724351 1.346195 -1.12858 -1.788943 8.62228 -3.529104 2.298093 5.639604 5.18729 12.28165 -2.120399 2.943991 2.634876 -3.276542 1.644317 -0.1327199 3.616658 5.928386 5.271752 14.52698 8.801645 -1.829122 10.91611 -2.254198 NA NA NA NA NA NA NA NA NA NA NA NA NA NA NA NA NA NA NA NA NA NA NA NA NA NA NA NA NA NA NA NA NA NA
44 2.921899 1.946422 3.124093 -1.045217 2.722146 0.9313843 1.267509 0.5183465 0.4845935 1.42312 -1.192714 1.289832 -0.9457444 -1.556515 7.18646 3.456406 7.210788 3.629142 3.15075 6.877468 -3.467079 3.143486 0.3208939 -3.259415 3.238128 3.634399 8.919441 9.257079 5.463552 12.64699 13.01183 -2.283422 14.09683 -2.09531 NA NA NA NA NA NA NA NA NA NA NA NA NA NA NA NA NA NA NA NA NA NA NA NA NA NA NA NA NA NA NA NA NA NA
45 -0.3365028 2.110941 0.7623717 -0.8948938 1.026777 0.549321 0.5659975 1.01212 0.8337672 2.063532 -0.4140789 0.8786278 0.6912736 -2.085336 3.059839 1.432402 3.473814 3.517364 2.204978 6.828732 -0.5875091 2.807633 0.119033 -3.007525 5.503362 -0.02178931 0.2038777 4.839955 3.63694 7.743047 6.903892 -1.063334 9.614236 -1.742684 NA NA NA NA NA NA NA NA NA NA NA NA NA NA NA NA NA NA NA NA NA NA NA NA NA NA NA NA NA NA NA NA NA NA
46 0.4235615 2.02489 3.423679 -1.012558 0.7919089 1.31689 2.215645 2.20236 1.209917 3.805153 -0.2883132 0.9704112 1.323834 -2.066043 7.095491 3.308815 6.062609 2.608282 1.88824 6.015397 -2.813525 2.973599 1.190649 -3.046039 2.582762 -0.466186 1.147841 7.347176 4.840214 9.469541 6.149811 -1.071609 11.55938 -2.287727 NA NA NA NA NA NA NA NA NA NA NA NA NA NA NA NA NA NA NA NA NA NA NA NA NA NA NA NA NA NA NA NA NA NA
47 -4.104329 2.673314 1.694829 -0.07868076 0.0008797595 0.0006394541 0.001075733 2.98284 2.17722 3.666784 -0.4811286 1.216876 0.4711108 -1.873572 11.96424 7.787438 9.575421 4.837661 2.789334 8.721224 -1.340334 2.989647 1.3026 -2.948146 6.32765 0.8252762 0.5829149 3.607085 2.762416 6.642645 6.359172 -2.876327 6.535619 -0.9881057 NA NA NA NA NA NA NA NA NA NA NA NA NA NA NA NA NA NA NA NA NA NA NA NA NA NA NA NA NA NA NA NA NA NA
48 2.467226 1.947663 2.6663 -1.114087 0.4045243 0.9434454 4.153311 2.209909 1.80743 3.289368 -0.5095029 1.048225 -0.1455551 -2.083388 3.196719 -0.718425 0.4926362 3.983455 3.474312 7.866406 -2.604405 3.043929 -0.5423259 -2.739186 3.045349 3.057713 4.525649 4.243171 1.762506 11.1125 5.553428 -1.180018 6.670972 -1.189449 NA NA NA NA NA NA NA NA NA NA NA NA NA NA NA NA NA NA NA NA NA NA NA NA NA NA NA NA NA NA NA NA NA NA
49 -0.496334 2.071849 0.3961339 -0.9759651 2.635921 4.627705 8.138655 0.9542998 0.5164347 2.036446 -1.254825 1.018853 -0.905934 -1.90793 3.59208 1.000484 3.919357 2.709963 1.44703 6.522125 -0.2776428 2.89907 1.941238 -3.164845 5.612277 -2.798048 2.324628 7.681155 5.860927 10.58179 4.678625 -0.8947309 7.539608 -1.619108 NA NA NA NA NA NA NA NA NA NA NA NA NA NA NA NA NA NA NA NA NA NA NA NA NA NA NA NA NA NA NA NA NA NA
50 0.64272 2.400731 1.175687 -0.5717356 0.3719776 0.2825614 0.2187673 2.776327 1.703413 2.30992 -0.2143815 1.051939 0.6914622 -1.959289 15.09656 5.854811 5.445215 4.732018 2.983522 6.052079 -3.409741 3.123255 0.8107766 -2.958622 4.151291 -2.435718 3.209949 4.104843 2.325811 7.042707 3.460461 -0.7038541 6.980255 -1.303162 NA NA NA NA NA NA NA NA NA NA NA NA NA NA NA NA NA NA NA NA NA NA NA NA NA NA NA NA NA NA NA NA NA NA
51 1.201235 2.086797 1.34914 -0.8583514 2.584709 0.7076233 0.1971433 0.7397616 0.2927366 1.81231 -1.321225 0.9464239 -0.7961028 -1.880322 4.458471 1.406959 22.21862 4.593624 2.006973 7.33615 -2.424639 2.971288 1.521452 -3.105255 0.7208215 0.4712502 3.239434 4.07708 3.451334 9.3162 11.86655 -2.034469 22.20284 -4.460371 NA NA NA NA NA NA NA NA NA NA NA NA NA NA NA NA NA NA NA NA NA NA NA NA NA NA NA NA NA NA NA NA NA NA
52 1.019482 2.098147 0.826003 -0.8684264 2.92979 -1.203112 2.203369 1.265777 0.7175286 3.247129 -0.6238368 0.9145909 -0.7213857 -1.94497 2.691842 1.162491 2.591753 5.800824 4.161967 11.2532 -0.5916363 2.881306 -0.05576039 -2.743222 3.221218 0.4681442 4.060274 6.044341 3.311254 11.35346 3.146227 -0.4590753 5.283552 -1.066619 NA NA NA NA NA NA NA NA NA NA NA NA NA NA NA NA NA NA NA NA NA NA NA NA NA NA NA NA NA NA NA NA NA NA
53 0.4343187 2.090897 3.968808 -0.9445408 0.1342082 0.08137971 0.05010964 1.359749 0.6299051 1.953302 -0.2089291 1.28065 0.304775 -1.587787 13.59122 11.15085 17.34117 4.267982 3.203473 6.031303 -2.490869 2.980848 1.801464 -3.216961 1.619616 0.833922 1.552178 3.45206 2.060757 5.78888 14.6483 -2.414837 17.09477 -2.573627 NA NA NA NA NA NA NA NA NA NA NA NA NA NA NA NA NA NA NA NA NA NA NA NA NA NA NA NA NA NA NA NA NA NA
54 1.57168 1.995813 1.482427 -0.7113888 0.2442494 0.9999846 7.553106 2.093591 1.90284 3.787176 -0.4238146 0.8667356 0.3381925 -2.228183 2.252439 1.558853 9.946477 3.627104 1.575284 6.772256 -0.9565694 2.764507 2.064982 -3.148852 3.057316 -1.980303 1.495669 4.163732 3.408 8.456868 4.40365 -0.8414668 7.214556 -1.512425 NA NA NA NA NA NA NA NA NA NA NA NA NA NA NA NA NA NA NA NA NA NA NA NA NA NA NA NA NA NA NA NA NA NA
55 1.574142 1.976864 1.863565 -1.008518 1.273856 -0.4669249 0.1722547 0.7820157 0.7099871 1.776568 -0.5264318 0.9799308 0.660808 -2.078178 1.497473 0.02446216 3.326033 3.51432 1.986334 4.439951 -3.083224 3.263541 0.6274302 -2.55509 3.79985 3.40347 5.316981 4.844253 2.920232 11.58336 16.71221 -2.36399 21.8188 -3.357897 NA NA NA NA NA NA NA NA NA NA NA NA NA NA NA NA NA NA NA NA NA NA NA NA NA NA NA NA NA NA NA NA NA NA
56 0.9649379 2.349769 -1.608368 -0.8474784 1.186159 1.074281 0.9782344 2.175439 2.721939 4.98147 -0.8760282 1.586248 0.2274329 -1.354416 5.705907 5.641602 11.23949 4.679482 3.940027 9.853748 -3.881655 3.256581 2.427294 -3.035177 1.21021 -1.635078 2.922425 2.844844 1.773925 4.853014 2.046745 -0.4518149 5.423632 -0.8407718 NA NA NA NA NA NA NA NA NA NA NA NA NA NA NA NA NA NA NA NA NA NA NA NA NA NA NA NA NA NA NA NA NA NA
57 2.516098 1.935137 2.987423 -1.177568 0.7237118 -0.1547824 0.7156897 0.7070255 0.4593169 1.660816 -1.346243 0.9448515 -0.2503164 -2.045379 8.281443 1.242192 6.595921 5.119114 3.530789 9.926211 0.08601626 2.756088 1.643726 -3.202427 3.469466 -0.212041 6.217846 5.246805 1.865671 10.22242 5.236223 -0.9313146 9.578904 -2.06228 NA NA NA NA NA NA NA NA NA NA NA NA NA NA NA NA NA NA NA NA NA NA NA NA NA NA NA NA NA NA NA NA NA NA
58 1.074267 1.923733 2.663379 -1.066135 1.354648 0.5764895 2.183665 1.337437 0.983632 1.659472 -1.042624 1.058489 -1.386457 -1.850234 8.36717 0.3804936 2.002512 3.294509 1.916436 7.368312 -3.11123 3.208084 -1.229405 -2.702303 0.3083997 -0.1450614 3.751403 4.029431 2.75138 5.954507 13.71463 -2.91103 16.31172 -3.510764 NA NA NA NA NA NA NA NA NA NA NA NA NA NA NA NA NA NA NA NA NA NA NA NA NA NA NA NA NA NA NA NA NA NA
59 2.076817 2.058097 3.49842 -1.04729 0.1877134 0.5263468 1.576387 1.117503 1.002529 1.513604 0.5179707 1.292588 0.7211097 -1.639641 7.18632 5.895332 6.818 3.124719 2.716825 5.377659 -1.157696 3.007125 1.540729 -2.829783 0.9934966 0.8431769 4.373697 4.944334 2.891509 9.04507 5.374081 -1.114657 6.581446 -1.1699 NA NA NA NA NA NA NA NA NA NA NA NA NA NA NA NA NA NA NA NA NA NA NA NA NA NA NA NA NA NA NA NA NA NA
60 1.10134 2.055814 2.994284 -0.968255 4.840891 2.211188 4.03115 1.572575 1.139247 3.082608 -0.4591167 0.9259143 1.085861 -1.956487 2.487596 1.459 4.013372 5.766843 6.442727 14.31687 -2.462881 2.954602 1.320228 -3.096025 0.8470668 0.7746471 3.465949 5.958397 2.199075 11.36271 10.64509 -1.406008 11.9875 -1.811068 NA NA NA NA NA NA NA NA NA NA NA NA NA NA NA NA NA NA NA NA NA NA NA NA NA NA NA NA NA NA NA NA NA NA
61 0.8834981 2.109307 2.324188 -1.034781 0.232233 0.00187275 0.004665267 0.844482 0.5169966 1.820192 1.192258 0.9990762 1.370306 -1.992344 13.99254 5.413283 3.131772 4.927996 2.199366 9.076661 -1.944128 3.060536 1.582396 -2.952855 1.987928 0.6455424 0.7034241 3.52544 2.47278 5.115315 7.316815 -1.107645 9.184897 -1.452526 NA NA NA NA NA NA NA NA NA NA NA NA NA NA NA NA NA NA NA NA NA NA NA NA NA NA NA NA NA NA NA NA NA NA
62 0.7682602 2.009945 2.664893 -0.933784 3.17014 0.1710022 1.664965 1.025075 0.4050638 1.326208 -1.404466 1.039082 -0.06703019 -1.963046 1.736749 2.027952 6.920838 4.071493 3.095027 7.056881 -1.889637 2.877211 0.02715317 -2.847791 1.819073 -0.4998175 3.164871 5.518975 1.546005 10.12834 6.807929 -1.162261 7.047236 -1.260936 NA NA NA NA NA NA NA NA NA NA NA NA NA NA NA NA NA NA NA NA NA NA NA NA NA NA NA NA NA NA NA NA NA NA
63 1.631956 2.265338 1.148398 -0.9637864 1.99305 0.5539381 0.1544041 0.8951266 0.2848007 0.8676813 -0.2257301 1.034619 -1.007474 -1.806558 5.396067 3.012141 5.126961 6.361475 4.561411 12.73643 -2.195628 3.077706 1.263629 -3.035313 2.475973 -0.07747639 0.9665088 5.697653 3.626489 10.36654 11.20319 -2.050147 14.60753 -2.393737 NA NA NA NA NA NA NA NA NA NA NA NA NA NA NA NA NA NA NA NA NA NA NA NA NA NA NA NA NA NA NA NA NA NA
64 -0.04957665 1.971862 0.1026471 -0.8847436 1.968733 -0.217129 0.4235513 1.70574 0.7842074 1.926224 -1.486717 1.074055 -0.04837616 -1.901945 2.817935 0.07336794 4.04146 4.707255 3.950465 9.617396 -1.319555 2.91351 -0.07170021 -2.874048 3.064292 -0.8473713 2.40811 2.33051 1.150977 3.248656 12.93284 -2.051729 19.74456 -3.491602 NA NA NA NA NA NA NA NA NA NA NA NA NA NA NA NA NA NA NA NA NA NA NA NA NA NA NA NA NA NA NA NA NA NA
65 3.358872 1.946307 2.519985 -1.031109 0.5769939 1.005705 1.865054 0.5733085 0.2116645 1.639535 -0.72755 1.169015 0.5299921 -1.822074 4.982127 5.584023 9.009391 2.847784 2.261224 4.70406 -2.072549 2.802236 2.165447 -3.195876 1.814875 -0.9130676 0.6743319 6.27061 4.949433 11.48191 6.504826 -1.140109 8.874374 -1.273939 NA NA NA NA NA NA NA NA NA NA NA NA NA NA NA NA NA NA NA NA NA NA NA NA NA NA NA NA NA NA NA NA NA NA
66 -0.5146061 2.084471 2.234096 -0.9384366 1.576286 -0.3014798 3.119217 1.099441 0.860435 1.975253 -0.2759558 0.9243527 -0.05006166 -2.023873 3.155074 2.577088 3.524907 5.010494 1.91166 7.467216 -0.9602827 3.067261 1.131141 -2.972467 5.765451 0.1180376 2.796913 8.506001 4.843001 16.9528 6.912157 -1.146623 12.91424 -2.749265 NA NA NA NA NA NA NA NA NA NA NA NA NA NA NA NA NA NA NA NA NA NA NA NA NA NA NA NA NA NA NA NA NA NA
67 1.391061 1.954797 2.022027 -1.057575 0.5815293 0.02800567 0.9955067 0.9298111 0.5355844 2.128214 -0.7085816 1.230906 -0.3473913 -1.622116 7.573623 4.463371 7.078292 4.678463 3.696012 12.16141 -0.3850156 2.836543 2.423585 -3.303939 1.115121 -0.2534048 0.08501027 4.251603 2.781303 10.63885 7.244396 -1.0117 10.28378 -1.629734 NA NA NA NA NA NA NA NA NA NA NA NA NA NA NA NA NA NA NA NA NA NA NA NA NA NA NA NA NA NA NA NA NA NA
68 0.5871021 2.128768 1.954976 -0.942361 0.07534536 0.249106 0.9319053 1.15096 0.3436984 1.274452 -0.2879818 1.00538 0.5597876 -2.018381 5.041849 2.795015 9.42727 4.351588 4.934317 10.55227 -1.772415 2.996656 -0.311367 -2.67438 4.426326 0.2337223 0.0374169 4.575968 4.507618 17.05674 8.461704 -1.299113 12.22785 -2.178999 NA NA NA NA NA NA NA NA NA NA NA NA NA NA NA NA NA NA NA NA NA NA NA NA NA NA NA NA NA NA NA NA NA NA
69 0.7159554 2.222402 2.031105 -0.8070766 3.339928 0.4520764 3.838822 2.622044 1.3623 3.303597 -0.6720258 1.062126 -0.0910804 -1.867996 6.475738 5.113038 4.603171 4.234089 4.032857 10.76937 -2.842346 2.896665 0.8375079 -3.137844 3.546703 1.555138 2.464222 4.882309 4.968002 12.89043 4.879032 -0.7129426 7.095877 -1.440515 NA NA NA NA NA NA NA NA NA NA NA NA NA NA NA NA NA NA NA NA NA NA NA NA NA NA NA NA NA NA NA NA NA NA
70 0.8807844 2.024881 1.589785 -0.9856318 0.5682659 -0.3146811 2.710026 1.068926 1.040918 2.827165 -0.02612367 1.028945 0.2735521 -1.899209 6.021293 0.3569404 1.91966 4.699307 3.419578 8.135965 -1.716679 3.027062 0.858667 -3.129622 1.4987 -1.776044 2.252424 10.01907 4.796952 9.495064 12.16857 -1.660077 14.04959 -2.330597 NA NA NA NA NA NA NA NA NA NA NA NA NA NA NA NA NA NA NA NA NA NA NA NA NA NA NA NA NA NA NA NA NA NA
71 0.8719675 2.043298 1.442335 -0.8877745 1.213675 0.4262111 2.320739 1.162181 1.137726 2.820295 0.1098906 0.9548023 1.919883 -2.00197 11.01922 8.723908 12.05025 3.527206 3.005519 8.391057 -2.030353 3.035149 -0.0711453 -2.663383 2.53291 1.803523 1.301909 4.897343 4.437118 11.66597 4.967596 -0.9352261 6.344497 -1.236608 NA NA NA NA NA NA NA NA NA NA NA NA NA NA NA NA NA NA NA NA NA NA NA NA NA NA NA NA NA NA NA NA NA NA
72 2.029166 1.926759 1.191272 -1.016719 0.6150714 -0.2321061 0.5687019 1.105763 0.3378386 1.592783 -1.299059 0.8779908 -0.03084829 -1.957167 2.500367 -1.594612 1.354166 3.637942 2.657441 7.810008 -2.788694 2.97325 -0.7065992 -3.197668 2.088275 2.444275 10.18003 13.02177 10.85092 22.14593 13.91556 -2.20249 18.0811 -3.516618 NA NA NA NA NA NA NA NA NA NA NA NA NA NA NA NA NA NA NA NA NA NA NA NA NA NA NA NA NA NA NA NA NA NA
73 0.8440276 2.038794 1.725398 -0.9057319 2.037637 0.2548378 0.272864 1.080373 0.4005036 1.960847 -0.8874086 1.139504 -1.146908 -1.83268 6.29761 3.73087 6.255502 4.030104 3.420433 7.715425 -1.720959 2.949533 1.342912 -3.2573 2.982431 3.625851 7.080418 8.340464 5.208618 13.85911 10.6316 -1.797428 13.32614 -2.428221 NA NA NA NA NA NA NA NA NA NA NA NA NA NA NA NA NA NA NA NA NA NA NA NA NA NA NA NA NA NA NA NA NA NA
74 1.493606 2.021817 2.777865 -1.015253 0.3835216 -0.2709957 0.2032218 0.6899453 0.460823 1.599843 -1.243525 1.077884 -0.3724236 -1.944927 3.715767 0.9126377 9.274759 4.529087 3.182358 9.89134 -1.638249 2.939199 0.8542296 -3.062583 5.435712 -0.1977348 3.815277 6.342437 5.135883 11.69485 5.112039 -0.8616498 7.689411 -1.252048 NA NA NA NA NA NA NA NA NA NA NA NA NA NA NA NA NA NA NA NA NA NA NA NA NA NA NA NA NA NA NA NA NA NA
75 1.60021 2.043709 1.338509 -0.9090133 2.941874 0.1530252 3.284345 1.652633 0.8291881 3.14657 -0.0749294 1.044441 -0.6940013 -1.994465 0.9508254 1.206924 3.474181 5.015967 3.180448 8.887721 -1.995987 3.065978 1.447577 -2.996601 1.13987 -0.8825437 4.198749 7.160906 3.612129 12.80982 5.085109 -0.9258446 10.09119 -2.378452 NA NA NA NA NA NA NA NA NA NA NA NA NA NA NA NA NA NA NA NA NA NA NA NA NA NA NA NA NA NA NA NA NA NA
76 0.9022261 2.039112 0.4711703 -0.7124292 2.348978 -0.3483733 2.22911 0.8239898 0.7607155 2.185277 -1.697245 1.114259 -0.4653026 -1.695239 4.68159 -2.704234 6.770988 3.822964 2.32774 6.187764 -3.166621 3.189347 0.5764582 -2.86742 0.1381666 -1.023222 8.448026 5.516619 5.543772 12.30281 10.71652 -1.566854 13.65383 -2.17879 NA NA NA NA NA NA NA NA NA NA NA NA NA NA NA NA NA NA NA NA NA NA NA NA NA NA NA NA NA NA NA NA NA NA
77 1.555703 2.056602 1.227601 -0.6554701 1.184707 1.803993 2.756446 2.786958 2.139392 4.420974 0.416932 1.042873 -0.3716295 -1.80949 12.15587 4.120634 8.154417 5.257273 3.469294 7.841163 -1.793044 2.814083 0.8147884 -3.267787 0.6902889 -0.3647194 1.576412 2.506586 2.132128 5.702379 12.54689 -2.586761 14.94351 -3.06525 NA NA NA NA NA NA NA NA NA NA NA NA NA NA NA NA NA NA NA NA NA NA NA NA NA NA NA NA NA NA NA NA NA NA
78 -1.561468 2.26333 0.4310214 -0.7296313 4.883069 2.756784 4.296672 2.94591 2.497462 4.72767 -0.8975815 0.9234088 -1.326258 -1.795037 3.589267 2.883871 4.581645 3.424926 2.570742 9.107275 -2.680586 3.131653 0.3732637 -2.702685 1.207895 0.09409574 0.9630902 2.922342 2.228711 6.170893 12.5968 -1.860901 13.752 -2.205214 NA NA NA NA NA NA NA NA NA NA NA NA NA NA NA NA NA NA NA NA NA NA NA NA NA NA NA NA NA NA NA NA NA NA
79 0.615576 1.988014 2.999838 -1.0943 0.8308009 -0.6744505 0.6560777 0.6433942 0.6325303 1.97753 0.2042753 1.050197 0.02903503 -1.906554 4.873817 0.2391372 5.203766 6.17488 3.731755 11.53991 -2.753801 3.232944 -0.5195428 -2.653919 0.4275254 -0.6310516 1.24966 4.32374 3.044035 6.812064 5.017307 -0.8204908 7.787303 -1.41588 NA NA NA NA NA NA NA NA NA NA NA NA NA NA NA NA NA NA NA NA NA NA NA NA NA NA NA NA NA NA NA NA NA NA
80 0.4882811 2.113096 0.4510743 -0.9038353 2.149088 1.442137 1.861456 2.191772 0.8419647 2.857814 -0.8797308 1.065357 1.456444 -1.849994 6.17433 6.817163 12.76168 4.03008 3.091683 6.230049 -2.481658 3.07838 1.011983 -2.892873 1.120488 0.01532535 0.02199678 3.786991 2.317907 7.624439 6.981779 -1.227086 15.48602 -3.677994 NA NA NA NA NA NA NA NA NA NA NA NA NA NA NA NA NA NA NA NA NA NA NA NA NA NA NA NA NA NA NA NA NA NA
81 2.69402 1.888959 3.911185 -1.181247 11.04999 -0.7263116 0.4534579 3.006768 1.572457 4.922229 -2.336075 1.059076 0.7476558 -2.088072 5.552164 0.4674543 1.628832 4.668081 2.698953 5.99866 -2.432186 2.988862 -0.6165951 -2.86939 0.0548826 -0.143799 1.994121 6.378104 4.291431 12.16628 5.758235 -0.965489 6.804949 -1.198539 NA NA NA NA NA NA NA NA NA NA NA NA NA NA NA NA NA NA NA NA NA NA NA NA NA NA NA NA NA NA NA NA NA NA
82 1.042204 2.080727 1.866471 -0.8903127 1.533204 -0.3165577 3.342916 2.026965 1.311501 2.712514 -2.697303 1.16115 0.3633754 -1.996494 7.880568 3.619556 8.382515 5.869473 2.235052 8.391334 -1.319547 2.977235 1.439157 -3.192861 8.61069 0.5481634 4.590568 4.255549 5.359436 16.40692 8.758036 -1.228794 11.76485 -2.011811 NA NA NA NA NA NA NA NA NA NA NA NA NA NA NA NA NA NA NA NA NA NA NA NA NA NA NA NA NA NA NA NA NA NA
83 1.803431 2.062852 4.183827 -0.8171924 1.425452 1.296226 6.13241 1.749244 1.594058 4.525223 -1.85457 0.9862389 0.2459784 -1.864432 2.753418 -1.502094 6.487845 5.109434 3.280427 9.092172 -1.381661 3.140507 0.286919 -2.84064 5.784764 -3.396845 2.107183 8.261711 8.074384 16.84189 2.692416 -0.5900225 5.344498 -1.177905 NA NA NA NA NA NA NA NA NA NA NA NA NA NA NA NA NA NA NA NA NA NA NA NA NA NA NA NA NA NA NA NA NA NA
84 1.472952 2.015384 1.122745 -1.025602 1.436158 0.5506871 0.9113511 0.7209885 0.6238934 1.594247 -1.059598 1.343544 -0.9037283 -1.549053 13.56725 7.353056 13.74971 5.832781 3.706846 10.05132 -4.532834 3.195431 -1.191622 -2.937299 5.097078 7.023771 12.94068 7.921357 6.076954 15.47546 5.396949 -1.184319 6.874009 -1.388972 NA NA NA NA NA NA NA NA NA NA NA NA NA NA NA NA NA NA NA NA NA NA NA NA NA NA NA NA NA NA NA NA NA NA
85 2.693191 1.964572 3.237508 -1.081885 9.756856 2.79933 1.876416 1.451204 1.025748 2.807053 -0.8074215 0.9752464 -0.3726848 -1.851495 4.180534 1.468102 6.106499 5.098417 3.635411 9.879587 -1.082675 2.932945 1.660989 -3.120982 1.702741 -0.356256 1.142623 2.835936 0.8870507 3.230127 12.44599 -1.58107 15.75165 -2.47583 NA NA NA NA NA NA NA NA NA NA NA NA NA NA NA NA NA NA NA NA NA NA NA NA NA NA NA NA NA NA NA NA NA NA
86 2.99961 2.482339 -1.728459 -0.8557399 3.050414 3.419756 3.83687 6.744961 5.408848 6.293136 0.7219157 1.2396 1.022618 -1.602059 9.418475 8.826495 11.58499 3.987952 2.436462 5.941724 -2.628965 3.029292 -1.222292 -2.613825 0.4726995 1.907423 9.664433 2.70278 3.309879 9.028351 7.641042 -1.220474 10.50186 -1.332157 NA NA NA NA NA NA NA NA NA NA NA NA NA NA NA NA NA NA NA NA NA NA NA NA NA NA NA NA NA NA NA NA NA NA
87 0.2758509 1.997572 1.428707 -0.8817879 1.253782 1.730343 3.812654 0.9522911 0.5133002 1.72229 -1.391429 1.102897 -0.4006773 -2.068927 4.26911 3.684599 8.516879 6.782026 3.720198 11.18599 -2.372517 2.908395 0.6090542 -2.882514 3.159196 2.651747 2.251215 4.754781 1.879003 7.070662 11.37994 -1.77503 14.7604 -2.527799 NA NA NA NA NA NA NA NA NA NA NA NA NA NA NA NA NA NA NA NA NA NA NA NA NA NA NA NA NA NA NA NA NA NA
88 1.498204 1.900317 0.5070416 -0.839093 0.8136097 -0.0271762 0.6061585 1.606978 0.9610346 1.917958 1.150388 0.8436792 -0.475664 -2.079619 8.589183 -0.7710572 3.564365 8.033969 7.291104 15.7161 -4.623317 3.172326 1.387169 -3.216029 9.027853 1.819344 6.082828 5.686163 3.549523 13.06715 8.640232 -1.373295 11.3104 -2.078763 NA NA NA NA NA NA NA NA NA NA NA NA NA NA NA NA NA NA NA NA NA NA NA NA NA NA NA NA NA NA NA NA NA NA
89 1.67831 2.341617 1.740599 -0.607235 31.3396 -6.753896 1.833406 10.43707 -0.07978363 5.451247 0.4621753 1.496644 1.006768 -1.468708 9.648901 7.113933 6.561528 3.442782 2.892479 5.363621 -1.672194 3.096957 0.08037093 -3.025578 2.002733 0.9186772 3.815505 3.383 1.38611 8.292177 5.179213 -1.017279 8.626448 -1.461221 NA NA NA NA NA NA NA NA NA NA NA NA NA NA NA NA NA NA NA NA NA NA NA NA NA NA NA NA NA NA NA NA NA NA
90 0.9031633 1.941489 1.758287 -1.111149 3.242545 0.730763 1.799063 0.7905065 0.4547919 1.814245 0.3722057 1.043849 1.538392 -2.305943 3.636631 1.573201 1.662582 4.299914 3.23294 5.40208 -1.728942 3.061306 0.6000214 -2.850181 4.169041 -1.504859 1.390229 7.74448 6.337811 13.18872 6.312148 -1.06153 9.440935 -1.984948 NA NA NA NA NA NA NA NA NA NA NA NA NA NA NA NA NA NA NA NA NA NA NA NA NA NA NA NA NA NA NA NA NA NA
91 0.6540482 2.080229 2.039693 -1.041495 0.8064351 0.1105965 2.055984 0.5647218 0.2330106 1.386481 -0.4411639 1.000581 2.155168 -2.129976 6.128207 1.580321 3.946906 4.537457 3.034956 12.37309 -1.107632 2.847546 2.327162 -3.368624 4.709408 -1.800437 0.8730664 3.708987 2.198566 10.64576 7.706004 -1.269618 10.94514 -2.068295 NA NA NA NA NA NA NA NA NA NA NA NA NA NA NA NA NA NA NA NA NA NA NA NA NA NA NA NA NA NA NA NA NA NA
92 2.404872 1.818748 2.076144 -0.9431462 7.895247 -4.135707 4.170566 2.653861 2.662126 4.863043 -0.9328772 0.9827102 1.776403 -2.155096 5.745689 1.112373 2.750282 5.598943 1.94737 7.388174 -0.9117842 2.989753 -0.9145535 -2.650226 8.006932 1.584998 4.641718 7.101666 5.137816 13.13904 8.770105 -1.390637 11.39815 -2.345311 NA NA NA NA NA NA NA NA NA NA NA NA NA NA NA NA NA NA NA NA NA NA NA NA NA NA NA NA NA NA NA NA NA NA
93 1.983676 1.967446 3.777658 -1.123754 8.51137 5.576397 4.868125 1.059376 1.484391 3.488823 0.8152437 1.047785 0.9316703 -2.095608 9.265814 5.52419 4.542225 3.519233 1.996772 5.743685 -1.374651 2.966992 0.5711657 -3.087843 3.394514 -0.9534008 7.317706 6.667638 5.011803 12.96506 5.64247 -1.084579 7.175621 -1.465855 NA NA NA NA NA NA NA NA NA NA NA NA NA NA NA NA NA NA NA NA NA NA NA NA NA NA NA NA NA NA NA NA NA NA
94 1.026163 2.068973 2.637422 -0.961268 3.618302 -0.8658692 0.319305 1.056147 1.339545 4.14494 -0.07810836 1.115496 1.579605 -1.984456 10.06426 7.948052 10.42349 3.08449 2.166497 6.002655 -2.677739 3.005218 0.8395892 -3.083599 1.169401 0.2638747 1.317564 3.338383 1.745224 5.406264 10.04906 -1.471525 11.98366 -1.861449 NA NA NA NA NA NA NA NA NA NA NA NA NA NA NA NA NA NA NA NA NA NA NA NA NA NA NA NA NA NA NA NA NA NA
95 0.194159 2.172066 0.4689725 -0.8226126 2.187507 -0.2899253 2.014295 2.381876 1.916695 4.34051 -0.5863367 0.921283 -0.2989208 -2.071832 3.644548 0.1560205 4.392583 4.069437 2.6853 7.57741 -3.303604 2.955201 -1.255151 -2.707416 7.397797 2.28899 1.092984 2.454887 0.7495325 6.359008 8.55434 -1.251743 9.966111 -1.387667 NA NA NA NA NA NA NA NA NA NA NA NA NA NA NA NA NA NA NA NA NA NA NA NA NA NA NA NA NA NA NA NA NA NA
96 1.041724 2.089025 0.6941073 -0.8365138 1.230645 0.0009913117 0.9364216 1.067576 1.277078 7.768517 -2.006452 1.17386 -0.4040734 -1.867891 1.552656 0.2219784 0.8228689 3.300271 1.423658 7.86252 -3.044068 3.214207 -1.060609 -2.808383 2.260261 0.7235547 0.2389325 2.855145 2.916462 7.159678 14.58586 -2.316468 16.85051 -2.538504 NA NA NA NA NA NA NA NA NA NA NA NA NA NA NA NA NA NA NA NA NA NA NA NA NA NA NA NA NA NA NA NA NA NA
97 0.7354122 2.000541 2.889413 -1.057761 14.39703 2.133696 0.3379825 2.16183 1.415653 4.301087 -0.6566974 1.095109 -0.5712392 -1.888468 5.588477 1.445882 2.783578 2.247433 1.46844 5.847344 -1.376378 2.800238 0.7171906 -3.010381 0.9617514 -1.423402 2.134929 3.241631 1.900757 6.136761 8.844633 -1.359468 10.56449 -1.784278 NA NA NA NA NA NA NA NA NA NA NA NA NA NA NA NA NA NA NA NA NA NA NA NA NA NA NA NA NA NA NA NA NA NA
98 0.04386995 2.032764 1.255078 -0.8815459 0.9694056 0.3636689 0.2195965 1.167501 0.8051509 1.916793 -2.146519 1.095912 -1.549118 -1.60993 8.344673 5.588906 7.658435 3.842314 2.941231 10.71446 -1.478104 3.029601 0.8806001 -2.920674 6.565318 -0.7641592 2.03543 4.33009 1.413603 11.26235 10.12292 -1.986523 11.75478 -2.266059 NA NA NA NA NA NA NA NA NA NA NA NA NA NA NA NA NA NA NA NA NA NA NA NA NA NA NA NA NA NA NA NA NA NA
99 1.402961 2.127211 0.7874822 -0.7219107 2.412688 -2.884735 5.64088 1.481973 1.072782 4.208569 -1.352059 1.010738 0.09951884 -2.219769 4.999098 0.1119898 1.315393 4.486198 3.120572 8.103788 -1.491169 2.655699 1.483485 -3.06952 3.955757 -0.9369999 0.2890726 4.908959 4.55086 11.70903 9.218454 -1.871588 12.51958 -2.898385 NA NA NA NA NA NA NA NA NA NA NA NA NA NA NA NA NA NA NA NA NA NA NA NA NA NA NA NA NA NA NA NA NA NA
100 1.074038 2.032625 2.063882 -0.9159539 2.415128 2.356136 7.762386 2.367182 1.513027 3.973687 -2.265005 1.266546 -0.902057 -1.86114 2.309332 -0.7930427 0.386019 6.24189 3.754197 7.967477 -1.320322 3.101299 2.027617 -3.09873 3.159781 -0.09077762 0.02010026 5.359467 1.646551 7.209721 8.097868 -1.466913 8.423551 -1.610939 NA NA NA NA NA NA NA NA NA NA NA NA NA NA NA NA NA NA NA NA NA NA NA NA NA NA NA NA NA NA NA NA NA NA
