1 0.5692734 1.888364 1.799778 -1.023856 3.642371 0.4216873 1.699004 1.530622 1.081326 2.112574 2.398691 -1.405856 0.8898542 -1.819781 -2.11567 1.310154 0.2388369 3.386596 2.762167 2.180607 4.181363 3.239438 -2.007868 3.029335 0.5643751 -2.984982 1.455958 0.6954472 2.315602 3.505822 2.154834 5.491176 6.789317 6.240109 -1.273874 9.496787 -2.239734 NA NA NA NA NA NA NA NA NA NA NA NA NA NA NA NA NA NA NA NA NA NA NA NA NA NA NA NA NA NA NA NA NA NA NA NA NA
2 1.860331 1.947962 2.727477 -1.092662 1.62499 0.124713 0.8055477 1.189394 0.8777916 1.715678 3.854927 -0.4133817 0.8594658 -0.9446811 -2.102859 0.3347482 -0.8633495 2.345095 1.955143 1.252954 4.126896 3.357434 -1.466598 2.926025 1.110114 -2.969705 1.614569 0.8729205 3.654151 2.122929 1.063369 4.623514 200 5.328408 -0.8657646 9.013727 -2.01646 NA NA NA NA NA NA NA NA NA NA NA NA NA NA NA NA NA NA NA NA NA NA NA NA NA NA NA NA NA NA NA NA NA NA NA NA NA
3 1.975057 1.948411 2.841949 -0.9854844 1.103266 -0.1437626 1.525436 1.161989 0.6116818 2.649553 200 -1.59364 1.072133 -1.375571 -1.680402 2.146089 -0.7845488 0.7180737 2.160527 1.79638 6.301415 5.725139 -1.196353 2.882486 0.8913914 -3.030514 2.769319 -0.7042607 1.443819 2.388456 1.434957 5.713642 200 6.559746 -1.141434 8.497931 -1.628793 NA NA NA NA NA NA NA NA NA NA NA NA NA NA NA NA NA NA NA NA NA NA NA NA NA NA NA NA NA NA NA NA NA NA NA NA NA
4 0.7049924 2.00512 2.878126 -1.201344 1.732518 0.674518 1.181004 0.8039337 0.4884576 1.235026 4.309742 -1.398353 0.9510933 -1.034604 -1.886975 3.736249 0.1588291 1.857621 2.68144 1.815843 4.671988 4.913201 -2.967755 3.096512 0.9288729 -3.064094 2.010974 -0.7589594 2.33509 3.42707 2.958165 7.850095 4.228276 9.944392 -1.729524 11.85362 -2.23732 NA NA NA NA NA NA NA NA NA NA NA NA NA NA NA NA NA NA NA NA NA NA NA NA NA NA NA NA NA NA NA NA NA NA NA NA NA
5 3.42991 2.796515 4.784711 -0.7488208 0.3771345 -2.059777 11.33374 4.964386 3.727041 17.266 65.71455 -0.6714698 1.064159 0.7614817 -1.983944 4.865067 -0.4498664 2.223471 2.326858 1.577792 4.208591 6.192743 -1.769423 2.87394 0.6138172 -3.089702 3.137946 0.7797459 2.00483 2.894561 2.36185 5.091147 200 12.82744 -1.913985 17.58128 -2.560341 NA NA NA NA NA NA NA NA NA NA NA NA NA NA NA NA NA NA NA NA NA NA NA NA NA NA NA NA NA NA NA NA NA NA NA NA NA
6 4.403198 2.051981 3.312081 -1.149107 0.1828435 0.4663272 1.21318 1.549442 1.062276 3.003662 2 -0.4978155 1.565447 1.507815 -1.551601 8.279277 8.575814 11.42045 2.7147 2.131708 4.310726 7.56063 -1.128684 2.757873 0.9243782 -3.049797 0.3961139 -0.9890569 3.639352 2.930578 1.857464 7.384686 4.807195 5.995593 -1.276453 7.820385 -1.286333 NA NA NA NA NA NA NA NA NA NA NA NA NA NA NA NA NA NA NA NA NA NA NA NA NA NA NA NA NA NA NA NA NA NA NA NA NA
7 1.418265 2.227189 1.050629 -0.8503257 0.005405312 -0.1005566 2.060386 1.395186 0.5991073 2.806318 8.243567 -1.569485 0.9865614 0.008231729 -2.016287 0.9485489 -0.4150612 1.037515 2.781815 1.827391 4.63833 7.768163 -1.023555 2.78346 0.8662429 -3.134809 6.451707 5.797221 8.75171 2.961734 2.320312 6.790524 3.966947 21.31057 -3.269774 25.89705 -4.138781 NA NA NA NA NA NA NA NA NA NA NA NA NA NA NA NA NA NA NA NA NA NA NA NA NA NA NA NA NA NA NA NA NA NA NA NA NA
8 0.1409271 2.157628 1.434492 -0.84504 7.964635 2.24361 1.903495 0.7791223 0.8585479 3.106422 6.634196 -0.6897098 1.054012 0.05205889 -2.086375 2.10597 -2.089189 3.362628 5.014467 4.222039 8.414069 4.588969 -2.391154 2.989423 3.584576 -3.363762 2.079458 -2.159679 2.255875 2.408483 2.866081 10.34828 3.398428 11.60519 -1.686404 16.84141 -3.051157 NA NA NA NA NA NA NA NA NA NA NA NA NA NA NA NA NA NA NA NA NA NA NA NA NA NA NA NA NA NA NA NA NA NA NA NA NA
9 2.355776 1.895307 3.108429 -1.081199 1.00259 -0.07730461 1.0469 1.019364 0.458718 1.534905 3.54725 -1.177022 0.9984224 0.9017195 -2.281546 0.9846926 -0.2467286 0.4388264 2.57688 2.243108 5.915072 6.209737 -0.2763412 2.853423 3.113123 -3.49688 4.551061 1.466746 1.175699 3.770198 2.585863 7.436093 2.886055 7.236686 -1.142614 9.618784 -2.130431 NA NA NA NA NA NA NA NA NA NA NA NA NA NA NA NA NA NA NA NA NA NA NA NA NA NA NA NA NA NA NA NA NA NA NA NA NA
10 1.245794 2.090591 1.151217 -0.8022576 2.216553 0.4352423 0.2373484 1.320622 1.209568 2.29494 200 -1.124149 1.019541 -0.05413383 -1.923445 2.58976 1.384603 4.923237 3.474812 2.0488 5.334907 6.004143 -1.446384 2.91222 1.553887 -3.092501 2.906261 -0.5223964 2.23616 5.018093 3.072642 8.531612 26.4669 11.13452 -1.917949 13.58047 -2.478034 NA NA NA NA NA NA NA NA NA NA NA NA NA NA NA NA NA NA NA NA NA NA NA NA NA NA NA NA NA NA NA NA NA NA NA NA NA
11 1.70841 2.002989 0.3786703 -0.9251596 0.4940326 0.8190602 2.024683 0.6894675 0.5860118 2.202637 200 -1.932231 1.179926 -0.2228431 -1.849733 2.252848 -0.2696465 4.44062 1.762339 1.584366 5.535903 6.631355 -2.103818 2.999448 0.847091 -3.011518 2.343121 0.4660475 1.717852 3.481214 2.260557 5.927723 25.83295 3.879846 -0.6792841 5.587724 -1.14241 NA NA NA NA NA NA NA NA NA NA NA NA NA NA NA NA NA NA NA NA NA NA NA NA NA NA NA NA NA NA NA NA NA NA NA NA NA
12 5.000611 2.052647 1.877508 -0.869411 4.94671e-05 9.987122e-06 0.0001604224 0.1174306 0.02360213 0.3798924 200 -1.138724 1.242181 0.381054 -1.608603 11.61224 8.516174 8.950332 2.933086 2.503122 5.262752 5.202397 -2.386701 2.99421 -0.5888246 -2.932993 2.107617 -1.875664 1.677374 3.433097 3.077947 7.106304 3.521174 9.801074 -1.624018 19.0526 -3.04031 NA NA NA NA NA NA NA NA NA NA NA NA NA NA NA NA NA NA NA NA NA NA NA NA NA NA NA NA NA NA NA NA NA NA NA NA NA
13 1.782285 1.921483 2.515766 -1.218704 2.621614 -0.2819737 1.348586 1.654998 1.194408 4.390338 15.01894 -0.6661533 1.08906 -1.443923 -1.92199 3.71089 1.847085 2.176937 1.833433 1.501942 4.486563 3.07672 -2.029445 2.962531 1.553797 -3.105903 1.51904 -0.2907485 3.500376 3.925817 2.396808 6.023353 3.813096 3.755525 -0.7896034 6.420653 -1.197819 NA NA NA NA NA NA NA NA NA NA NA NA NA NA NA NA NA NA NA NA NA NA NA NA NA NA NA NA NA NA NA NA NA NA NA NA NA
14 1.242296 2.017691 1.008408 -1.012187 2.616508 -1.104054 2.424419 0.8601838 0.6892628 1.981701 17.22 -0.6163398 0.9761076 -0.1717985 -1.902386 4.082124 0.9110748 1.694981 3.110806 2.056174 6.000594 4.734314 -2.335742 2.983238 0.9441777 -2.816773 5.621078 3.50977 6.56172 2.305599 0.748412 4.280346 25.42285 10.68599 -1.64839 11.88687 -1.876142 NA NA NA NA NA NA NA NA NA NA NA NA NA NA NA NA NA NA NA NA NA NA NA NA NA NA NA NA NA NA NA NA NA NA NA NA NA
15 1.418869 1.854618 3.312017 -1.120932 0.9455612 -0.6451149 2.354671 1.729098 0.9005596 2.185629 3.553845 -0.6188046 0.8581616 -0.5524791 -1.942665 1.979033 -0.6674327 0.4981894 1.790381 1.061752 4.169363 200 -3.156742 3.023352 -0.06319897 -2.800504 1.177496 -0.4148126 1.767 2.71944 2.177098 6.398022 7.673262 6.05543 -1.038566 7.449209 -1.55598 NA NA NA NA NA NA NA NA NA NA NA NA NA NA NA NA NA NA NA NA NA NA NA NA NA NA NA NA NA NA NA NA NA NA NA NA NA
16 4.195002 2.527865 4.197963 -0.3780185 0.002165276 0.004232489 0.009154514 4.565899 8.962111 19.39157 80.35271 -0.2882025 1.354311 0.2805926 -1.717699 18.80206 12.33661 14.01989 3.634107 3.443545 7.8848 3.849928 -2.037199 2.98282 1.146604 -3.043949 2.006999 0.1090482 1.997744 2.430199 1.178724 6.310769 7.177678 12.74973 -2.039788 17.87227 -2.546625 NA NA NA NA NA NA NA NA NA NA NA NA NA NA NA NA NA NA NA NA NA NA NA NA NA NA NA NA NA NA NA NA NA NA NA NA NA
17 2.520474 2.002931 2.593123 -0.8795307 3.127815 2.619589 2.374977 1.034868 0.8434576 2.171572 200 -2.06112 1.127153 -0.617739 -1.859493 1.216679 1.150369 4.820786 3.046373 2.37008 6.812573 5.430149 -1.707645 2.994897 0.7134079 -3.034133 0.5502795 0.3939956 2.335341 3.554606 2.469131 5.502365 5.645063 5.171347 -1.227421 5.40366 -1.129929 NA NA NA NA NA NA NA NA NA NA NA NA NA NA NA NA NA NA NA NA NA NA NA NA NA NA NA NA NA NA NA NA NA NA NA NA NA
18 0.5416744 2.036195 1.667561 -1.072108 3.068688 0.5159608 1.579631 1.44111 0.8635012 2.504298 4.822564 -1.632584 1.06064 1.209139 -2.064783 0.9462215 0.7968596 5.200545 1.94752 1.456479 4.401525 154.9035 -2.430123 3.037668 1.1716 -2.865055 3.410491 0.3108208 0.5095597 3.664817 2.363645 7.515059 4.663351 6.100369 -1.061028 6.788138 -1.34733 NA NA NA NA NA NA NA NA NA NA NA NA NA NA NA NA NA NA NA NA NA NA NA NA NA NA NA NA NA NA NA NA NA NA NA NA NA
19 -3.015005 1.969581 1.080166 -0.8029834 13.48094 0.9628804 0.07824081 1.106479 0.3882772 3.731251 4.51831 -0.9422736 0.9034631 0.4832947 -2.089702 1.523671 0.08762329 0.9376747 2.454033 2.074537 4.339093 10.39214 -1.70016 3.165196 0.8656546 -2.873154 2.214565 -0.1121038 4.171422 2.919799 2.536471 7.545864 5.754809 3.998752 -0.8036324 10.32355 -2.144351 NA NA NA NA NA NA NA NA NA NA NA NA NA NA NA NA NA NA NA NA NA NA NA NA NA NA NA NA NA NA NA NA NA NA NA NA NA
20 -0.6081899 2.156795 1.989845 -0.9636012 2.884764 -1.247113 0.5930736 5.083331 4.602748 8.449981 199.8522 -1.472931 1.015021 -0.6970373 -1.992935 2.521758 0.9000447 2.177738 2.826687 1.740014 4.447844 11.72536 -3.821553 3.060649 0.3572821 -2.989402 1.35203 0.6038834 2.594473 2.443719 2.001677 5.28287 4.687122 4.423456 -0.7290249 13.03889 -2.802653 NA NA NA NA NA NA NA NA NA NA NA NA NA NA NA NA NA NA NA NA NA NA NA NA NA NA NA NA NA NA NA NA NA NA NA NA NA
21 1.329972 2.032829 1.921844 -0.9206436 0.5032319 0.3828419 1.654 1.24292 0.5209774 1.923786 6.754071 0.5643542 0.9037016 0.4441231 -1.99123 5.829614 0.3997207 0.1310923 1.318009 1.380287 4.547509 15.09714 -2.011158 3.041994 1.205658 -2.902848 0.8464068 0.5690438 4.887249 4.845728 3.156595 6.19933 5.046692 8.580202 -1.503167 10.47449 -2.360382 NA NA NA NA NA NA NA NA NA NA NA NA NA NA NA NA NA NA NA NA NA NA NA NA NA NA NA NA NA NA NA NA NA NA NA NA NA
22 0.8549051 1.933162 1.818515 -0.9465593 0.0231459 -0.02008813 0.0232595 1.070768 0.1501042 1.489558 200 -0.4570338 1.164934 0.3264565 -1.785016 2.9365 1.840097 8.283287 2.759994 2.162428 6.05301 4.145143 -0.07045728 2.686344 1.556166 -3.04982 1.991365 0.8456642 3.002071 5.265495 2.997427 7.825478 7.187256 4.275431 -0.7512079 12.7682 -2.428307 NA NA NA NA NA NA NA NA NA NA NA NA NA NA NA NA NA NA NA NA NA NA NA NA NA NA NA NA NA NA NA NA NA NA NA NA NA
23 0.4297159 1.963536 1.365038 -1.045457 4.854722 -2.144616 1.235544 1.227241 1.059643 2.295513 2.49816 -1.136311 0.9039662 0.4528063 -2.012881 1.284324 1.304732 2.47838 2.580937 1.10137 4.101352 17.83047 -2.280704 2.988935 0.2829072 -2.929171 4.326194 -0.3004082 4.425008 4.011925 2.057377 5.048218 10.34998 10.9612 -1.505045 12.53386 -2.060156 NA NA NA NA NA NA NA NA NA NA NA NA NA NA NA NA NA NA NA NA NA NA NA NA NA NA NA NA NA NA NA NA NA NA NA NA NA
24 0.2358487 2.009871 0.4538263 -0.6614101 2.99384 0.3503742 2.004596 1.218045 0.9943345 2.181178 200 -0.8109419 1.079297 -0.2441413 -1.972453 1.875711 0.3661166 1.408867 2.817697 2.274969 5.154494 3.474138 -2.209391 2.995131 1.81545 -3.125367 2.04355 -0.7835928 0.4350284 2.205909 2.124306 4.981003 200 4.574775 -0.7271672 7.222771 -1.390823 NA NA NA NA NA NA NA NA NA NA NA NA NA NA NA NA NA NA NA NA NA NA NA NA NA NA NA NA NA NA NA NA NA NA NA NA NA
25 2.232324 2.090668 2.125318 -0.8938354 0.01739162 -0.05701864 0.3138084 1.054868 0.7868194 1.472216 8.224353 -0.2909476 1.120142 0.5799023 -1.820402 5.11451 6.79702 12.11329 2.527949 1.926624 4.312565 13.71239 -1.976929 2.898401 0.4465581 -2.716099 2.197334 0.3599196 1.175578 2.397542 2.046 5.380275 2.799084 4.352714 -0.7311171 7.19941 -1.180698 NA NA NA NA NA NA NA NA NA NA NA NA NA NA NA NA NA NA NA NA NA NA NA NA NA NA NA NA NA NA NA NA NA NA NA NA NA
26 1.791971 2.045315 3.104066 -1.087322 2.950944 -0.1182486 1.708403 1.079461 0.9030994 2.066752 7.834175 -1.513774 0.9676143 0.17 -2.061569 3.446606 -0.3008507 3.948774 2.438828 1.719071 4.72396 6.607569 -2.779629 3.063634 1.278741 -3.127093 3.415278 1.635016 0.8762226 3.244977 1.779825 4.858413 200 6.990756 -1.067917 8.749504 -1.427949 NA NA NA NA NA NA NA NA NA NA NA NA NA NA NA NA NA NA NA NA NA NA NA NA NA NA NA NA NA NA NA NA NA NA NA NA NA
27 1.329024 1.89106 1.967419 -1.13462 6.168595 1.210218 3.860068 1.533936 1.249002 2.82436 7.057058 -0.01005041 0.8096811 1.928823 -2.366935 2.526127 1.783157 5.512943 3.152961 1.302703 4.591072 3.40911 -1.545855 2.908525 0.7234229 -3.054501 1.084169 0.8889698 1.087342 2.426539 1.205565 4.709192 4.6706 4.990347 -0.6841328 6.890101 -1.250515 NA NA NA NA NA NA NA NA NA NA NA NA NA NA NA NA NA NA NA NA NA NA NA NA NA NA NA NA NA NA NA NA NA NA NA NA NA
28 1.812631 1.99451 2.615074 -0.8361701 2.544794 -0.5870315 0.7538774 0.8317361 0.3778864 1.613857 200 -1.164923 1.031859 0.05472354 -2.108032 2.801 0.9390259 3.523309 2.118561 1.796667 5.330614 5.862055 -1.497327 2.898636 1.066698 -3.046784 5.293911 -2.442626 28.24185 6.676642 5.072614 12.91293 6.959649 7.139716 -1.533457 14.19174 -3.066949 NA NA NA NA NA NA NA NA NA NA NA NA NA NA NA NA NA NA NA NA NA NA NA NA NA NA NA NA NA NA NA NA NA NA NA NA NA
29 1.282948 2.077327 0.01156537 -0.740265 1.717918 -0.1497072 0.01534996 1.970594 1.41488 3.334099 2.828352 -1.952823 1.00923 0.1169553 -2.121464 2.263653 -0.1903986 0.2168408 2.244282 1.792922 5.20456 6.828898 -1.822894 3.006633 1.400285 -3.006232 1.952612 -0.05028639 0.007449797 3.718091 2.261292 7.053359 3.891636 11.72583 -1.943879 14.32153 -2.539485 NA NA NA NA NA NA NA NA NA NA NA NA NA NA NA NA NA NA NA NA NA NA NA NA NA NA NA NA NA NA NA NA NA NA NA NA NA
30 0.6903467 1.915617 1.159491 -0.9542634 4.532481 1.213776 5.749875 1.264519 1.013739 2.386558 200 0.454046 0.9375149 0.121312 -1.952329 5.010062 0.5469663 0.471445 2.336148 1.999869 6.194357 3.716911 -0.7965264 2.825677 1.631879 -3.242112 1.149868 -0.0312261 5.169428 2.863523 2.182772 9.010267 6.235125 14.81068 -2.509535 18.8653 -3.53173 NA NA NA NA NA NA NA NA NA NA NA NA NA NA NA NA NA NA NA NA NA NA NA NA NA NA NA NA NA NA NA NA NA NA NA NA NA
31 -0.2541221 2.075082 1.828561 -0.6749759 2.406462 0.9379183 13.50423 1.509955 1.160052 4.69999 5.090835 -0.7810123 1.031266 0.9696269 -2.041724 5.770878 -1.20217 5.34928 3.178299 1.480488 6.32173 20.68387 -1.361101 2.881947 1.238894 -3.11214 1.659214 1.308441 2.373325 3.116819 1.832479 6.961162 6.464273 6.693706 -1.255156 8.38932 -1.794649 NA NA NA NA NA NA NA NA NA NA NA NA NA NA NA NA NA NA NA NA NA NA NA NA NA NA NA NA NA NA NA NA NA NA NA NA NA
32 0.6124672 2.02964 1.294509 -0.8365156 1.106809 1.104769 1.904022 1.140506 0.9968816 2.046412 28.54651 0.2185607 0.9827873 -0.8044016 -1.978541 2.595578 -0.3065743 1.828185 1.900752 1.420289 3.365916 8.383877 -2.601918 3.155093 0.9413396 -3.040313 2.222785 -0.04744083 1.559146 3.766188 2.715885 6.763966 3.385389 19.6013 -2.638736 20.0182 -2.703926 NA NA NA NA NA NA NA NA NA NA NA NA NA NA NA NA NA NA NA NA NA NA NA NA NA NA NA NA NA NA NA NA NA NA NA NA NA
33 1.945503 2.065477 4.279952 -1.158272 1.16626 0.1021721 3.38996 1.211763 0.1408405 2.200379 3.570156 -0.6577477 0.9618884 0.1577988 -1.98258 3.630063 2.473021 2.085456 2.691628 1.670948 4.554087 10.1544 -0.7955876 2.908126 1.6161 -3.225968 1.87994 -0.575814 1.322484 4.018299 2.528442 7.012815 4.674076 5.658527 -0.9764314 9.670786 -2.064947 NA NA NA NA NA NA NA NA NA NA NA NA NA NA NA NA NA NA NA NA NA NA NA NA NA NA NA NA NA NA NA NA NA NA NA NA NA
34 0.9807762 1.995903 1.392556 -0.9235866 1.971362 -0.9616083 1.335284 0.7642354 0.507455 1.291159 200 -2.543684 1.245459 -0.7488548 -1.779958 2.852116 -0.4856657 2.564024 3.986175 2.201033 5.770002 7.091832 -2.312979 2.949847 1.372054 -3.155604 3.781933 1.0584 5.01466 5.047892 3.545195 9.541474 8.587083 7.327787 -1.505854 8.811129 -1.967282 NA NA NA NA NA NA NA NA NA NA NA NA NA NA NA NA NA NA NA NA NA NA NA NA NA NA NA NA NA NA NA NA NA NA NA NA NA
35 -0.1646159 1.982055 3.138919 -1.075247 3.280516 -1.468671 0.6669806 1.243329 1.48884 3.432307 2.60998 -1.217448 1.063612 -0.4534483 -1.757975 0.813907 0.2688753 0.5616678 2.537846 1.712207 3.943497 12.89164 -0.2261707 2.703069 0.1040072 -2.929581 1.088639 1.495594 3.830741 2.99649 3.220284 9.228239 3.256988 9.212545 -1.727549 11.12684 -2.329991 NA NA NA NA NA NA NA NA NA NA NA NA NA NA NA NA NA NA NA NA NA NA NA NA NA NA NA NA NA NA NA NA NA NA NA NA NA
36 0.7288658 2.148271 1.503736 -0.9057117 2.379954 0.002305144 0.650532 0.9384524 0.728818 1.57144 3.564304 -0.8790514 1.139693 -2.062371 -1.763358 1.959456 -0.4268384 3.977051 3.10985 2.117543 5.719544 5.188776 -1.873433 3.019524 -0.530078 -2.612582 3.104171 2.017955 3.343677 6.026928 4.493466 10.92091 3.720614 3.316758 -0.6003932 5.022243 -1.167865 NA NA NA NA NA NA NA NA NA NA NA NA NA NA NA NA NA NA NA NA NA NA NA NA NA NA NA NA NA NA NA NA NA NA NA NA NA
37 0.1180562 2.053908 2.771142 -0.9946231 0.76677 0.07730146 1.998836 0.9654778 0.4871536 1.065545 2 -2.344102 1.100582 -0.9534534 -1.792654 2.497488 1.499572 5.448298 2.260571 2.062333 5.255881 5.23628 -2.83103 2.992539 0.2934899 -2.893933 2.979688 1.682805 2.734277 2.858407 1.767184 5.106242 110.3696 6.178031 -1.494244 7.137684 -1.672267 NA NA NA NA NA NA NA NA NA NA NA NA NA NA NA NA NA NA NA NA NA NA NA NA NA NA NA NA NA NA NA NA NA NA NA NA NA
38 0.7213698 2.027385 2.450697 -1.045467 2.69571 1.457179 2.971224 0.7021557 0.7540839 2.110899 6.834682 -1.334745 1.043837 -0.3021101 -2.028893 2.227388 -0.1574313 0.7054428 2.397598 2.320542 6.681418 5.352298 -1.276992 3.077217 -0.4840404 -2.55201 4.563439 -1.75362 2.29351 6.616283 2.670365 8.577374 3.874138 8.994209 -1.492693 10.63868 -1.910326 NA NA NA NA NA NA NA NA NA NA NA NA NA NA NA NA NA NA NA NA NA NA NA NA NA NA NA NA NA NA NA NA NA NA NA NA NA
39 1.354869 2.028377 3.446853 -1.090388 1.361543 -0.5280726 1.069248 0.8344122 0.3356223 1.525975 12.71145 -1.109192 1.064089 0.3367709 -1.972857 2.725972 0.7267955 2.623578 1.88988 1.235528 3.394093 6.45268 -2.433087 2.972591 0.792702 -3.082238 2.317287 1.825297 2.714694 3.274065 2.193326 8.017239 193.4413 4.592472 -0.6822428 8.485365 -2.06353 NA NA NA NA NA NA NA NA NA NA NA NA NA NA NA NA NA NA NA NA NA NA NA NA NA NA NA NA NA NA NA NA NA NA NA NA NA
40 0.7238831 1.950308 2.268894 -1.182148 1.1956 -0.1522946 0.7590547 0.8273869 0.5444014 2.157928 200 -0.166755 0.8868039 -0.7340582 -1.877618 3.667885 0.1503802 4.346132 2.964048 1.847974 4.000526 3.391026 -0.5945237 3.005271 1.217224 -3.088446 4.273117 -1.197656 1.344266 3.039073 2.266611 5.899888 4.310095 6.023293 -0.9961978 7.040332 -1.431307 NA NA NA NA NA NA NA NA NA NA NA NA NA NA NA NA NA NA NA NA NA NA NA NA NA NA NA NA NA NA NA NA NA NA NA NA NA
41 2.417196 1.786317 3.57524 -1.212456 0.7772229 -0.2637555 0.6228995 1.032341 0.583168 2.257768 4.315668 -0.9662939 0.947543 0.07829871 -1.978078 2.390104 -0.691706 2.859156 2.47763 1.656908 5.262621 13.83332 -2.546736 3.116266 0.7189486 -2.774559 3.039562 0.8121974 0.7943491 2.56242 1.028741 6.014921 12.45958 3.984977 -0.6206007 5.510017 -0.9160508 NA NA NA NA NA NA NA NA NA NA NA NA NA NA NA NA NA NA NA NA NA NA NA NA NA NA NA NA NA NA NA NA NA NA NA NA NA
42 -0.7470729 1.999171 1.928287 -1.007995 0.412256 -0.1571861 0.2140353 1.45377 0.6852289 1.94256 200 -1.218299 1.058197 1.008124 -2.057854 5.316346 2.194146 4.713685 2.720521 1.829685 7.018244 3.470772 -2.067021 2.982115 1.936819 -3.082184 1.631776 1.009295 0.6699389 2.221107 0.736602 7.486494 3.944474 10.54193 -1.520559 12.89994 -1.914267 NA NA NA NA NA NA NA NA NA NA NA NA NA NA NA NA NA NA NA NA NA NA NA NA NA NA NA NA NA NA NA NA NA NA NA NA NA
43 0.5041344 1.899642 2.470819 -1.158912 1.065531 1.89093 6.611792 2.137211 1.375018 4.258389 2.605745 -1.479821 1.04386 0.4205414 -2.072329 3.654362 -1.275214 2.029312 2.195078 2.485395 7.006372 6.643033 -1.914586 2.98614 1.625332 -3.075527 0.7393743 0.4769838 2.781066 3.831409 2.889771 7.16449 4.292122 9.482237 -1.921246 10.57454 -2.233868 NA NA NA NA NA NA NA NA NA NA NA NA NA NA NA NA NA NA NA NA NA NA NA NA NA NA NA NA NA NA NA NA NA NA NA NA NA
44 2.178165 1.977229 2.372786 -1.011491 4.072842 0.3534217 4.121837 0.9258312 0.8753481 2.522048 3.406245 -1.69176 1.118472 -1.331348 -1.711613 1.691696 -0.1030928 0.3968614 2.453324 2.178138 5.423714 16.61777 -2.389331 2.992853 1.064483 -3.211949 2.684106 1.776806 7.550063 7.007202 4.227414 9.710772 7.847855 13.0479 -2.005268 14.44224 -2.272293 NA NA NA NA NA NA NA NA NA NA NA NA NA NA NA NA NA NA NA NA NA NA NA NA NA NA NA NA NA NA NA NA NA NA NA NA NA
45 -0.3324792 2.110588 0.7665104 -0.896337 1.023251 0.5419833 0.5638128 1.014822 0.8375189 2.051096 200 -0.2889318 0.8581198 0.6829872 -2.130993 1.307006 1.043038 3.784408 2.774032 1.742117 4.222784 6.209847 0.1397636 2.743185 0.4595032 -3.070083 2.930342 -0.02433655 0.5398723 3.864863 2.541171 6.204475 12.40626 6.880814 -1.060246 9.590341 -1.73923 NA NA NA NA NA NA NA NA NA NA NA NA NA NA NA NA NA NA NA NA NA NA NA NA NA NA NA NA NA NA NA NA NA NA NA NA NA
46 1.312054 1.860381 2.658365 -1.063505 2.206483 0.3267277 1.432896 0.7251637 0.2107275 1.364178 2.141927 -0.8212917 0.8972416 1.324152 -2.193282 1.905661 -0.558134 4.248547 1.996068 1.295003 3.693957 14.4033 -3.054819 2.964783 1.135568 -2.984632 2.486333 0.2660434 1.272044 5.080166 3.195517 7.034286 8.261459 6.620412 -1.141149 10.23415 -2.04605 NA NA NA NA NA NA NA NA NA NA NA NA NA NA NA NA NA NA NA NA NA NA NA NA NA NA NA NA NA NA NA NA NA NA NA NA NA
47 -4.104329 2.673314 1.694829 -0.07868076 0.0008789358 0.0006384268 0.001073825 2.982901 2.177264 3.666857 200 -0.2499858 1.216743 0.2474342 -1.780049 8.19404 6.196735 8.54851 3.117161 2.34881 5.919704 4.562877 -1.571369 2.968477 1.207347 -2.966591 4.704085 0.5579653 0.4316074 3.163736 2.516341 5.783784 13.65 6.359213 -2.876406 6.535592 -0.9881017 NA NA NA NA NA NA NA NA NA NA NA NA NA NA NA NA NA NA NA NA NA NA NA NA NA NA NA NA NA NA NA NA NA NA NA NA NA
48 1.718429 2.011638 1.321898 -0.9704434 1.114303 0.7762893 2.019508 2.193172 2.000471 3.324621 5.414481 0.06027982 0.9102791 -0.09746296 -2.170141 2.980907 -0.8041809 0.2799941 2.427201 1.704369 4.664247 8.890884 -2.131371 3.020708 0.6999306 -2.884938 2.583209 1.441538 2.49303 3.675683 2.435745 7.570986 6.759692 5.681628 -1.206465 6.352723 -1.136569 NA NA NA NA NA NA NA NA NA NA NA NA NA NA NA NA NA NA NA NA NA NA NA NA NA NA NA NA NA NA NA NA NA NA NA NA NA
49 0.2809415 2.038512 1.519238 -0.9642768 0.7935559 1.260302 2.01333 0.5488884 0.1532279 1.911995 200 -1.784054 1.17708 -0.9653802 -1.834345 3.57957 1.130213 1.806363 2.086383 1.601314 4.184422 4.85222 -0.306111 2.902329 1.275908 -3.026148 4.947409 -1.069296 1.203358 5.26116 3.425209 6.76689 7.047093 4.619622 -0.9645808 6.387633 -1.248471 NA NA NA NA NA NA NA NA NA NA NA NA NA NA NA NA NA NA NA NA NA NA NA NA NA NA NA NA NA NA NA NA NA NA NA NA NA
50 1.575687 2.224282 0.7211212 -0.7880658 0.3888294 -0.5693994 1.984654 1.338613 0.8872228 1.855086 8.452593 -0.2754566 0.9641922 0.8661858 -2.080535 3.949008 3.714572 5.448901 2.462097 1.229108 3.445357 4.916776 -3.059007 3.100766 0.5911365 -2.97166 3.391527 -1.34878 2.256627 3.888587 2.402012 6.687224 23.31357 4.355095 -0.8285939 6.516922 -1.222394 NA NA NA NA NA NA NA NA NA NA NA NA NA NA NA NA NA NA NA NA NA NA NA NA NA NA NA NA NA NA NA NA NA NA NA NA NA
51 1.215668 2.088223 1.339823 -0.8559414 2.608262 0.7219885 0.2033275 0.7324763 0.2885984 1.806931 200 -1.040484 0.9339284 -0.1243577 -2.03029 2.682441 1.075639 6.383294 2.846381 1.227799 4.640936 4.506409 -2.472552 2.999423 1.559158 -3.05237 0.8853835 0.6393422 3.306686 3.022659 2.185707 7.290456 13.06333 11.8716 -2.035373 22.21183 -4.462205 NA NA NA NA NA NA NA NA NA NA NA NA NA NA NA NA NA NA NA NA NA NA NA NA NA NA NA NA NA NA NA NA NA NA NA NA NA
52 1.05494 2.084396 1.040916 -0.9006036 1.951817 -0.5363067 4.34398 1.221183 0.7997125 1.710185 3.516106 0.001215529 0.8440303 0.3325942 -2.137724 1.822435 -0.3026397 0.6832066 2.260601 1.353966 5.23456 3.181178 -1.672268 3.001495 1.252648 -2.941088 1.912471 0.8298126 2.596753 3.876728 2.76038 7.24666 6.492347 7.130977 -0.9334877 9.135965 -1.559708 NA NA NA NA NA NA NA NA NA NA NA NA NA NA NA NA NA NA NA NA NA NA NA NA NA NA NA NA NA NA NA NA NA NA NA NA NA
53 0.5201214 1.957168 2.534634 -1.045835 2.558369 1.030991 5.053588 1.861708 1.194462 2.662452 3.75793 -1.110229 0.9302687 -0.09019562 -1.998436 2.9613 3.130271 8.00929 2.853514 1.528673 4.060303 200 -2.432282 2.969906 1.723724 -3.210665 1.617025 0.8091156 1.407202 3.377772 2.082426 5.525684 43.20391 16.3139 -2.452995 17.98518 -2.940941 NA NA NA NA NA NA NA NA NA NA NA NA NA NA NA NA NA NA NA NA NA NA NA NA NA NA NA NA NA NA NA NA NA NA NA NA NA
54 1.453917 2.001628 0.7188186 -0.7040341 0.325283 0.9911339 5.503413 1.069003 0.8466837 2.457725 5.678325 -0.6705642 0.8532862 0.1053825 -2.021182 1.236508 0.5796831 4.053151 2.862344 1.413106 4.779509 3.861099 -0.6513719 2.793941 1.940914 -3.198319 1.407397 -0.6406615 0.6464368 3.527496 3.247696 7.158762 200 6.254518 -1.110275 9.254204 -1.799801 NA NA NA NA NA NA NA NA NA NA NA NA NA NA NA NA NA NA NA NA NA NA NA NA NA NA NA NA NA NA NA NA NA NA NA NA NA
55 1.103775 2.012883 1.833426 -0.9955694 1.746272 -0.3964249 0.09287963 1.003119 0.7333421 1.819936 6.89228 -0.3486763 0.9095837 0.5308291 -2.110432 1.509074 -0.4516367 2.037837 2.113861 1.268725 3.493018 10.42456 -2.890703 3.147222 0.8396347 -2.564132 0.9354918 0.8275723 3.755568 3.357406 1.81477 6.575523 4.583984 17.20151 -2.420776 22.56837 -3.572725 NA NA NA NA NA NA NA NA NA NA NA NA NA NA NA NA NA NA NA NA NA NA NA NA NA NA NA NA NA NA NA NA NA NA NA NA NA
56 1.085874 2.725342 -3.24979 -0.04903441 0.006543203 0.008972162 0.01824628 2.797691 3.809577 7.672824 200 -0.3672256 1.814159 0.42938 -1.227477 4.217266 3.068647 7.730927 2.103561 1.775995 4.104864 2.952201 -3.386548 3.214627 1.998749 -3.052189 0.6586509 -0.8262842 1.874799 2.087608 1.552653 4.195734 7.710626 2.836422 -1.074615 5.077996 -0.7226341 NA NA NA NA NA NA NA NA NA NA NA NA NA NA NA NA NA NA NA NA NA NA NA NA NA NA NA NA NA NA NA NA NA NA NA NA NA
57 2.505451 1.936452 2.978499 -1.177533 0.7193421 -0.1664907 0.7287118 0.6995523 0.4560478 1.643142 199.9999 -1.606543 1.024579 -1.229433 -1.795192 3.728149 0.2540476 3.460209 3.759362 2.819845 6.75744 4.727635 -1.050565 2.833839 0.9262821 -3.030023 3.583299 1.158205 2.181888 2.543067 1.561261 6.093985 3.480518 5.234944 -0.9310856 9.576507 -2.061733 NA NA NA NA NA NA NA NA NA NA NA NA NA NA NA NA NA NA NA NA NA NA NA NA NA NA NA NA NA NA NA NA NA NA NA NA NA
58 1.090783 1.922396 2.665807 -1.067913 1.340837 0.5884779 2.179077 1.328167 0.9743594 1.643896 200 -1.182973 1.019943 -1.487107 -1.788801 4.609575 0.312331 1.096701 2.380583 1.481238 5.404302 5.737929 -3.087148 3.199984 -1.13498 -2.706055 0.331094 -0.09725071 3.362807 3.925501 2.661474 5.854223 89.73256 13.71527 -2.911169 16.31238 -3.510909 NA NA NA NA NA NA NA NA NA NA NA NA NA NA NA NA NA NA NA NA NA NA NA NA NA NA NA NA NA NA NA NA NA NA NA NA NA
59 1.213826 2.077556 2.225485 -0.9384737 2.440692 0.6749845 1.29439 0.8999779 0.6961948 1.469342 34.00624 0.5374838 0.843799 0.5096504 -2.096766 1.468284 0.1427872 0.0337528 1.818861 1.295373 4.589359 82.96386 -1.023804 2.970313 1.136364 -2.83783 1.099793 1.091646 3.188162 3.673944 2.217711 6.406483 6.730573 5.690867 -0.9874236 10.15124 -2.297955 NA NA NA NA NA NA NA NA NA NA NA NA NA NA NA NA NA NA NA NA NA NA NA NA NA NA NA NA NA NA NA NA NA NA NA NA NA
60 0.4160883 2.060663 2.558887 -0.9364614 3.104606 1.009913 2.488342 1.451349 1.293919 3.021168 6.715449 -0.8444723 0.8604753 -0.4884221 -1.791248 0.4210362 -0.5717885 0.8450235 3.597629 3.264654 7.867534 5.995894 -2.378388 3.00899 0.05117293 -2.863496 0.9496456 1.120848 2.569354 3.511001 2.225572 6.249465 4.016146 11.04613 -1.447409 12.41649 -1.93418 NA NA NA NA NA NA NA NA NA NA NA NA NA NA NA NA NA NA NA NA NA NA NA NA NA NA NA NA NA NA NA NA NA NA NA NA NA
61 1.289289 2.09375 2.303846 -1.060722 1.14705 -0.3970553 0.1433734 0.9163631 0.3743533 2.207926 7.641653 -0.297722 0.9602089 0.4269934 -1.881554 2.846635 0.4096389 0.4975621 2.459061 1.044855 4.008543 3.005712 -1.944111 3.061696 1.578705 -2.951725 1.972525 0.6325467 0.698022 3.519298 2.466684 5.098206 200 7.824743 -1.136553 10.04425 -1.734843 NA NA NA NA NA NA NA NA NA NA NA NA NA NA NA NA NA NA NA NA NA NA NA NA NA NA NA NA NA NA NA NA NA NA NA NA NA
62 0.5859028 2.017327 2.791756 -0.9473718 4.070638 0.4338297 1.574915 1.000933 0.4439323 1.383761 6.791565 -0.2242874 0.8433782 0.777027 -2.184882 1.536785 2.079207 3.605498 1.873766 1.098458 3.682018 10.27319 -1.716553 2.882732 -0.2609418 -2.821839 1.528005 0.5028726 2.375073 3.48345 1.873957 8.688234 7.139233 6.876153 -1.145501 7.073365 -1.316858 NA NA NA NA NA NA NA NA NA NA NA NA NA NA NA NA NA NA NA NA NA NA NA NA NA NA NA NA NA NA NA NA NA NA NA NA NA
63 1.681701 2.238426 1.202988 -0.9903963 1.740684 0.3788319 0.08931851 1.805131 0.8805219 2.349997 2.35524 -0.7365509 0.9393758 -0.7291855 -1.921807 1.47263 0.01175695 1.867782 2.864 2.078345 5.838654 3.492192 -2.049535 2.971213 1.198718 -3.059573 1.624496 -0.4896426 1.060023 4.531486 3.682245 8.552073 8.026593 12.2217 -2.140275 14.57295 -2.416636 NA NA NA NA NA NA NA NA NA NA NA NA NA NA NA NA NA NA NA NA NA NA NA NA NA NA NA NA NA NA NA NA NA NA NA NA NA
64 -0.0427277 1.971659 0.1080762 -0.8851307 1.968161 -0.2228242 0.4248011 1.70783 0.7844418 1.92153 200 -1.170696 1.052261 -0.6204549 -1.897926 2.53677 0.457089 1.846921 2.235924 1.537748 3.817032 3.599814 -1.332032 2.917755 -0.05456105 -2.873969 3.095673 -0.8518038 2.368354 2.31512 1.138093 3.240566 200 12.93399 -2.0519 19.74213 -3.491209 NA NA NA NA NA NA NA NA NA NA NA NA NA NA NA NA NA NA NA NA NA NA NA NA NA NA NA NA NA NA NA NA NA NA NA NA NA
65 3.36582 1.945227 2.512342 -1.030281 0.5867513 1.013161 1.881184 0.5712865 0.2144638 1.629542 200 -0.5248501 1.103262 0.5544186 -1.853326 4.210653 4.162807 6.115787 2.064911 1.50482 3.588472 9.119224 -2.915412 2.999731 0.9260364 -2.971007 2.064337 -0.7145447 0.8906845 4.046385 3.040972 7.23342 5.628884 6.328685 -1.118678 8.695098 -1.249821 NA NA NA NA NA NA NA NA NA NA NA NA NA NA NA NA NA NA NA NA NA NA NA NA NA NA NA NA NA NA NA NA NA NA NA NA NA
66 -0.4910015 2.088615 2.198256 -0.9317944 1.606601 -0.3108353 3.068522 1.091687 0.8516494 1.938011 104.6429 -0.3700891 0.9650148 -0.3406383 -1.976173 2.640667 1.738153 2.420361 4.27055 1.652152 6.422054 13.35544 -0.7428394 2.915908 1.736174 -3.012427 2.673833 -0.233014 0.5249272 4.47719 3.256404 10.33322 3.692136 6.912315 -1.146644 12.91464 -2.749412 NA NA NA NA NA NA NA NA NA NA NA NA NA NA NA NA NA NA NA NA NA NA NA NA NA NA NA NA NA NA NA NA NA NA NA NA NA
67 1.303494 2.015608 1.87901 -1.011179 0.79661 -0.2136035 1.788413 1.110791 0.7722425 2.685813 2.971611 -0.7740291 0.951347 0.05563657 -1.976281 3.110354 1.293656 2.252377 1.774717 1.069553 5.154038 4.595094 -0.1225989 2.832074 2.242402 -3.279875 0.4501163 -0.03421679 0.02153344 3.478875 2.162538 7.898913 8.418431 7.996819 -1.084668 11.29078 -2.051175 NA NA NA NA NA NA NA NA NA NA NA NA NA NA NA NA NA NA NA NA NA NA NA NA NA NA NA NA NA NA NA NA NA NA NA NA NA
68 0.5738628 2.107534 2.321944 -1.022584 0.01696677 0.1029384 0.9432049 1.297978 0.6200832 1.478042 7.321133 -0.1105241 0.9527146 0.3343393 -2.074734 2.456258 1.435321 4.09419 2.361265 2.561921 6.034757 4.749763 -2.285375 3.053026 -0.2329811 -2.767113 3.561288 -0.2315824 0.04785197 3.349165 2.47819 9.361449 4.997532 8.834492 -1.343895 12.48662 -2.301713 NA NA NA NA NA NA NA NA NA NA NA NA NA NA NA NA NA NA NA NA NA NA NA NA NA NA NA NA NA NA NA NA NA NA NA NA NA
69 0.1664238 2.120789 2.615182 -0.990486 2.049556 -0.2052398 1.180599 1.653176 1.066769 2.274676 2.671924 -0.8732468 0.970651 -0.1832225 -2.03269 1.504785 1.25193 1.978531 1.835373 1.544015 4.890925 5.143647 -2.392505 2.905304 0.2088797 -2.986381 3.04459 1.303812 2.225038 3.550059 3.0336 8.350326 7.791753 4.965537 -0.7263822 6.533014 -1.302506 NA NA NA NA NA NA NA NA NA NA NA NA NA NA NA NA NA NA NA NA NA NA NA NA NA NA NA NA NA NA NA NA NA NA NA NA NA
70 0.8518843 2.025013 1.260947 -0.9681404 0.5661645 -0.3707617 2.243359 0.9170394 0.7851003 2.092755 10.89942 -0.7997962 1.073652 0.217803 -1.918558 2.644399 -0.6791863 1.299153 3.92987 3.412406 7.097765 7.471581 -2.626042 3.14788 0.766076 -2.989703 0.1861703 -0.5532665 1.940238 5.678375 3.805762 6.893421 4.016541 12.19835 -1.663463 14.09932 -2.350392 NA NA NA NA NA NA NA NA NA NA NA NA NA NA NA NA NA NA NA NA NA NA NA NA NA NA NA NA NA NA NA NA NA NA NA NA NA
71 1.39508 1.982334 1.880418 -0.961509 1.6367 0.9339816 2.378909 1.310687 1.285209 3.391476 8.084533 -1.037245 0.9080754 0.5618754 -2.102429 3.421926 1.392644 5.627753 2.285456 2.016567 4.673445 5.176416 -1.843139 2.999242 0.308293 -2.770842 1.505416 1.013641 0.6954015 3.713651 3.57295 8.710957 6.718729 5.234649 -0.961442 6.203186 -1.242188 NA NA NA NA NA NA NA NA NA NA NA NA NA NA NA NA NA NA NA NA NA NA NA NA NA NA NA NA NA NA NA NA NA NA NA NA NA
72 2.090058 1.929987 1.082849 -0.9940917 0.6307261 -0.2225488 0.6398049 0.9847391 0.2537153 1.319863 18.15119 -0.5103451 0.8058753 -0.05594612 -1.931307 1.188719 -0.687691 1.195479 2.433329 1.57875 4.417725 5.285821 -1.795322 2.899449 0.9433578 -3.233642 0.7170017 0.6115437 2.846392 4.501475 3.476175 8.688336 2.457873 13.91361 -2.202179 18.07907 -3.516282 NA NA NA NA NA NA NA NA NA NA NA NA NA NA NA NA NA NA NA NA NA NA NA NA NA NA NA NA NA NA NA NA NA NA NA NA NA
73 0.983962 2.051602 1.659379 -0.8623281 1.731711 0.2489857 0.3134681 1.571233 0.3993861 1.882282 9.678685 -0.8594195 1.023585 -0.6568082 -1.980861 2.521688 -0.3563481 1.825256 2.676397 2.277311 5.625304 9.840521 -1.404746 2.955321 1.113437 -3.088064 2.9419 2.521722 4.102308 5.313408 3.077021 10.12245 6.013824 10.85881 -1.827289 13.19925 -2.426783 NA NA NA NA NA NA NA NA NA NA NA NA NA NA NA NA NA NA NA NA NA NA NA NA NA NA NA NA NA NA NA NA NA NA NA NA NA
74 1.429759 2.012863 2.676765 -1.025025 0.4087668 -0.2118633 0.1198803 0.5981721 0.3499592 1.469553 2.851646 -1.68527 1.032858 -0.9530453 -1.91939 2.385758 -0.1834205 3.224421 2.394326 1.878652 5.415279 4.845495 -1.290806 3.010316 0.5868544 -3.016747 2.906027 0.3640931 2.110965 3.656446 2.416201 5.788485 3.802957 5.378152 -0.8895037 7.493369 -1.233074 NA NA NA NA NA NA NA NA NA NA NA NA NA NA NA NA NA NA NA NA NA NA NA NA NA NA NA NA NA NA NA NA NA NA NA NA NA
75 1.211883 2.027006 0.6445818 -0.9141312 1.249432 0.5468776 4.086685 0.6628244 0.3730377 1.48074 2.63321 -0.04660398 1.03002 -0.9977908 -1.833204 0.8974713 1.702488 3.805291 2.822633 1.598585 5.714102 4.700914 -1.743176 3.020055 2.462511 -3.165687 1.298843 -0.1128859 1.453646 2.554578 1.492559 4.974132 2.447721 5.074588 -0.92389 9.977083 -2.346849 NA NA NA NA NA NA NA NA NA NA NA NA NA NA NA NA NA NA NA NA NA NA NA NA NA NA NA NA NA NA NA NA NA NA NA NA NA
76 0.5893743 2.084899 0.5008021 -0.6576559 4.362589 -0.4711084 1.679798 1.063013 0.7436257 2.37402 2.86033 -0.7443353 0.9479414 -0.9366759 -1.809368 1.997192 0.3894464 1.4596 2.015516 1.606598 4.586496 200 -2.775924 3.169884 0.7030103 -2.929934 0.07783582 -0.4117853 2.616816 2.620272 2.143136 4.943097 3.77385 10.94102 -1.633146 11.99666 -1.840387 NA NA NA NA NA NA NA NA NA NA NA NA NA NA NA NA NA NA NA NA NA NA NA NA NA NA NA NA NA NA NA NA NA NA NA NA NA
77 2.030753 1.927231 1.223108 -0.9576082 2.452726 0.4097021 1.56705 1.427337 1.189902 3.184827 3.239882 -0.8027904 0.9576604 -1.056449 -1.92848 2.110013 -0.8178301 3.642068 2.655856 1.828422 5.000407 4.748488 -1.808571 2.816457 0.8047108 -3.266997 0.6820345 -0.3764402 1.563737 2.501706 2.135115 5.688178 200 13.71684 -2.70508 16.21883 -3.631316 NA NA NA NA NA NA NA NA NA NA NA NA NA NA NA NA NA NA NA NA NA NA NA NA NA NA NA NA NA NA NA NA NA NA NA NA NA
78 -1.00459 2.158124 0.4287214 -0.7559722 3.250012 0.8607354 1.601895 1.358568 1.050379 2.301229 3.880395 -0.735083 0.9720147 -0.6547098 -1.853488 3.28728 1.919916 3.215941 2.580273 1.822039 4.783348 5.0444 -2.696068 3.133055 0.3415435 -2.704824 1.17021 0.1643167 1.080549 2.750298 2.096033 5.696753 30.79147 12.5931 -1.860454 13.75719 -2.205713 NA NA NA NA NA NA NA NA NA NA NA NA NA NA NA NA NA NA NA NA NA NA NA NA NA NA NA NA NA NA NA NA NA NA NA NA NA
79 0.5907434 1.984012 3.011484 -1.108944 0.8167457 -0.6369398 0.5747554 0.6744652 0.4805961 2.074519 5.057308 0.1942681 0.9201156 -0.4046191 -1.920638 1.482563 -0.8937145 1.442763 3.310935 2.815932 7.600621 3.759228 -2.742099 3.234736 0.162045 -2.757788 0.5862789 -0.6830048 1.043163 3.082927 2.633345 5.515239 7.117213 5.243791 -0.842324 7.793923 -1.45423 NA NA NA NA NA NA NA NA NA NA NA NA NA NA NA NA NA NA NA NA NA NA NA NA NA NA NA NA NA NA NA NA NA NA NA NA NA
80 0.107012 2.12795 1.226613 -1.013387 1.299892 0.7445768 3.288558 2.110848 1.176034 2.453885 2.721507 -1.485842 0.9829546 0.06430915 -1.964293 2.566333 0.2075527 1.635063 1.810811 1.557048 3.866723 10.51263 -2.175982 3.048336 0.9863641 -2.892481 1.2013 0.1442746 0.05059944 3.275236 2.32952 7.091638 16.3916 7.240508 -1.277021 9.718603 -2.267552 NA NA NA NA NA NA NA NA NA NA NA NA NA NA NA NA NA NA NA NA NA NA NA NA NA NA NA NA NA NA NA NA NA NA NA NA NA
81 1.702206 2.013515 3.279267 -1.056535 3.879608 -0.07816327 0.6672666 1.62683 1.228366 3.409581 3.90046 -2.174959 1.08489 -0.04085039 -1.953534 3.167186 0.5802064 0.8303887 2.029309 1.206635 3.420029 3.407724 -2.874221 3.079421 -0.6606398 -2.830079 0.1189313 -0.1469289 0.8084268 4.095961 2.535755 7.176511 5.192002 5.810678 -0.9722839 6.879129 -1.211112 NA NA NA NA NA NA NA NA NA NA NA NA NA NA NA NA NA NA NA NA NA NA NA NA NA NA NA NA NA NA NA NA NA NA NA NA NA
82 1.210041 2.021149 2.118009 -0.9990934 3.785047 0.4176453 1.680122 1.718344 1.150513 2.559856 4.026367 -1.492764 0.9163426 -0.5027058 -2.057685 3.11225 0.9678766 0.7569338 2.708596 1.393872 5.630261 4.883204 -2.003996 3.01946 1.917348 -3.106121 7.336124 0.7154288 3.077515 3.465757 3.364024 9.324522 6.315442 9.047271 -1.263432 11.11942 -1.973465 NA NA NA NA NA NA NA NA NA NA NA NA NA NA NA NA NA NA NA NA NA NA NA NA NA NA NA NA NA NA NA NA NA NA NA NA NA
83 1.327144 2.020697 3.302887 -0.8434979 1.186405 -0.06073309 1.017811 1.121612 0.6990174 1.629806 2.79537 -1.418636 0.9828107 0.2947101 -1.944473 2.951212 0.05621957 4.139639 3.123098 2.52211 6.230281 5.276905 -1.088861 3.022298 0.8049764 -2.919405 4.400888 -1.918561 1.250489 4.182843 3.047483 7.093824 3.814794 2.831819 -0.611073 5.488194 -1.218252 NA NA NA NA NA NA NA NA NA NA NA NA NA NA NA NA NA NA NA NA NA NA NA NA NA NA NA NA NA NA NA NA NA NA NA NA NA
84 1.302577 2.041018 0.9672357 -0.9923931 1.825678 1.207628 1.528386 0.922177 0.8702232 2.403366 2.660863 -1.015098 1.050162 -0.1784197 -1.851692 4.860842 0.6262687 2.904209 2.224516 1.392475 4.91137 3.411252 -3.449682 3.185812 0.4156274 -3.055567 2.352263 2.273036 7.599348 4.09451 3.063933 7.711839 3.683574 5.79251 -1.213943 6.562674 -1.364649 NA NA NA NA NA NA NA NA NA NA NA NA NA NA NA NA NA NA NA NA NA NA NA NA NA NA NA NA NA NA NA NA NA NA NA NA NA
85 1.333549 2.023215 2.957126 -1.094949 4.703468 1.237534 1.16661 1.0321 0.8500499 2.547364 3.566735 -0.8151912 0.9438714 -0.8651052 -1.82676 3.772742 1.530049 1.569112 3.338839 2.331106 5.471448 4.574916 -1.084262 2.932247 1.658795 -3.121604 1.711053 -0.3631068 1.164457 2.822862 0.8702948 3.188214 200 12.58133 -1.595835 15.87408 -2.567122 NA NA NA NA NA NA NA NA NA NA NA NA NA NA NA NA NA NA NA NA NA NA NA NA NA NA NA NA NA NA NA NA NA NA NA NA NA
86 0.860514 2.042985 2.849568 -0.997423 3.293579 -0.7102957 2.584845 1.642942 1.314643 2.345069 5.781646 0.03401025 0.9157368 -0.1072224 -1.895039 3.43039 1.501903 1.711161 2.282399 1.184463 4.126287 5.000958 -2.544392 2.96512 -0.7941778 -2.641551 0.4571207 1.2934 4.985594 1.168682 1.163947 4.418488 3.529015 9.499964 -1.19947 13.04163 -2.060934 NA NA NA NA NA NA NA NA NA NA NA NA NA NA NA NA NA NA NA NA NA NA NA NA NA NA NA NA NA NA NA NA NA NA NA NA NA
87 0.2784773 1.996885 1.422455 -0.880354 1.251883 1.730261 3.813186 0.9518516 0.5134028 1.71932 200 -1.024542 1.044085 -0.6232537 -1.976445 2.345587 0.9381661 4.025478 4.203598 2.467838 6.888249 3.923147 -2.737264 2.964035 0.6071312 -2.921453 3.669429 2.836756 2.299224 3.402032 2.029533 6.600121 10.48436 11.22345 -1.752593 14.59821 -2.503643 NA NA NA NA NA NA NA NA NA NA NA NA NA NA NA NA NA NA NA NA NA NA NA NA NA NA NA NA NA NA NA NA NA NA NA NA NA
88 1.516244 1.899796 0.5235481 -0.8401848 0.8252274 -0.03142489 0.6180757 1.559713 0.9218447 1.867407 199.9283 -0.1626107 0.9903105 0.07679107 -1.982272 2.982585 1.216755 3.311575 3.505368 2.725451 6.280011 3.101274 -3.990367 3.177619 0.7932927 -3.054348 5.221826 1.0337 3.098688 3.77743 2.158379 6.796972 4.23493 8.640263 -1.373374 11.31537 -2.0792 NA NA NA NA NA NA NA NA NA NA NA NA NA NA NA NA NA NA NA NA NA NA NA NA NA NA NA NA NA NA NA NA NA NA NA NA NA
89 1.798927 2.234173 1.637158 -0.797761 20.48008 -1.438066 1.227634 6.828953 1.329602 4.675082 199.9999 0.6041565 1.527287 0.9698524 -1.389404 10.29231 7.661767 6.974459 2.691613 2.42575 4.478146 8.767315 -1.824119 3.11877 0.5207729 -3.061818 2.103091 0.6458348 3.596628 3.44154 1.945537 7.202091 13.46566 5.445479 -1.017402 8.422863 -1.46968 NA NA NA NA NA NA NA NA NA NA NA NA NA NA NA NA NA NA NA NA NA NA NA NA NA NA NA NA NA NA NA NA NA NA NA NA NA
90 0.8939189 1.941532 1.767846 -1.110657 3.254957 0.7334786 1.768013 0.7860916 0.4544735 1.811567 200 0.2259164 1.052882 1.361557 -2.214628 2.912085 1.626681 2.028347 2.726034 1.89566 3.474144 7.346009 -1.872676 3.035924 1.262096 -2.975951 2.169615 -0.5014705 1.18957 4.966534 3.71296 8.538929 6.048666 6.311136 -1.061368 9.43955 -1.984622 NA NA NA NA NA NA NA NA NA NA NA NA NA NA NA NA NA NA NA NA NA NA NA NA NA NA NA NA NA NA NA NA NA NA NA NA NA
91 0.6570951 2.080323 2.027465 -1.039185 0.8167103 0.1167522 2.047997 0.5623203 0.2317933 1.381882 200 -1.111863 1.084078 1.330238 -2.015841 3.68388 0.4590911 3.522683 3.442771 2.270773 8.915692 6.676821 -1.293957 2.866633 1.62625 -3.247982 2.488164 -0.8727981 0.8135916 2.650864 1.37627 6.896933 6.450582 7.59712 -1.252826 10.81972 -2.046248 NA NA NA NA NA NA NA NA NA NA NA NA NA NA NA NA NA NA NA NA NA NA NA NA NA NA NA NA NA NA NA NA NA NA NA NA NA
92 2.268855 1.96017 1.10916 -0.9116966 4.812747 -3.549239 3.142619 1.135663 1.133639 2.635171 3.532722 -1.284223 1.044048 1.210139 -2.12854 2.274794 0.8532252 2.225065 3.808741 1.86168 4.728401 4.866642 -1.344557 3.049512 -1.268411 -2.500299 3.812002 0.5644412 4.151144 5.119643 2.653876 6.985746 5.446654 8.77644 -1.391819 11.3901 -2.343578 NA NA NA NA NA NA NA NA NA NA NA NA NA NA NA NA NA NA NA NA NA NA NA NA NA NA NA NA NA NA NA NA NA NA NA NA NA
93 9.613669 1.557395 9.10661 -1.293566 0.004547684 0.007765963 0.01749745 2.675943 4.651333 10.55425 200 0.4071453 1.482187 1.485519 -1.591632 8.236609 8.160653 11.52052 2.90756 2.295637 4.04672 7.996819 -2.176986 3.047586 -0.5126441 -2.926059 2.065378 -1.32366 3.56748 4.118323 3.383111 7.737863 4.049319 1.450896 -0.5495213 10.43954 -2.044656 NA NA NA NA NA NA NA NA NA NA NA NA NA NA NA NA NA NA NA NA NA NA NA NA NA NA NA NA NA NA NA NA NA NA NA NA NA
94 1.201188 1.980844 3.212054 -1.04254 3.343611 -0.5459472 0.3610743 1.207317 1.101942 2.734752 2.892241 -0.7991126 1.040044 0.7322876 -2.075259 1.19444 -0.3429196 1.353125 1.565416 0.9226258 3.010788 9.961055 -2.46618 2.990966 0.8374584 -3.070502 0.9502723 0.1637418 1.479853 2.747372 1.643366 5.015881 16.77865 10.40428 -1.515528 11.53778 -1.809497 NA NA NA NA NA NA NA NA NA NA NA NA NA NA NA NA NA NA NA NA NA NA NA NA NA NA NA NA NA NA NA NA NA NA NA NA NA
95 0.2737514 2.09605 0.8486383 -0.8727259 2.254103 -0.452782 1.422432 1.854844 1.387781 3.292966 8.511704 -1.138903 0.9686851 -0.3173509 -2.019266 2.69662 0.09907305 3.267817 2.853547 1.754696 5.01914 6.572474 -2.847678 2.959662 -0.4088731 -2.800425 3.570312 0.9944635 0.8814633 1.532842 0.4148656 3.890684 5.055737 8.541844 -1.250257 9.953356 -1.386105 NA NA NA NA NA NA NA NA NA NA NA NA NA NA NA NA NA NA NA NA NA NA NA NA NA NA NA NA NA NA NA NA NA NA NA NA NA
96 0.4388746 1.938324 1.150203 -1.131932 4.329319 5.055957 6.386125 1.454561 0.1821135 5.170566 2.071769 -1.69751 1.045993 0.1308971 -1.933661 1.500223 0.4921287 1.367419 1.73771 1.721557 4.319925 26.20823 -3.061088 3.214425 -1.062699 -2.809895 2.297354 0.7366668 0.2432977 2.840893 2.893167 7.095594 200 15.48162 -2.358239 16.91415 -2.623532 NA NA NA NA NA NA NA NA NA NA NA NA NA NA NA NA NA NA NA NA NA NA NA NA NA NA NA NA NA NA NA NA NA NA NA NA NA
97 1.278651 1.937595 2.679786 -1.063263 5.630801 1.068727 0.2912237 1.177341 0.8425365 2.602554 3.930948 -0.5535337 1.063408 -0.4204302 -1.964635 2.386523 0.6831685 2.732853 1.864007 1.460936 4.262034 6.25823 -1.477279 2.836416 0.4491577 -2.949285 0.8972226 -1.372699 2.132075 3.159462 1.81162 5.72605 41.70341 8.702296 -1.339135 10.42596 -1.764816 NA NA NA NA NA NA NA NA NA NA NA NA NA NA NA NA NA NA NA NA NA NA NA NA NA NA NA NA NA NA NA NA NA NA NA NA NA
98 0.05346597 2.031161 1.266163 -0.8822065 0.9586636 0.3625065 0.2228141 1.163742 0.8022893 1.911807 200 -1.668375 1.071298 -1.04956 -1.743098 5.820232 3.321309 4.939065 3.071742 2.271936 7.555537 7.309335 -1.925575 2.953034 1.641046 -3.083366 3.277912 -0.0004941448 2.64202 3.495055 1.251455 6.970965 6.045931 10.12185 -1.986191 11.7543 -2.266139 NA NA NA NA NA NA NA NA NA NA NA NA NA NA NA NA NA NA NA NA NA NA NA NA NA NA NA NA NA NA NA NA NA NA NA NA NA
99 1.665397 1.978812 2.02629 -0.8332786 1.53738 -0.4764781 3.017293 1.221554 0.7717642 1.920279 2.537532 -1.064034 0.9656964 0.873653 -2.268114 1.354994 0.5856155 0.8570663 2.548465 1.697773 4.376284 4.558287 -1.759523 2.773251 0.9917447 -2.935925 2.585804 -0.06757403 0.1573422 3.451984 2.996662 7.165877 5.708941 9.210334 -1.874277 11.76672 -2.712231 NA NA NA NA NA NA NA NA NA NA NA NA NA NA NA NA NA NA NA NA NA NA NA NA NA NA NA NA NA NA NA NA NA NA NA NA NA
100 1.040327 1.950787 1.759129 -1.11221 1.290528 1.177252 5.811439 1.177207 0.8148513 2.089946 2.493968 -2.01099 1.088099 -0.3718406 -1.938323 1.29849 0.07255024 0.01901524 2.526943 1.694111 4.561803 5.737038 -1.669304 3.076092 1.06215 -2.863032 1.976784 0.04771211 0.01680302 3.599597 1.040213 6.040666 8.318361 8.265152 -1.471283 8.483486 -1.67713 NA NA NA NA NA NA NA NA NA NA NA NA NA NA NA NA NA NA NA NA NA NA NA NA NA NA NA NA NA NA NA NA NA NA NA NA NA
