"AIC" 1 2075.76641918378 1986.29626735313 1967.54258803416 2099.41805646169 2013.37256221214 1994.54555129555
"BIC" 1 2123.4071301603 2038.14057047463 2023.59048330064 2144.25637267488 2062.41447057031 2047.79105179871
"ICL" 1 2123.43811335755 2039.98856062127 2024.83964651377 2144.27791664896 2064.48477604741 2049.45462207134
"AWE" 1 2341.07882433406 2276.83286374277 2280.88754178026 2349.11623286215 2288.52668440559 2292.70012257451
"AIC" 2 1862.4674532328 1820.78372786757 1819.86669488612 1885.98540910912 1850.40282988237 1849.47961537288
"BIC" 2 1910.10816420931 1872.62803098907 1875.9145901526 1930.82372532231 1899.44473824055 1902.72511587604
"ICL" 2 1910.17354873228 1872.65859329225 1875.92409289212 1930.95343032978 1899.69610870564 1902.95691125931
"AWE" 2 2127.81425970879 2109.50289641375 2131.9719881586 2135.79174654297 2123.73801706381 2146.20241176247
"AIC" 3 1886.21100161997 1878.8003029256 1878.62029460244 1917.24828390734 1909.79103330544 1909.62596943848
"BIC" 3 1933.85171259648 1930.6446060471 1934.66818986892 1962.08660012053 1958.83294166362 1962.87146994164
"ICL" 3 1933.85171259908 1930.6446146475 1934.6682056647 1962.08660012716 1958.83295497533 1962.87148431624
"AWE" 3 2151.49242357559 2167.488917769 2190.71610093119 2166.92491634035 2182.8748633335 2206.11698481941
"AIC" 4 2028.15254846572 1955.12006870484 1949.79065603132 2057.69917031041 1988.96292081726 1977.94855200963
"BIC" 4 2075.79325944223 2006.96437182634 2005.8385512978 2102.5374865236 2038.00482917543 2031.19405251279
"ICL" 4 2075.79366157596 2007.3119815678 2005.8842373669 2102.54411786341 2038.32415721489 2031.25815499249
"AWE" 4 2293.43437255247 2244.1562846893 2261.93213263339 2307.38243407659 2262.36606557306 2274.50365549565
"AIC" 5 2014.72115043015 1942.53808726376 1940.41920582613 2045.20664259636 1981.16182438902 1971.37100890279
"BIC" 5 2062.36186140666 1994.38239038526 1996.46710109262 2090.04495880955 2030.2037327472 2024.61650940595
"ICL" 5 2062.36186141854 1994.38281342669 1996.46724495992 2090.04495887278 2030.20377489452 2024.61700448627
"AWE" 5 2280.00257239506 2231.22711654819 2252.5151402264 2294.88327508597 2254.2456832527 2267.86250498943
"AIC" 6 1971.60068127644 1996.14135089315 1927.72567899823 2002.85997655592 1952.36041953076 2012.74972060423
"BIC" 6 2019.24139225296 2047.98565401465 1983.77357426472 2047.69829276911 2001.40232788894 2065.99522110739
"ICL" 6 2019.36987707782 2049.25049158293 1983.78538335434 2048.07649179993 2003.09986325014 2067.12250380771
"AWE" 6 2237.01058805434 2286.09479470443 2239.83327862082 2252.91480801312 2227.14177160831 2310.36800431087
"AIC" 7 2043.40192877726 1994.65410743446 1985.52787731485 2099.84520007386 2034.6464744589 2038.79666085721
"BIC" 7 2091.04263975377 2046.49841055596 2041.57577258133 2144.68351628705 2083.68838281707 2092.04216136037
"ICL" 7 2091.04264081632 2046.49995309088 2041.57610006618 2144.72849416194 2083.90437501274 2092.15289281405
"AWE" 7 2308.68335179283 2283.34425621238 2297.62399533267 2349.56681037513 2307.94628337091 2335.39839331721
"AIC" 8 2065.09524473455 2020.4804056348 2012.47192674403 2091.92921467366 2148.6142157223 2039.32370087872
"BIC" 8 2112.73595571107 2072.3247087563 2068.51982201051 2136.76753088685 2197.65612408048 2092.56920138188
"ICL" 8 2113.04148787591 2072.6988863418 2068.79633671969 2137.31282591605 2198.25957700979 2092.96101008763
"AWE" 8 2330.68219885243 2309.5431894633 2324.84423198618 2342.15114212924 2422.30148536796 2336.20651059079
"AIC" 9 1994.77161403471 1924.0414145382 1912.26504113672 2027.24210008945 1956.14594603212 1945.7609608922
"BIC" 9 2042.41232501122 1975.8857176597 1968.3129364032 2072.08041630264 2005.18785439029 1999.00646139537
"ICL" 9 2042.41232583842 1976.03200039385 1968.31722527506 2072.0883918895 2005.50173681487 1999.07002235724
"AWE" 9 2260.05303681493 2212.87630351535 2224.36512054154 2276.92670810269 2229.54364517304 2242.3155228604
"AIC" 10 2011.09528466322 1998.36176140404 1996.46809937916 2046.64397054903 2034.76144825946 2032.86914396518
"BIC" 10 2058.73599563973 2050.20606452554 2052.51599464564 2091.48228676222 2083.80335661763 2086.11464446834
"ICL" 10 2058.79596149313 2050.22189816543 2052.52557998346 2091.81217226654 2083.84644641173 2086.12436265913
"AWE" 10 2276.43667246964 2287.06620128693 2308.57347524995 2296.65048847973 2307.8883547699 2329.36986316229
"AIC" 11 1877.62447288385 1866.82403642999 1866.7049316768 1903.89080005414 1893.09259981451 1892.96988219539
"BIC" 11 1925.26518386036 1918.66833955149 1922.75282694328 1948.72911626733 1942.13450817268 1946.21538269855
"ICL" 11 1925.2652244062 1918.66869498512 1922.75297668852 1948.72919239942 1942.13643761555 1946.21578958211
"AWE" 11 2142.90593538271 2155.51299810662 2178.80087195501 2153.56750861261 2166.17834597373 2189.46129008527
"AIC" 12 2051.97021387656 1996.80586031174 1919.05223102692 2082.55716396035 2027.38402328383 1934.36120560603
"BIC" 12 2099.61092485307 2048.65016343324 1975.10012629341 2127.39548017354 2076.42593164201 1987.60670610919
"ICL" 12 2099.61092501661 2048.65021010663 1975.10162501499 2127.39559469484 2076.48957980861 1987.61101528757
"AWE" 12 2317.25163599313 2285.49451322813 2231.14952028148 2332.23391090802 2300.53148816678 2230.85651579073
"AIC" 13 2161.6668408717 2063.38029810326 2051.54526134714 2184.29644312528 2085.01351803687 2077.81057383584
"BIC" 13 2209.30755184821 2115.22460122476 2107.59315661362 2229.13475933847 2134.05542639505 2131.05607433901
"ICL" 13 2209.31206154288 2115.36249409834 2107.60842417533 2229.14642688604 2136.01805617378 2132.25089321108
"AWE" 13 2426.9527725194 2352.20679721984 2363.65631944182 2433.98474309923 2360.05996453196 2375.49639371424
"AIC" 14 1937.61765733274 1910.52693463676 1906.40983919173 1959.72747291223 1932.63709497893 1928.51749253874
"BIC" 14 1985.25836830925 1962.37123775826 1962.45773445822 2004.56578912542 1981.6790033371 1981.7629930419
"ICL" 14 1985.34144571198 1962.40037700461 1962.48131852211 2004.6463834437 1981.70638286659 1981.78772256812
"AWE" 14 2202.98215668849 2199.24468012611 2218.52921378859 2209.48469965689 2205.74829122477 2225.03322307128
"AIC" 15 1931.66737651341 1893.15498629549 1886.46502204346 1962.38395450267 1921.66120497445 1917.17651300276
"BIC" 15 1979.30808748992 1944.99928941698 1942.51291730995 2007.22227071586 1970.70311333262 1970.42201350592
"ICL" 15 1979.30808749209 1945.1432349234 1942.51569384859 2007.22227072832 1970.74944886018 1970.44022592971
"AWE" 15 2196.94879846861 2181.9875380449 2198.56358911508 2212.0605869415 2194.79135721836 2213.68572643287
"AIC" 16 2198.97612909067 2134.38701805563 2081.90427352784 2187.92227230593 2135.10175122659 2117.5677427674
"BIC" 16 2246.61684006718 2186.23132117712 2137.95216879433 2232.76058851912 2184.14365958477 2170.81324327057
"ICL" 16 2246.61875927738 2186.23445491571 2138.18235601514 2233.11925927554 2185.58397543806 2171.30965246913
"AWE" 16 2464.25947025389 2423.07875803721 2394.23025128162 2437.95757548873 2409.62588379624 2414.55515297229
"AIC" 17 1962.93766548838 1931.69132021663 1931.20924835673 1987.88457747348 1956.64122950112 1956.15683530057
"BIC" 17 2010.5783764649 1983.53562333813 1987.25714362322 2032.72289368667 2005.6831378593 2009.40233580373
"ICL" 17 2010.57843861889 1983.53574313415 1987.25728185127 2032.72295092159 2005.69156570234 2009.40401201556
"AWE" 17 2228.2191495954 2220.38004625565 2243.30517711776 2237.56126713478 2229.73347406052 2252.64951251872
"AIC" 18 2015.656017601 1971.88130812472 1970.33259774906 2075.74593551344 2015.80861072998 1996.01836333203
"BIC" 18 2063.29672857752 2023.72561124622 2026.38049301554 2120.58425172662 2064.85051908816 2049.26386383519
"ICL" 18 2063.35084240604 2023.77003576578 2026.43555115126 2120.58993600237 2065.38221919225 2049.47686996085
"AWE" 18 2280.99155338255 2260.61433888728 2282.48344641775 2325.42825221556 2289.42412755042 2292.72237046401
"AIC" 19 2014.34477788075 1947.49719924077 1944.32416723726 2011.91660779081 1981.04417817883 1977.85069616982
"BIC" 19 2061.98548885726 1999.34150236227 2000.37206250374 2056.754924004 2030.08608653701 2031.09619667298
"ICL" 19 2061.98549258807 1999.42242257971 2000.65991130917 2056.75696241056 2030.18609275851 2031.42717213941
"AWE" 19 2279.62620356458 2236.26672570121 2256.70780657566 2261.59527862375 2254.22800111669 2274.67267264257
"AIC" 20 2006.35657182838 1975.80322523366 1959.27000887333 2037.52586928667 2001.84446552669 1992.38865467666
"BIC" 20 2053.99728280489 2027.64752835516 2015.31790413982 2082.36418549986 2050.88637388487 2045.63415517982
"ICL" 20 2054.22346647469 2028.19219300238 2015.55249381376 2082.38747634348 2051.31117346317 2045.9326492733
"AWE" 20 2271.8641774512 2265.03649612388 2271.60038908025 2287.22579255667 2275.35308182135 2289.17814977646
"AIC" 21 1922.08273187018 1875.73281068885 1873.48859414133 1972.94685658894 1912.7649990458 1910.51545211768
"BIC" 21 1969.72344284669 1927.57711381034 1929.53648940782 2017.78517280213 1961.80690740398 1963.76095262084
"ICL" 21 1969.72424634041 1927.64782936932 1929.60580714564 2017.79078621806 1962.01880101334 1963.93166870427
"AWE" 21 2187.36495731692 2164.49213249082 2185.65370241213 2222.62910243125 2186.06070937152 2207.17716920743
"AIC" 22 2099.48891820987 2042.21832586833 2030.55395163761 2130.78044883157 2063.65054780291 2053.79772345632
"BIC" 22 2147.12962918639 2094.06262898983 2086.6018469041 2175.61876504476 2112.69245616108 2107.04322395948
"ICL" 22 2147.15653663551 2094.79868518881 2087.45341647876 2176.09072953432 2114.44293832129 2109.03035174472
"AWE" 22 2364.79724761202 2331.64298831031 2343.50131174524 2380.92904574751 2338.48484667946 2352.27585224789
"AIC" 23 1932.97390369611 1910.60289124884 1913.08163866802 2047.46140668249 1938.88792835328 1940.3454530891
"BIC" 23 1980.61461467263 1962.44719437034 1969.12953393451 2092.29972289568 1987.92983671146 1993.59095359226
"ICL" 23 1980.61646248896 1962.4900964842 1969.13501688346 2092.29973224285 1988.00396197666 1993.59658863184
"AWE" 23 2198.25717346548 2199.3343996057 2225.18291214994 2297.13804845604 2212.04587033483 2236.842089135
"AIC" 24 1918.72380385599 1870.02245163028 1875.17968391712 1945.55452925862 1896.85361037296 1892.54037228047
"BIC" 24 1966.3645148325 1921.86675475178 1931.22757918361 1990.39284547181 1945.89551873113 1945.78587278363
"ICL" 24 1966.36947929381 1921.86994875177 1931.24319013671 1990.40044945005 1945.89733126713 1945.78639650202
"AWE" 24 2184.01019027032 2158.71425187327 2187.2910854032 2195.23876566324 2169.9392396253 2189.03189700518
"AIC" 25 1963.10900384563 1908.69982607438 1893.95653508988 1990.62256988704 1914.58186736235 1944.04858603853
"BIC" 25 2010.74971482215 1960.54412919588 1950.00443035636 2035.46088610023 1963.62377572052 1997.29408654169
"ICL" 25 2010.75181981804 1960.6587491039 1950.16639619321 2035.54000900729 1963.7423529348 1997.34879391803
"AWE" 25 2228.39253079455 2197.5030522254 2206.2142914597 2240.37832522048 2187.78426129298 2240.59429442119
"AIC" 26 1897.79273792438 1880.90599744335 1892.85296631154 1923.13288219486 1906.25121327111 1917.06915643098
"BIC" 26 1945.43344890089 1932.75030056485 1948.90086157802 1967.97119840805 1955.29312162929 1970.31465693414
"ICL" 26 1945.43394713967 1932.82841892745 1948.91388130887 1967.97184989845 1955.34330892342 1970.33035002992
"AWE" 26 2163.07465811618 2169.67272204895 2204.96177657535 2172.81016611164 2179.3852172816 2213.57585053308
"AIC" 27 2105.18455922278 1977.32840450823 2028.4241885383 2116.74512252388 2044.46859800904 1989.1647463616
"BIC" 27 2152.82527019929 2029.17270762973 2084.47208380479 2161.58343873707 2093.51050636722 2042.41024686476
"ICL" 27 2158.30530639263 2029.8351777302 2084.48090036233 2161.59949799291 2093.55456947687 2042.62807019764
"AWE" 27 2375.94601736914 2266.6794808517 2340.52879562882 2366.43781420609 2317.59647783505 2285.87357070081
"AIC" 28 2070.15958527202 2048.71949876601 2044.23676453417 2106.28682062975 2056.60931051229 2073.05607812081
"BIC" 28 2117.80029624853 2100.56380188751 2100.28465980066 2151.12513684293 2105.65121887047 2126.30157862398
"ICL" 28 2117.80160150993 2100.5670120842 2100.29910028676 2151.21659373876 2105.72500971584 2126.63046469504
"AWE" 28 2335.44231248644 2337.4113152057 2356.34699555325 2356.05490995195 2329.76691807402 2369.87596519821
"AIC" 29 2080.92578340141 2002.33399513528 2008.53049048332 2121.41993824851 2058.75053809952 2049.02652939691
"BIC" 29 2128.56649437792 2054.17829825678 2064.57838574981 2166.2582544617 2107.79244645769 2102.27202990007
"ICL" 29 2128.56661741553 2054.21947535717 2064.5784024679 2166.25861156627 2107.82905688274 2102.2748912001
"AWE" 29 2346.20732839204 2291.06377847867 2320.62629773438 2371.09692777945 2331.87096524092 2345.52039170326
"AIC" 30 2013.85721301003 1968.72626208989 1963.91266600842 2054.65226463957 2007.40483913068 2026.79055561947
"BIC" 30 2061.49792398655 2020.57056521138 2019.96056127491 2099.49058085276 2056.44674748886 2080.03605612263
"ICL" 30 2061.67699998568 2021.12327370782 2020.14353431328 2099.98561868879 2056.88632030829 2080.25421757031
"AWE" 30 2279.3177109622 2257.96757682932 2276.19142957977 2304.82393490198 2280.92822866647 2323.49971807347
"AIC" 31 2093.66110128643 2052.18569744508 2040.47919066179 2120.24233678129 2088.49095381097 2117.59407038434
"BIC" 31 2141.30181226294 2104.03000056658 2096.52708592827 2165.08065299448 2137.53286216914 2170.8395708875
"ICL" 31 2141.96675915786 2104.79831514209 2097.35488221929 2166.31851821898 2139.04290400595 2171.84954805396
"AWE" 31 2359.60747013437 2341.64261826359 2353.40277748578 2371.15683443217 2363.08481236413 2415.09504855712
"AIC" 32 1931.57177004065 1877.60359995409 1877.80102241797 1964.23641834803 1925.19841524623 1909.20465210331
"BIC" 32 1979.21248101716 1929.44790307559 1933.84891768445 2009.07473456122 1974.2403236044 1962.45015260647
"ICL" 32 1979.29589674711 1929.62422757793 1933.86718622256 2009.15880579982 1974.28412759231 1962.46959992563
"AWE" 32 2196.93660772362 2166.46853069943 2189.91508148905 2213.997122013 2198.32603595049 2205.7151004288
"AIC" 33 2060.88215260722 1998.78204006381 1988.93689353706 2091.9368874492 2036.62328746876 2026.79757508195
"BIC" 33 2108.52286358373 2050.62634318531 2044.98478880354 2136.77520366239 2085.66519582693 2080.04307558511
"ICL" 33 2108.52295088531 2050.73263531438 2045.10246760205 2136.78988069477 2085.79345547473 2080.08849073835
"AWE" 33 2326.16366186183 2287.57693843588 2301.15036286854 2341.62819690796 2309.8353638329 2323.33399124151
"AIC" 34 1981.4572809811 1972.62346976672 1968.66195698798 2008.25556059091 2043.67672769949 1995.61601486862
"BIC" 34 2029.09799195761 2024.46777288822 2024.70985225447 2053.0938768041 2092.71863605766 2048.86151537178
"ICL" 34 2029.09891846903 2024.48098833753 2024.71459929871 2053.17121030412 2093.47953108817 2048.96093462336
"AWE" 34 2246.73962944554 2261.32529145903 2280.76249456519 2258.00952651731 2317.52143944634 2292.20643512652
"AIC" 35 1967.98518368168 1898.91908024182 1896.67759483623 2006.73559772473 1927.25917652745 1941.58002596398
"BIC" 35 2015.62589465819 1950.76338336332 1952.72549010271 2051.57391393792 1976.30108488563 1994.82552646714
"ICL" 35 2015.62797577887 1950.76795137749 1952.72555902594 2051.59397963074 1976.38214187599 1995.01457344381
"AWE" 35 2233.26868675538 2187.61225449899 2208.77345429242 2256.43229584393 2200.42405023416 2238.26007394697
"AIC" 36 2094.94062677196 2053.57489358916 2047.87289801567 2107.02767980663 2075.31349385702 2069.6614757133
"BIC" 36 2142.58133774847 2105.41919671066 2103.92079328215 2151.86599601982 2124.3554022152 2122.90697621647
"ICL" 36 2142.58436810342 2106.15740988899 2104.84735932642 2151.89128185475 2124.8175910962 2123.46248328671
"AWE" 36 2360.22507907993 2343.00171301049 2360.8952545929 2356.72959806794 2348.85949945438 2366.70798378988
"AIC" 37 2005.4883042546 1931.27393056354 1932.50662128326 2029.41853306146 1956.30722017905 2021.59596871619
"BIC" 37 2053.12901523111 1983.11823368504 1988.55451654974 2074.25684927465 2005.34912853722 2074.84146921935
"ICL" 37 2053.32891964208 1985.67020590241 1989.58901520428 2074.37441741294 2007.84104189671 2074.84464056306
"AWE" 37 2270.9696306186 2222.51450902391 2245.63691047077 2279.21273362613 2231.88295025489 2318.09014106622
"AIC" 38 1984.84126097153 1946.36648566666 1939.28134178628 2008.82240773728 1970.33356196707 1963.25164347344
"BIC" 38 2032.48197194804 1998.21078878815 1995.32923705277 2053.66072395047 2019.37547032524 2016.4971439766
"ICL" 38 2032.51871897162 1998.33643759806 1995.42081417458 2053.68788727213 2019.58620584037 2016.63312364152
"AWE" 38 2250.15942994813 2235.18074071956 2251.46870944107 2258.52620348532 2243.62811419855 2259.87862414468
"AIC" 39 1862.14793495417 1826.14175450908 1819.24214169976 1897.0524027604 1861.04537218229 1854.17209872323
"BIC" 39 1909.78864593068 1877.98605763058 1875.29003696625 1941.89071897358 1910.08728054047 1907.41759922639
"ICL" 39 1909.78867367217 1877.98647071581 1875.2900508855 1941.89165526888 1910.10666932854 1907.41961250896
"AWE" 39 2127.42938464868 2114.83077383731 2131.33794615199 2146.72997148207 2134.14857768671 2150.66511301213
"AIC" 40 1973.18270585199 1909.50552279181 1906.21473370183 1998.0718455717 1937.31999643476 1928.25482902856
"BIC" 40 2020.8234168285 1961.34982591331 1962.26262896832 2042.91016178489 1986.36190479293 1981.50032953172
"ICL" 40 2020.82428646061 1961.35519152355 1962.32528839 2042.91111280243 1987.07714498956 1982.00151151163
"AWE" 40 2238.46499743712 2198.19949464505 2218.37318365649 2247.74942901562 2211.11905334774 2225.24701201479
"AIC" 41 1921.80934857149 1906.77673023414 1915.76806127194 1941.55884857427 1933.90638421743 1914.73762468048
"BIC" 41 1969.450059548 1958.62103335564 1971.81595653842 1986.39716478746 1982.94829257561 1967.98312518364
"ICL" 41 1969.51225923396 1958.64953573731 1971.82510249274 1986.40585445904 1982.96650056134 1968.01182691967
"AWE" 41 2187.15297021048 2195.49383885881 2227.87299775923 2191.24417067223 2207.00840891951 2211.25732742283
"AIC" 42 2122.95196805616 2046.3852641368 2047.8932787512 2151.06374451361 2077.36278828131 2076.01273493768
"BIC" 42 2170.59267903267 2098.2295672583 2103.94117401769 2195.9020607268 2126.40469663949 2129.25823544084
"ICL" 42 2170.60212231749 2098.39576231454 2104.11923559199 2195.92519531122 2127.65692248 2129.45342877777
"AWE" 42 2388.242833294 2335.24006543604 2360.16713085848 2400.76351152441 2351.69883083817 2372.69892928093
"AIC" 43 2120.79695786716 2057.00723445671 2049.8219829183 2159.5171370766 2092.65311353484 2082.00239992043
"BIC" 43 2168.43766884368 2108.85153757821 2105.86987818478 2204.35545328979 2141.69502189301 2135.2479004236
"ICL" 43 2168.43789949408 2110.45396615202 2106.20418248198 2204.61131815596 2143.46428845611 2136.27390177235
"AWE" 43 2386.07861047059 2347.29826927352 2362.25207774847 2409.44963436915 2367.50619681428 2379.51940227552
"AIC" 44 1980.04997250778 1943.39710199473 1967.51164927168 2017.18577350873 1972.44315032341 1960.8521721539
"BIC" 44 2027.69068348429 1995.24140511623 2023.55954453816 2062.02408972191 2021.48505868158 2014.09767265706
"ICL" 44 2027.69873642809 1995.66962279965 2023.56034101799 2062.03312353989 2022.21214126574 2014.52993663708
"AWE" 44 2245.3394474046 2232.51392592115 2279.60823628448 2266.87143975308 2246.25404962391 2257.77543714024
"AIC" 45 1904.55815317128 1874.84561804835 1864.27699012878 1933.00144032579 1903.26723066142 1892.69804449205
"BIC" 45 1952.1988641478 1926.68992116985 1920.32488539526 1977.83975653898 1952.3091390196 1945.94354499521
"ICL" 45 1952.2004932998 1926.6913833462 1920.32539249243 1977.84028939762 1952.31430497422 1945.94554255373
"AWE" 45 2169.84120427631 2163.5356864677 2176.37328775892 2182.67860561081 2176.3562133324 2189.19104305689
"AIC" 46 1979.34580707296 1905.8509032795 1899.88064059437 1998.33430233418 1934.04395255856 1928.03503623775
"BIC" 46 2026.98651804948 1957.695206401 1955.92853586086 2043.17261854737 1983.08586091674 1981.28053674091
"ICL" 46 2027.00198208829 1958.02311828631 1956.23453098327 2043.18541852991 1983.28916140695 1981.6020288142
"AWE" 46 2244.6426930648 2194.86742140781 2212.28242624976 2248.0237347431 2207.33106976513 2224.84752931736
"AIC" 47 2075.42276132787 2044.31221115716 2010.53033128832 2101.34879735604 2070.23736555826 2034.44680735293
"BIC" 47 2123.06347230439 2096.15651427866 2066.57822655481 2146.18711356922 2119.27927391644 2087.69230785609
"ICL" 47 2123.06348218835 2096.1569445712 2067.39881433627 2146.18716903078 2119.2857388814 2088.92159434876
"AWE" 47 2340.70419316486 2333.0012476927 2323.44670960276 2351.02548524397 2343.32764723958 2332.16709485192
"AIC" 48 1998.02224903097 1958.59657695114 1978.0691631424 2032.5147393544 2005.86832771666 2003.20625633956
"BIC" 48 2045.66296000749 2010.44088007264 2034.11705840889 2077.35305556759 2054.91023607483 2056.45175684272
"ICL" 48 2045.66386439734 2010.56490408 2034.12242494155 2077.39992743438 2055.02574031502 2056.49406037654
"AWE" 48 2263.30457537385 2247.4092072015 2290.17032020803 2282.23824364757 2279.0676486732 2299.73956087971
"AIC" 49 1975.14761050033 1938.7770991242 1930.14044231023 1999.85772501788 1961.31956240873 1955.64560902925
"BIC" 49 2022.78832147684 1990.6214022457 1986.18833757672 2044.69604123107 2010.36147076691 2008.89110953241
"ICL" 49 2022.94363319094 1990.69482398175 1986.24540705543 2044.7052917973 2010.46284969835 2009.04864103226
"AWE" 49 2240.58434416745 2227.53912710325 2242.29330232191 2249.54360801049 2234.50475805653 2252.29414153542
"AIC" 50 2010.2558937716 1935.61666369478 1926.35484613188 2007.75241249369 1958.33270511728 1949.07139874127
"BIC" 50 2057.89660474811 1987.46096681628 1982.40274139837 2052.59072870688 2007.37461347545 2002.31689924443
"ICL" 50 2057.92151425405 1987.47560598708 1982.43183365273 2052.59790839355 2007.39429536599 2002.35636058008
"AWE" 50 2275.56222523057 2224.31990910858 2238.47972891922 2257.43622460674 2231.43620372417 2245.60186108324
"AIC" 51 1982.70629635487 1951.66744418746 1946.78328468614 2029.27684210381 1998.23911540565 1993.35525907581
"BIC" 51 2030.34700733138 2003.51174730896 2002.83117995262 2074.115158317 2047.28102376383 2046.60075957897
"ICL" 51 2030.34726468543 2003.51190110385 2002.83171114345 2074.11618512726 2047.29464005937 2046.60599773518
"AWE" 51 2247.98797566195 2240.35620422535 2258.87960640993 2278.95450134045 2271.33654841754 2289.85149823834
"AIC" 52 2061.89150785791 1970.80211369011 1973.45946150701 2057.22340011589 1998.71188532233 2017.2541879405
"BIC" 52 2109.53221883443 2022.64641681161 2029.5073567735 2102.06171632908 2047.7537936805 2070.49968844366
"ICL" 52 2109.56257353859 2023.43824178457 2029.73104036684 2102.45867866107 2048.45754566801 2071.11334281349
"AWE" 52 2327.20328451511 2260.28254490607 2285.77893563333 2307.29699487426 2272.49945402619 2314.35884331665
"AIC" 53 1943.16285169188 1911.43205830221 1910.11823441082 1961.79296715137 1949.65595707822 1948.33870769544
"BIC" 53 1990.80356266839 1963.27636142371 1966.16612967731 2006.63128336456 1998.69786543639 2001.5842081986
"ICL" 53 1990.8617628635 1963.54514223285 1966.39594387987 2007.0259417147 1998.89471851918 2001.75790966707
"AWE" 53 2208.50247384002 2200.38944535435 2222.44383914635 2211.86425792789 2222.93662687735 2245.00341017024
"AIC" 54 1976.87806022793 1937.53412173533 1932.17902424354 1998.86360465075 1964.47783950579 1956.3993522232
"BIC" 54 2024.51877120445 1989.37842485683 1988.22691951002 2043.70192086394 2013.51974786396 2009.64485272636
"ICL" 54 2024.52470458419 1989.63857072757 1988.26556191165 2043.70320559503 2014.1021000933 2010.05881159309
"AWE" 54 2242.1654155607 2226.48287384907 2244.31345717814 2248.54152180822 2238.14400845148 2253.30431209625
"AIC" 55 1869.5000457218 1835.52225795309 1835.5478319229 1906.06029174277 1875.04355271586 1872.09316412935
"BIC" 55 1917.14075669831 1887.36656107459 1891.59572718938 1950.89860795596 1924.08546107403 1925.33866463252
"ICL" 55 1917.14075891781 1887.38134354169 1891.5991029201 1950.89862760224 1924.14606317755 1925.41551979853
"AWE" 55 2134.78146989432 2124.22564666319 2147.64699818658 2155.73694381543 2148.18797153572 2168.66102030169
"AIC" 56 2033.15447813268 1982.42493943514 1905.72323649754 2043.02441244561 1990.81462771324 2002.36513660869
"BIC" 56 2080.7951891092 2034.26924255664 1961.77113176402 2087.8627286588 2039.85653607141 2055.61063711186
"ICL" 56 2080.82847167748 2034.28232881582 1963.47242585881 2087.88864338886 2039.88510777383 2055.67140761086
"AWE" 56 2298.469182654 2271.12663193732 2219.52032112529 2292.72695960205 2263.92701613201 2298.91690811402
"AIC" 57 2011.16649979027 1969.83259216245 1958.08280377703 2041.07014077155 1994.55479320191 1987.98322681908
"BIC" 57 2058.80721076679 2021.67689528395 2014.13069904352 2085.90845698474 2043.59670156009 2041.22872732224
"ICL" 57 2058.80956206414 2021.67815576799 2014.13226952306 2085.91278980457 2043.72452188432 2041.26362538147
"AWE" 57 2276.45027304065 2258.52245888949 2270.18016478955 2290.75110601776 2267.76643024249 2284.50912588464
"AIC" 58 1899.84126033561 1890.05049269251 1891.43583719979 1932.26729023104 1922.48321305184 1923.85069088221
"BIC" 58 1947.48197131212 1941.89479581401 1947.48373246627 1977.10560644423 1971.52512141002 1977.09619138537
"ICL" 58 1947.4823316558 1941.89492041308 1947.48385596594 1977.10673653522 1971.52731529482 1977.12377952163
"AWE" 58 2165.12304263231 2178.73922353458 2203.53175123243 2181.94505274841 2195.56922365299 2220.36928002479
"AIC" 59 1926.59023421311 1836.91875010224 1841.28233007003 1960.79799138886 1948.85804658914 1871.83157405173
"BIC" 59 1974.23094518963 1888.76305322374 1897.33022533651 2005.63630760204 1997.89995494732 1925.07707455489
"ICL" 59 1974.28215044295 1888.76306032588 1897.33022568347 2005.64492681336 1997.9167001659 1925.07707772546
"AWE" 59 2191.92286141947 2125.60736344738 2153.37812094996 2210.48324302655 2221.95860852408 2168.32257822862
"AIC" 60 2017.25053179215 1958.39905552192 1948.66246681592 2044.35351427297 1986.86275670699 1977.09288362637
"BIC" 60 2064.89124276867 2010.24335864342 2004.71036208241 2089.19183048616 2035.90466506516 2030.33838412953
"ICL" 60 2064.9362301951 2010.29465983084 2004.73642234156 2089.22896803352 2036.05214515927 2030.38786020453
"AWE" 60 2282.57694117162 2247.13896295234 2260.78431760805 2294.06728424671 2260.09405351745 2273.63336070769
"AIC" 61 1913.66034989512 1871.48419779573 1874.80536514889 1938.28935562909 1904.120311076 1889.92771258545
"BIC" 61 1961.30106087163 1923.32850091723 1930.85326041538 1983.12767184228 1953.16221943417 1943.17321308861
"ICL" 61 1961.30237292983 1923.49546657743 1930.85339089581 1983.13136158867 1953.16343881393 1943.28978767108
"AWE" 61 2178.94308390635 2160.33976969893 2186.9012861623 2187.96967780186 2177.2053471721 2186.53528817425
"AIC" 62 1863.28491136119 1819.62351954665 1817.91507802023 1878.61342542504 1835.44372672565 1833.23487675429
"BIC" 62 1910.9256223377 1871.46782266815 1873.96297328672 1923.45174163823 1884.48563508382 1886.48037725745
"ICL" 62 1910.92676316159 1871.50587438731 1873.96892276708 1923.45299000192 1884.53803589516 1886.49117572412
"AWE" 62 2128.5674741381 2108.35017750881 2130.01681803357 2128.29130621511 2108.57994425333 2129.73667622728
"AIC" 63 2148.29259991046 2070.07063710241 2063.05229474568 2191.21492856191 2096.74589618276 2079.47406812004
"BIC" 63 2195.93331088697 2121.91494022391 2119.10019001216 2236.0532447751 2145.78780454094 2132.7195686232
"ICL" 63 2195.93361095868 2122.42259624802 2119.10092646432 2236.05962620514 2146.40848201649 2133.9456991406
"AWE" 63 2413.5743219352 2359.26689936952 2375.14882173081 2440.89794241833 2370.45039037467 2377.19119964376
"AIC" 64 1973.07178567652 1884.68186019802 1885.45752536958 2006.98685096332 1916.64801117401 1919.85463112015
"BIC" 64 2020.71249665303 1936.52616331952 1941.50542063607 2051.82516717651 1965.68991953218 1973.10013162331
"ICL" 64 2020.74798235526 1936.5409227754 1941.50717994522 2051.89688891844 1965.76782006372 1973.10236729342
"AWE" 64 2238.38869333177 2173.3852258969 2197.5550752117 2256.73520513163 2189.80972842189 2216.34786779658
"AIC" 65 1884.1831111065 1864.74042478939 1813.18697972334 1869.04810023174 1840.39906952751 1884.58607771357
"BIC" 65 1931.82382208301 1916.58472791089 1869.23487498982 1913.88641644493 1889.44097788569 1937.83157821673
"ICL" 65 1931.82815688295 1916.60384701428 1869.24119467353 1913.89842828989 1889.48604276285 1937.84049262915
"AWE" 65 2149.46886785946 2153.44815013578 2125.28908994001 2118.73674450308 2113.52795112102 2181.08599313231
"AIC" 66 2131.89653545654 2086.50710621067 2077.10937906563 2171.85608108049 2126.38795096783 2117.09497308668
"BIC" 66 2179.53724643306 2138.35140933217 2133.15727433212 2216.69439729368 2175.429859326 2170.34047358984
"ICL" 66 2179.5516182988 2138.36250599243 2133.16406834445 2216.80650694608 2175.52622957024 2170.39833795874
"AWE" 66 2397.19232927531 2375.20680911393 2389.21196361094 2421.64482315927 2399.56813792842 2413.6438384619
"AIC" 67 2028.48062151755 1950.67062366379 1937.2975660006 2051.90307488538 1983.52378278785 1970.13177158575
"BIC" 67 2076.12133249406 2002.51492678529 1993.34546126709 2096.74139109857 2032.56569114602 2023.37727208891
"ICL" 67 2076.25717407567 2003.0247712614 1993.54692338442 2096.75529281148 2033.05127917145 2023.60087391164
"AWE" 67 2293.89788505219 2239.8690743829 2249.5948186509 2301.59360902467 2257.09318752963 2266.8463744148
"AIC" 68 1984.13724134655 1929.02231125193 1920.18898894415 2012.90379357894 1958.25052548875 1957.90024289796
"BIC" 68 2031.77795232306 1980.86661437342 1976.23688421063 2057.74210979213 2007.29243384692 2011.14574340113
"ICL" 68 2031.78118989705 1980.9568884038 1976.29343601209 2057.79074761866 2007.47659859413 2011.21504982476
"AWE" 68 2249.42190087356 2217.8011915253 2232.34133127858 2262.62906383184 2231.5185069523 2254.46055032792
"AIC" 69 2033.34205972326 1960.74696994078 1950.07496087141 2058.37243164871 1982.62273715831 1975.05690929088
"BIC" 69 2080.98277069977 2012.59127306228 2006.1228561379 2103.2107478619 2031.66464551649 2028.30240979404
"ICL" 69 2081.11543818969 2014.27522725224 2006.3437847892 2103.27160524769 2032.94358318216 2028.67276117592
"AWE" 69 2298.7561491662 2251.11953037374 2262.39168005568 2308.10992146088 2256.98549154034 2271.91826167908
"AIC" 70 1904.59015624793 1878.69098832881 1859.15055047084 1932.63159094884 1906.83003530026 1910.96659886115
"BIC" 70 1952.23086722444 1930.53529145031 1915.19844573732 1977.46990716203 1955.87194365843 1964.21209936431
"ICL" 70 1952.24175064657 1931.22035732063 1915.21863114816 1977.47944142838 1956.07957200797 1964.25085772328
"AWE" 70 2169.88246162309 2168.06466044213 2171.26652641464 2182.31775764157 2180.12148036615 2207.49635822644
"AIC" 71 1957.00337219657 1923.86981329282 1916.49084568393 1974.3688866676 1941.07550097217 1941.53056886223
"BIC" 71 2004.64408317309 1975.71411641432 1972.53874095041 2019.20720288079 1990.11740933035 1994.77606936539
"ICL" 71 2004.69245021431 1976.77140798295 1973.44310639144 2019.25374140906 1990.99213928303 1994.86957275566
"AWE" 71 2222.33316119082 2213.61571110445 2229.49100165793 2224.09205762225 2215.0340476412 2238.11507325882
"AIC" 72 2045.31822606579 1967.71456125365 1962.49344321122 2089.28975994369 2013.11363608859 2006.44693010375
"BIC" 72 2092.95893704231 2019.55886437515 2018.54133847771 2134.12807615688 2062.15554444676 2059.69243060692
"ICL" 72 2092.95893752519 2019.55887577116 2018.5413543792 2134.12807781523 2062.83487771601 2059.69634891948
"AWE" 72 2310.5996485017 2256.40317889265 2274.58924964569 2338.96639402842 2286.87678607418 2302.94184942264
"AIC" 73 1997.75259350764 1964.19937623297 1974.17040258345 2007.52525133794 1993.33841333999 1987.99972746097
"BIC" 73 2045.39330448416 2016.04367935447 2030.21829784994 2052.36356755113 2042.38032169816 2041.24522796413
"ICL" 73 2045.44276948429 2016.04697272472 2030.22159579279 2052.36421858131 2042.3859328772 2041.2684726723
"AWE" 73 2263.0834804608 2252.89127584622 2286.26949105928 2257.2025347945 2266.42784123537 2284.51397317547
"AIC" 74 2042.49049823566 1970.25723903695 1967.68002737727 2064.4166606264 1991.88226906935 1986.10144667842
"BIC" 74 2090.13120921217 2022.10154215845 2023.72792264376 2109.25497683958 2040.92417742752 2039.34694718158
"ICL" 74 2090.13242289266 2022.40221011578 2023.77927291048 2109.25830632586 2041.38345444718 2039.67046373496
"AWE" 74 2307.77313386918 2259.24651323728 2279.82716817696 2314.09662253905 2265.42536280536 2282.91596423812
"AIC" 75 2065.71323869749 1976.91003504565 1963.3552990404 2094.39410443745 2007.98203281206 1993.0682606823
"BIC" 75 2113.35394967401 2028.75433816714 2019.40319430689 2139.23242065064 2057.02394117023 2046.31376118546
"ICL" 75 2113.41431133934 2029.30603502354 2020.05827437893 2139.31552267659 2059.59715059282 2047.47747526643
"AWE" 75 2331.05502231585 2266.15033814504 2276.10616964541 2344.15383888978 2283.639058951 2290.72297576959
"AIC" 76 1952.91748934205 1867.92027269712 1861.8414224705 2033.53639927422 1962.26617072928 1895.11715824549
"BIC" 76 2000.55820031856 1919.76457581862 1917.88931773699 2078.37471548741 2011.30807908745 1948.36265874865
"ICL" 76 2000.61932839097 1919.84253656991 1917.89215018275 2078.37471564327 2011.31078008214 1948.38077334799
"AWE" 76 2218.26003936748 2156.68683969141 2173.94004544924 2283.21303185646 2235.35268844031 2191.62627385116
"AIC" 77 1978.0510452724 1918.07386999608 1912.14517668255 2008.11508936061 1957.51264933204 1985.15585300304
"BIC" 77 2025.69175624892 1969.91817311758 1968.19307194903 2052.9534055738 2006.55455769021 2038.4013535062
"ICL" 77 2025.75837337119 1970.77858904234 1969.78249033506 2053.21230717645 2008.21350180406 2038.40777655575
"AWE" 77 2243.39908434771 2207.62289216384 2225.83038560155 2258.05062338964 2232.25541016223 2281.65327705892
"AIC" 78 1945.45448121941 1897.08480482574 1906.45269020742 1978.237914706 1929.87064028926 1940.51312325196
"BIC" 78 1993.09519219593 1948.92910794724 1962.5005854739 2023.07623091919 1978.91254864744 1993.75862375512
"ICL" 78 1993.18422942465 1949.39219761061 1962.50320210099 2023.17249442495 1979.389116966 1993.76275185485
"AWE" 78 2210.82494040116 2186.23650073211 2218.55109736748 2228.01081063814 2203.43102532417 2237.00825235801
"AIC" 79 1989.31586623624 1947.77628060695 1943.1646978247 2014.50444520193 1973.23172089279 1968.34770006716
"BIC" 79 2036.95657721275 1999.62058372845 1999.21259309118 2059.34276141512 2022.27362925097 2021.59320057032
"ICL" 79 2036.9580136306 1999.6503942994 1999.22037686138 2059.43588996867 2022.45605978635 2021.74108317533
"AWE" 79 2254.59872460711 2236.4946974209 2255.26827212787 2264.27420618186 2246.49796814453 2264.9865836785
"AIC" 80 1931.10240114987 1895.74816576292 1888.71656833442 1967.51596897465 1928.61238027151 1926.90181868449
"BIC" 80 1978.74311212638 1947.59246888442 1944.7644636009 2012.35428518784 1977.65428862969 1980.14731918765
"ICL" 80 1978.76397781785 1948.05403761089 1945.27028411637 2012.48927133258 1978.12963959803 1981.23963250457
"AWE" 80 2196.40468879437 2184.89834073238 2201.31817938285 2217.32758754577 2202.1715479562 2224.48513300773
"AIC" 81 2068.49038331668 1996.64496310953 1980.344783613 2091.28726612974 2019.3799872741 2012.68212639457
"BIC" 81 2116.1310942932 2048.48926623103 2036.39267887949 2136.12558234292 2068.42189563227 2065.92762689773
"ICL" 81 2116.13475918324 2049.13137908765 2036.68117675859 2136.13004423614 2069.35475373874 2065.9888609104
"AWE" 81 2333.77547015975 2285.97568220915 2292.72907202507 2340.96836044933 2293.39666209692 2309.23436141356
"AIC" 82 2054.62186854486 2009.88709293381 2006.00381711323 2084.44147306416 2054.95174897647 2031.62033739231
"BIC" 82 2102.26257952138 2061.73139605531 2062.05171237972 2129.27978927735 2103.99365733465 2084.86583789547
"ICL" 82 2102.32489476363 2062.17522385971 2062.38699928883 2129.48649770712 2104.2702315765 2085.27438537167
"AWE" 82 2319.96560574015 2299.01952698121 2318.43489455532 2334.32481392031 2328.31213993467 2328.51988587483
"AIC" 83 2143.36859656662 2067.90942189654 2064.40688647945 2165.97435719036 2090.47138418185 2086.09897616947
"BIC" 83 2191.00930754313 2119.75372501804 2120.45478174593 2210.81267340354 2139.51329254002 2139.34447667263
"ICL" 83 2191.0110553256 2120.56841028729 2120.45848007275 2210.81390071946 2140.60328882561 2140.38628334099
"AWE" 83 2408.65176630211 2357.41271340879 2376.50637533924 2415.65221693265 2364.64519718378 2383.63178384415
"AIC" 84 2092.71628681736 2027.42676348527 2014.1394091981 2144.85190527855 2047.18695890049 2033.8186191185
"BIC" 84 2140.35699779388 2079.27106660677 2070.18730446458 2189.69022149174 2096.22886725867 2087.06411962166
"ICL" 84 2140.4207259623 2081.97492469277 2072.45735000208 2190.32427360119 2099.02482683879 2089.35455385131
"AWE" 84 2358.06143693882 2318.81922781427 2328.50524526856 2395.16258981438 2323.06673519697 2332.60005435447
"AIC" 85 1934.96202568897 1905.89771349631 1909.69157832961 1969.78414595051 1941.53213939424 2014.84412819847
"BIC" 85 1982.60273666548 1957.74201661781 1965.73947359609 2014.6224621637 1990.57404775242 2068.08962870163
"ICL" 85 1982.60710322447 1958.57391334178 1965.75223666897 2014.63707946491 1991.47864695527 2068.11201499126
"AWE" 85 2200.24781420099 2195.41821646328 2221.80013193546 2219.47539567809 2215.52055531344 2311.35751549442
"AIC" 86 1996.4679734544 1880.06673728151 1879.01211369905 1952.54005516039 1905.19329749913 1904.17300568314
"BIC" 86 2044.10868443091 1931.91104040301 1935.06000896554 1997.37837137358 1954.23520585731 1957.4185061863
"ICL" 86 2044.10930367404 1932.10375246987 1935.1699843021 1997.38080267003 1954.65276316904 1957.5890243152
"AWE" 86 2261.75001465055 2168.94805559137 2191.21787956859 2202.21911888322 2178.69467152721 2200.83452481836
"AIC" 87 2031.83242927767 2009.86633182512 2003.15958171296 2066.71082185436 2044.53308169197 2037.94034841042
"BIC" 87 2079.47314025419 2061.71063494662 2059.20747697945 2111.54913806755 2093.57499005015 2091.18584891358
"ICL" 87 2079.47450104301 2061.71156580869 2059.20823358279 2111.55246253922 2094.17632568464 2091.36305573239
"AWE" 87 2297.11521201952 2298.55586893019 2315.25612884928 2316.39077875241 2318.21823404281 2334.60855623555
"AIC" 88 2087.65329814251 2019.14231152383 2014.84399441375 2120.35276765319 2093.62235461474 2050.71823477587
"BIC" 88 2135.29400911903 2070.98661464533 2070.89188968024 2165.19108386638 2142.66426297291 2103.96373527903
"ICL" 88 2135.49888423641 2071.28243242728 2070.92379995177 2165.40565423621 2143.46215578102 2104.33173118493
"AWE" 88 2353.13959521292 2308.12673554878 2326.97169521825 2370.2439704494 2367.5040641392 2347.57723168809
"AIC" 89 1972.74160579377 1953.58909025241 1894.50399550224 1991.74116017141 1970.63700341964 1921.62076356674
"BIC" 89 2020.38231677029 2005.43339337391 1950.55189076872 2036.5794763846 2019.67891177781 1974.8662640699
"ICL" 89 2021.55842419017 2011.17493295694 1950.84504492852 2036.58014466414 2019.68571296226 1975.39958374924
"AWE" 89 2239.19913516668 2248.01923607844 2206.892940195 2241.41846087733 2243.72762132044 2218.6450842524
"AIC" 90 1975.31973554258 1939.93178860008 1934.43757407584 2007.09908868622 1971.67867433237 1971.05563967764
"BIC" 90 2022.9604465191 1991.77609172158 1990.48546934232 2051.93740489941 2020.72058269054 2024.3011401808
"ICL" 90 2022.9622127977 1991.78115118446 1990.48663593733 2052.21846070884 2021.07300834079 2024.51994666846
"AWE" 90 2240.60292377421 2228.62545430596 2246.53453120381 2257.05677692203 2245.11491669897 2267.76544717162
"AIC" 91 1993.78661607992 1967.92808062267 1964.84420092702 2028.37144976795 2002.46342499933 1999.37990512211
"BIC" 91 2041.42732705643 2019.77238374417 2020.8920961935 2073.20976598114 2051.50533335751 2052.62540562527
"ICL" 91 2041.42744767119 2019.77282674664 2020.89272266025 2073.21027960019 2051.5411999415 2052.65914610038
"AWE" 91 2259.0681586477 2256.61712986814 2276.94061792673 2278.04859581338 2275.58310829968 2295.90464660354
"AIC" 92 2113.28975276846 2051.55582248387 2066.82438208729 2139.54197426486 2089.61736379671 2108.44085207633
"BIC" 92 2160.93046374497 2103.40012560537 2122.87227735377 2184.38029047804 2138.65927215488 2161.68635257949
"ICL" 92 2160.93169397355 2103.61922942881 2123.03065804459 2184.72076175724 2139.51322255697 2162.17164143269
"AWE" 92 2378.57240495006 2340.46353255031 2379.07855331108 2389.55907797043 2363.55513091514 2405.41714193585
"AIC" 93 2038.53853249492 2040.84702693934 1954.10244952145 2066.73263825912 1998.05802759611 2061.22087102208
"BIC" 93 2086.17924347144 2092.69133006084 2010.15034478794 2111.57095447231 2047.09993595429 2114.46637152524
"ICL" 93 2086.20175909644 2092.70221861899 2010.21264614598 2111.75878695255 2047.52742782524 2114.78014518801
"AWE" 93 2303.84247007296 2329.54652174049 2266.26054141246 2316.59710316574 2271.56933618341 2358.02564569117
"AIC" 94 1884.29777760741 1824.21111323412 1859.95252144014 1914.09697508334 1852.86007886383 1877.00455507226
"BIC" 94 1931.93848858393 1876.05541635562 1916.00041670662 1958.93529129653 1901.901987222 1930.25005557542
"ICL" 94 1931.9802323119 1876.06823453523 1916.00699757942 1958.98160514634 1901.92494521401 1930.25107076053
"AWE" 94 2149.62094328841 2112.91253765673 2172.0548928459 2163.81992135953 2125.96685357218 2173.49657126369
"AIC" 95 1995.6822661158 1956.77406997627 1973.32782830807 2018.46727063576 1979.42404959393 1973.41696423261
"BIC" 95 2043.32297709231 2008.61837309777 2029.37572357456 2063.30558684895 2028.46595795211 2026.66246473577
"ICL" 95 2043.33336630866 2008.66935918409 2029.42267031042 2063.32003394544 2029.03065057771 2027.44926026776
"AWE" 95 2260.97407728517 2245.51366230559 2285.47056557691 2268.15835015863 2253.07255893589 2270.69476077092
"AIC" 96 1949.31983449257 1876.61733883557 1867.8402587559 1983.75375741286 1903.2354398486 1910.96605421684
"BIC" 96 1996.96054546908 1928.46164195707 1923.88815402239 2028.59207362605 1952.27734820678 1964.21155472
"ICL" 96 1996.96109445847 1928.64673853156 1925.23923175151 2028.59267455 1952.43570033314 1964.21160665075
"AWE" 96 2214.60180543499 2165.49104165306 2181.287127018 2233.43099076319 2176.47760869132 2207.45710715391
"AIC" 97 1904.54916377703 1872.52527611514 1866.44018645922 1938.02173473696 1897.61541484426 1891.49818984458
"BIC" 97 1952.18987475355 1924.36957923664 1922.48808172571 1982.86005095015 1946.65732320244 1944.74369034774
"ICL" 97 1952.19314192416 1924.60519167374 1922.69225211009 1982.99963107173 1946.83997124323 1944.90236502314
"AWE" 97 2169.83385290067 2161.44949479524 2178.74014737657 2187.83794728492 2170.88187960141 2188.1478655263
"AIC" 98 2045.20186290554 2023.52585568718 2018.74912070436 2077.9010583158 2056.22543865036 2046.00903457045
"BIC" 98 2092.84257388206 2075.37015880868 2074.79701597084 2122.73937452899 2105.26734700853 2099.25453507361
"ICL" 98 2092.84938746928 2075.39156171245 2074.80228483091 2122.74811738824 2105.28604590445 2099.36345544917
"AWE" 98 2310.4900984458 2312.23586483395 2330.8501800974 2327.58643360143 2329.32795426263 2342.60895595233
"AIC" 99 2013.25566534909 1949.56592244118 1948.25629139971 2046.42450611462 1980.29712843302 1976.070392938
"BIC" 99 2060.89637632561 2001.41022556268 2004.3041866662 2091.26282232781 2029.3390367912 2029.31589344116
"ICL" 99 2060.90084882466 2002.51091664407 2004.39650371695 2091.26485438327 2029.93650892115 2029.4365208883
"AWE" 99 2278.54155980118 2239.35521976557 2260.44439898344 2296.10317059646 2253.97841727933 2272.68202139146
"AIC" 100 2006.37166411535 1920.55787207291 2005.05230349051 1997.67830631809 1939.60401331317 1927.12318837441
"BIC" 100 2054.01237509187 1972.40217519441 2061.10019875699 2042.51662253128 1988.64592167134 1980.36868887757
"ICL" 100 2054.05643543525 1974.74284407153 2061.2106297171 2043.36991864797 1991.29152699031 1982.86770053837
"AWE" 100 2271.69714641176 2211.58714719303 2317.25852498359 2248.20823486116 2215.33343534849 2226.11320104153
