"CCR" 1 0.973333333333333 0.993333333333333 0.986666666666667 0.973333333333333 0.993333333333333 0.993333333333333
"ARI" 1 0.924131346939865 0.980399597415805 0.961227108525352 0.924131346939865 0.980399597415805 0.980426276769332
"CCR" 2 0.966666666666667 0.973333333333333 0.973333333333333 0.966666666666667 0.973333333333333 0.973333333333333
"ARI" 2 0.90350930021387 0.923147037335935 0.923147037335935 0.90350930021387 0.923147037335935 0.923147037335935
"CCR" 3 0.953333333333333 0.986666666666667 0.993333333333333 0.953333333333333 0.986666666666667 0.986666666666667
"ARI" 3 0.879804754617208 0.9633557694002 0.981483970856732 0.879804754617208 0.9633557694002 0.9633557694002
"CCR" 4 0.966666666666667 0.986666666666667 0.973333333333333 0.966666666666667 0.993333333333333 0.973333333333333
"ARI" 4 0.901836662110177 0.959478252494834 0.920621321628358 0.901836662110177 0.979535101251817 0.920621321628358
"CCR" 5 0.86 1 1 0.86 1 1
"ARI" 5 0.610924085369137 1 1 0.610924085369137 1 1
"CCR" 6 0.94 0.986666666666667 0.933333333333333 0.926666666666667 0.986666666666667 0.933333333333333
"ARI" 6 0.827899433879859 0.959123833444348 0.812452839136752 0.79614003795522 0.959123833444348 0.812452839136752
"CCR" 7 0.913333333333333 0.973333333333333 0.993333333333333 0.913333333333333 0.973333333333333 0.993333333333333
"ARI" 7 0.764694561221563 0.919439817786349 0.979368075381452 0.764694561221563 0.919439817786349 0.979368075381452
"CCR" 8 0.933333333333333 0.986666666666667 0.993333333333333 0.933333333333333 0.986666666666667 0.933333333333333
"ARI" 8 0.809466040503375 0.959317821348913 0.97996526171146 0.809466040503375 0.959317821348913 0.809466040503375
"CCR" 9 0.98 0.98 0.98 0.98 0.98 0.98
"ARI" 9 0.937964081426366 0.937764381860447 0.937764381860447 0.937964081426366 0.937764381860447 0.937764381860447
"CCR" 10 0.92 0.98 0.92 0.92 0.98 0.993333333333333
"ARI" 10 0.793139274413137 0.942029898119671 0.793139274413137 0.793139274413137 0.942029898119671 0.980233870412305
"CCR" 11 0.946666666666667 0.953333333333333 0.946666666666667 0.946666666666667 1 0.946666666666667
"ARI" 11 0.842384795828475 0.86083957012814 0.842384795828475 0.842384795828475 1 0.842384795828475
"CCR" 12 0.993333333333333 0.986666666666667 0.986666666666667 0.993333333333333 0.986666666666667 0.993333333333333
"ARI" 12 0.980204291924251 0.960753536444984 0.960753536444984 0.980204291924251 0.960753536444984 0.98079057967313
"CCR" 13 0.893333333333333 1 1 0.893333333333333 1 0.893333333333333
"ARI" 13 0.711676892354213 1 1 0.711676892354213 1 0.711676892354213
"CCR" 14 0.886666666666667 0.98 0.98 0.886666666666667 0.98 0.98
"ARI" 14 0.694099240015203 0.938453756852022 0.940035435909621 0.694099240015203 0.938453756852022 0.940035435909621
"CCR" 15 0.92 0.993333333333333 0.993333333333333 0.92 0.68 0.993333333333333
"ARI" 15 0.782387341228766 0.979948673170632 0.979948673170632 0.782387341228766 0.563030498570822 0.979948673170632
"CCR" 16 0.946666666666667 0.993333333333333 0.993333333333333 0.986666666666667 0.993333333333333 0.993333333333333
"ARI" 16 0.856372283042354 0.980458010263351 0.980458010263351 0.961358102760648 0.980458010263351 0.980458010263351
"CCR" 17 0.946666666666667 0.946666666666667 0.953333333333333 0.946666666666667 0.946666666666667 0.953333333333333
"ARI" 17 0.845377773952835 0.845377773952835 0.865367560893647 0.845377773952835 0.845377773952835 0.865367560893647
"CCR" 18 0.973333333333333 0.986666666666667 0.98 0.973333333333333 0.986666666666667 0.98
"ARI" 18 0.919809215777267 0.960610654800792 0.939481054597375 0.919809215777267 0.960610654800792 0.939481054597375
"CCR" 19 0.966666666666667 0.986666666666667 0.986666666666667 0.926666666666667 0.98 0.986666666666667
"ARI" 19 0.901195009795394 0.959822804727039 0.959822804727039 0.802799213091967 0.940277425414733 0.959822804727039
"CCR" 20 0.673333333333333 0.98 0.98 0.913333333333333 0.986666666666667 0.98
"ARI" 20 0.546698415971881 0.940457812898366 0.940457812898366 0.771009159956018 0.959883483061897 0.940457812898366
"CCR" 21 0.9 1 1 0.9 1 1
"ARI" 21 0.753091828661169 1 1 0.753091828661169 1 1
"CCR" 22 0.88 0.993333333333333 0.986666666666667 0.88 0.753333333333333 0.986666666666667
"ARI" 22 0.734567045292597 0.981846437057678 0.964130681796297 0.734567045292597 0.620179520953758 0.964130681796297
"CCR" 23 0.966666666666667 0.986666666666667 0.98 0.966666666666667 0.986666666666667 0.98
"ARI" 23 0.897837409195169 0.957016142173552 0.936101300597866 0.897837409195169 0.957016142173552 0.936101300597866
"CCR" 24 0.993333333333333 1 1 0.906666666666667 1 1
"ARI" 24 0.978998023949336 1 1 0.747209430540056 1 1
"CCR" 25 0.933333333333333 0.986666666666667 1 0.933333333333333 0.986666666666667 1
"ARI" 25 0.821209401105674 0.961049042637471 1 0.821209401105674 0.961049042637471 1
"CCR" 26 0.94 1 0.993333333333333 0.946666666666667 1 0.993333333333333
"ARI" 26 0.836270453373341 1 0.980204291924251 0.852764943831547 1 0.980204291924251
"CCR" 27 0.953333333333333 1 1 0.953333333333333 1 1
"ARI" 27 0.876975826713226 1 1 0.876975826713226 1 1
"CCR" 28 0.96 0.986666666666667 0.986666666666667 0.96 0.98 0.986666666666667
"ARI" 28 0.881514989995143 0.95932339246248 0.960121897413517 0.881514989995143 0.940110497381613 0.960121897413517
"CCR" 29 0.913333333333333 0.986666666666667 0.986666666666667 0.726666666666667 0.76 0.986666666666667
"ARI" 29 0.800394379988802 0.964976956162004 0.965046925408987 0.563793699094813 0.642548699740908 0.965046925408987
"CCR" 30 0.933333333333333 0.98 0.98 0.933333333333333 0.98 0.933333333333333
"ARI" 30 0.829191300672258 0.944218323149586 0.944218323149586 0.829191300672258 0.944218323149586 0.829191300672258
"CCR" 31 0.906666666666667 0.986666666666667 0.986666666666667 0.906666666666667 0.986666666666667 0.986666666666667
"ARI" 31 0.782236559075313 0.963758394485525 0.963758394485525 0.782236559075313 0.963758394485525 0.963758394485525
"CCR" 32 0.913333333333333 0.98 0.92 0.913333333333333 0.986666666666667 0.986666666666667
"ARI" 32 0.765987661738729 0.939250978426188 0.78120045538907 0.765987661738729 0.95909000854174 0.95909000854174
"CCR" 33 0.953333333333333 1 1 0.953333333333333 1 1
"ARI" 33 0.866503675598349 1 1 0.866503675598349 1 1
"CCR" 34 0.973333333333333 0.993333333333333 0.933333333333333 0.926666666666667 0.993333333333333 0.993333333333333
"ARI" 34 0.919440264556397 0.981086526606555 0.828952953522466 0.809222322396705 0.981086526606555 0.981086526606555
"CCR" 35 0.94 0.98 0.933333333333333 0.933333333333333 0.993333333333333 0.986666666666667
"ARI" 35 0.829722542148671 0.939267754440211 0.808383556644376 0.813072175588966 0.979342479560681 0.959095658806966
"CCR" 36 0.966666666666667 0.993333333333333 0.993333333333333 0.966666666666667 0.993333333333333 0.993333333333333
"ARI" 36 0.906792101459935 0.980652953443518 0.980652953443518 0.906792101459935 0.980652953443518 0.980652953443518
"CCR" 37 0.92 0.993333333333333 0.993333333333333 0.913333333333333 0.993333333333333 0.993333333333333
"ARI" 37 0.777782356828378 0.979212701511189 0.979212701511189 0.762155405529034 0.979212701511189 0.979212701511189
"CCR" 38 0.92 0.98 0.986666666666667 0.92 0.98 0.986666666666667
"ARI" 38 0.797433420931805 0.94448304328426 0.965165182014947 0.797433420931805 0.94448304328426 0.965165182014947
"CCR" 39 0.933333333333333 0.993333333333333 1 0.933333333333333 0.993333333333333 1
"ARI" 39 0.825747273513216 0.980581718006073 1 0.825747273513216 0.980581718006073 1
"CCR" 40 0.886666666666667 0.993333333333333 1 0.886666666666667 0.993333333333333 1
"ARI" 40 0.720821546437823 0.980204291924251 1 0.720821546437823 0.980204291924251 1
"CCR" 41 0.933333333333333 0.993333333333333 0.986666666666667 0.933333333333333 0.993333333333333 0.986666666666667
"ARI" 41 0.805801620490279 0.978620281030093 0.957649687308787 0.805801620490279 0.978620281030093 0.957649687308787
"CCR" 42 0.913333333333333 0.693333333333333 0.993333333333333 0.913333333333333 0.993333333333333 0.993333333333333
"ARI" 42 0.759548611360982 0.53312645007885 0.979074454968955 0.759548611360982 0.979074454968955 0.979074454968955
"CCR" 43 0.9 0.986666666666667 1 0.9 0.986666666666667 1
"ARI" 43 0.718936616374127 0.958721068033124 1 0.718936616374127 0.958721068033124 1
"CCR" 44 0.926666666666667 0.98 0.926666666666667 0.926666666666667 0.68 0.926666666666667
"ARI" 44 0.79900563636758 0.940044421287286 0.79900563636758 0.79900563636758 0.547130354957534 0.79900563636758
"CCR" 45 0.98 0.993333333333333 0.993333333333333 0.98 0.993333333333333 0.993333333333333
"ARI" 45 0.946135596586226 0.981600782398944 0.981600782398944 0.946135596586226 0.981600782398944 0.981600782398944
"CCR" 46 0.9 0.986666666666667 0.98 0.9 0.986666666666667 0.98
"ARI" 46 0.748068148948202 0.960321638382466 0.941077633403577 0.748068148948202 0.960321638382466 0.941077633403577
"CCR" 47 0.9 0.993333333333333 0.993333333333333 0.986666666666667 0.993333333333333 0.906666666666667
"ARI" 47 0.734253035817221 0.981454054110219 0.979043516673171 0.958523670776482 0.981454054110219 0.748583012981723
"CCR" 48 0.913333333333333 0.993333333333333 0.92 0.913333333333333 0.993333333333333 1
"ARI" 48 0.78871286587915 0.981248673523289 0.802332292714593 0.78871286587915 0.981248673523289 1
"CCR" 49 0.7 0.7 0.986666666666667 0.96 0.98 0.986666666666667
"ARI" 49 0.554227814747382 0.554227814747382 0.959617216747027 0.884204674210873 0.940084862785991 0.959617216747027
"CCR" 50 0.926666666666667 0.973333333333333 0.926666666666667 0.926666666666667 0.98 0.926666666666667
"ARI" 50 0.803470320749394 0.924080367484412 0.803470320749394 0.803470320749394 0.942411188283549 0.803470320749394
"CCR" 51 0.92 0.986666666666667 0.98 0.92 0.986666666666667 0.98
"ARI" 51 0.815970280065513 0.965250918055215 0.948515456220218 0.815970280065513 0.965250918055215 0.948515456220218
"CCR" 52 0.926666666666667 0.993333333333333 0.993333333333333 0.926666666666667 0.993333333333333 0.993333333333333
"ARI" 52 0.813313827442416 0.979652155016479 0.979652155016479 0.813313827442416 0.979652155016479 0.979652155016479
"CCR" 53 0.893333333333333 0.993333333333333 0.993333333333333 0.893333333333333 0.993333333333333 0.993333333333333
"ARI" 53 0.743316650351195 0.981053350036308 0.981053350036308 0.743316650351195 0.981053350036308 0.981053350036308
"CCR" 54 0.973333333333333 0.993333333333333 0.986666666666667 0.973333333333333 0.993333333333333 0.986666666666667
"ARI" 54 0.925041179477609 0.981017444723439 0.962423393292958 0.925041179477609 0.981017444723439 0.962423393292958
"CCR" 55 0.96 0.986666666666667 0.993333333333333 0.96 0.986666666666667 0.986666666666667
"ARI" 55 0.889558521159538 0.961552120566466 0.980581718006073 0.889558521159538 0.961552120566466 0.961552120566466
"CCR" 56 0.9 1 0.993333333333333 0.9 1 0.993333333333333
"ARI" 56 0.772603005956393 1 0.981965515160103 0.772603005956393 1 0.981965515160103
"CCR" 57 0.9 0.986666666666667 0.986666666666667 0.9 0.986666666666667 0.986666666666667
"ARI" 57 0.754455984575007 0.961525619669919 0.961525619669919 0.754455984575007 0.961525619669919 0.961525619669919
"CCR" 58 0.92 0.993333333333333 0.993333333333333 0.92 0.993333333333333 0.993333333333333
"ARI" 58 0.78495123910927 0.979741932340121 0.979741932340121 0.78495123910927 0.979741932340121 0.979741932340121
"CCR" 59 0.913333333333333 0.973333333333333 0.986666666666667 0.913333333333333 0.98 0.986666666666667
"ARI" 59 0.793463377122225 0.927237145336633 0.961714310631672 0.793463377122225 0.944271637758919 0.961714310631672
"CCR" 60 0.966666666666667 0.973333333333333 0.98 0.966666666666667 0.973333333333333 0.98
"ARI" 60 0.900182835505987 0.919068239704883 0.938698401421448 0.900182835505987 0.919068239704883 0.938698401421448
"CCR" 61 0.926666666666667 0.986666666666667 0.926666666666667 0.926666666666667 0.98 0.926666666666667
"ARI" 61 0.802697417687096 0.960277691633887 0.802697417687096 0.802697417687096 0.941028614167491 0.802697417687096
"CCR" 62 0.96 0.993333333333333 1 0.96 0.993333333333333 1
"ARI" 62 0.898263490311957 0.977345912409342 1 0.898263490311957 0.977345912409342 1
"CCR" 63 0.873333333333333 0.993333333333333 1 0.873333333333333 0.993333333333333 1
"ARI" 63 0.712125577251249 0.981899413344511 1 0.712125577251249 0.981899413344511 1
"CCR" 64 0.926666666666667 0.993333333333333 0.993333333333333 0.926666666666667 0.993333333333333 0.993333333333333
"ARI" 64 0.813834133034317 0.98080634555911 0.98080634555911 0.813834133034317 0.98080634555911 0.98080634555911
"CCR" 65 0.88 0.98 0.986666666666667 0.88 0.673333333333333 0.986666666666667
"ARI" 65 0.675434371229642 0.935655988024956 0.956683117678499 0.675434371229642 0.485121276080012 0.956683117678499
"CCR" 66 0.92 0.98 0.92 0.92 0.98 0.92
"ARI" 66 0.802332292714593 0.944955783568366 0.802332292714593 0.802332292714593 0.944955783568366 0.802332292714593
"CCR" 67 0.946666666666667 0.993333333333333 0.993333333333333 0.946666666666667 0.993333333333333 0.993333333333333
"ARI" 67 0.862259841531098 0.981248673523289 0.981248673523289 0.862259841531098 0.981248673523289 0.981248673523289
"CCR" 68 0.94 1 0.993333333333333 0.94 1 0.993333333333333
"ARI" 68 0.854140551996252 1 0.982169392625591 0.854140551996252 1 0.982169392625591
"CCR" 69 0.9 0.986666666666667 0.98 0.9 0.986666666666667 0.98
"ARI" 69 0.731946481308902 0.959265402813116 0.939587491234586 0.731946481308902 0.959265402813116 0.939587491234586
"CCR" 70 0.913333333333333 0.973333333333333 0.913333333333333 0.913333333333333 0.973333333333333 0.913333333333333
"ARI" 70 0.749012020946884 0.916103576609902 0.749012020946884 0.749012020946884 0.916103576609902 0.749012020946884
"CCR" 71 0.88 1 0.986666666666667 0.88 1 1
"ARI" 71 0.683677266607891 1 0.958265439560945 0.683677266607891 1 1
"CCR" 72 0.94 0.986666666666667 0.98 0.94 0.986666666666667 0.98
"ARI" 72 0.84298844226332 0.961112266966372 0.942978090940328 0.84298844226332 0.961112266966372 0.942978090940328
"CCR" 73 0.966666666666667 0.993333333333333 0.946666666666667 0.746666666666667 0.726666666666667 1
"ARI" 73 0.905851320067653 0.980233870412305 0.854928111006868 0.586840138308345 0.55932300098982 1
"CCR" 74 0.906666666666667 0.993333333333333 0.993333333333333 0.906666666666667 0.993333333333333 0.993333333333333
"ARI" 74 0.742841020171509 0.978800406634714 0.978800406634714 0.742841020171509 0.978800406634714 0.978800406634714
"CCR" 75 0.92 0.993333333333333 0.92 0.92 0.993333333333333 1
"ARI" 75 0.782714009147436 0.979540765108225 0.782714009147436 0.782714009147436 0.979540765108225 1
"CCR" 76 0.906666666666667 0.993333333333333 0.986666666666667 0.906666666666667 0.993333333333333 0.986666666666667
"ARI" 76 0.775306653637469 0.981323824266203 0.963017328437419 0.775306653637469 0.981323824266203 0.963017328437419
"CCR" 77 0.94 0.986666666666667 0.993333333333333 0.94 0.986666666666667 0.993333333333333
"ARI" 77 0.831845642246643 0.959900107382498 0.979540765108225 0.831845642246643 0.959900107382498 0.979540765108225
"CCR" 78 0.866666666666667 0.986666666666667 0.986666666666667 0.98 0.986666666666667 0.986666666666667
"ARI" 78 0.650167851129879 0.957861127522463 0.957861127522463 0.937048505605158 0.957861127522463 0.957861127522463
"CCR" 79 0.946666666666667 0.986666666666667 0.986666666666667 0.946666666666667 0.986666666666667 0.986666666666667
"ARI" 79 0.861516541211888 0.963022438880382 0.963022438880382 0.861516541211888 0.963022438880382 0.963022438880382
"CCR" 80 0.873333333333333 1 1 0.873333333333333 0.72 1
"ARI" 80 0.684306035950684 1 1 0.684306035950684 0.535932783583946 1
"CCR" 81 0.96 0.98 0.986666666666667 0.94 0.98 0.94
"ARI" 81 0.884436932382248 0.939986396211278 0.959567510209611 0.832920347387276 0.939986396211278 0.832920347387276
"CCR" 82 0.893333333333333 0.98 0.893333333333333 0.893333333333333 0.986666666666667 0.986666666666667
"ARI" 82 0.694795564409194 0.937958702471846 0.694795564409194 0.694795564409194 0.959715905720497 0.959715905720497
"CCR" 83 0.933333333333333 0.986666666666667 1 0.933333333333333 0.986666666666667 1
"ARI" 83 0.806789845704186 0.958137799902574 1 0.806789845704186 0.958137799902574 1
"CCR" 84 0.986666666666667 1 0.94 0.933333333333333 1 1
"ARI" 84 0.962040134359386 1 0.84317679321403 0.828046309783094 1 1
"CCR" 85 0.893333333333333 0.973333333333333 0.993333333333333 0.893333333333333 0.98 0.993333333333333
"ARI" 85 0.744913463176375 0.925655272734004 0.980780026848309 0.744913463176375 0.94360052225447 0.980780026848309
"CCR" 86 0.86 0.993333333333333 0.986666666666667 0.86 0.993333333333333 0.993333333333333
"ARI" 86 0.660571276997088 0.979540765108225 0.960099884996105 0.660571276997088 0.979540765108225 0.979540765108225
"CCR" 87 0.913333333333333 0.966666666666667 0.96 0.913333333333333 0.96 0.96
"ARI" 87 0.772399107320479 0.90230344057905 0.884299416661089 0.772399107320479 0.884299416661089 0.884299416661089
"CCR" 88 0.926666666666667 0.98 0.993333333333333 0.926666666666667 0.98 0.993333333333333
"ARI" 88 0.807000175543334 0.941372756168085 0.979368075381452 0.807000175543334 0.941372756168085 0.979368075381452
"CCR" 89 0.88 1 1 0.88 1 1
"ARI" 89 0.72669707966299 1 1 0.72669707966299 1 1
"CCR" 90 0.926666666666667 0.993333333333333 0.993333333333333 0.926666666666667 0.993333333333333 0.993333333333333
"ARI" 90 0.801506414393354 0.979741932340121 0.979741932340121 0.801506414393354 0.979741932340121 0.979741932340121
"CCR" 91 0.98 1 1 0.98 1 0.666666666666667
"ARI" 91 0.939259358787548 1 1 0.939259358787548 1 0.534262322922896
"CCR" 92 0.913333333333333 0.993333333333333 0.993333333333333 0.906666666666667 0.993333333333333 0.993333333333333
"ARI" 92 0.7777566423828 0.980378099216302 0.980361884822081 0.763816054512846 0.980378099216302 0.980361884822081
"CCR" 93 0.906666666666667 0.993333333333333 1 0.906666666666667 0.993333333333333 1
"ARI" 93 0.750823414425331 0.980014551130151 1 0.750823414425331 0.980014551130151 1
"CCR" 94 0.893333333333333 0.98 0.986666666666667 0.893333333333333 0.98 0.986666666666667
"ARI" 94 0.711194316027184 0.938129672231555 0.958348733593792 0.711194316027184 0.938129672231555 0.958348733593792
"CCR" 95 0.973333333333333 0.986666666666667 0.993333333333333 0.986666666666667 0.993333333333333 0.993333333333333
"ARI" 95 0.924772278600247 0.959612146353337 0.977828137531915 0.959695380746214 0.977828137531915 0.977828137531915
"CCR" 96 0.886666666666667 0.993333333333333 0.993333333333333 0.946666666666667 0.993333333333333 0.993333333333333
"ARI" 96 0.72027153539205 0.979155768276793 0.979155768276793 0.845505078103123 0.979155768276793 0.979155768276793
"CCR" 97 0.933333333333333 0.993333333333333 0.993333333333333 0.933333333333333 0.993333333333333 0.993333333333333
"ARI" 97 0.820540922140393 0.981927456892829 0.981927456892829 0.820540922140393 0.981927456892829 0.981927456892829
"CCR" 98 0.913333333333333 0.98 0.98 0.96 0.986666666666667 0.98
"ARI" 98 0.783091933906817 0.942679682317893 0.942679682317893 0.895013492287491 0.960645405773611 0.942679682317893
"CCR" 99 0.946666666666667 0.993333333333333 0.993333333333333 0.946666666666667 0.993333333333333 0.993333333333333
"ARI" 99 0.844994237131943 0.97916150279343 0.97916150279343 0.844994237131943 0.97916150279343 0.97916150279343
"CCR" 100 0.946666666666667 1 0.986666666666667 0.946666666666667 1 0.986666666666667
"ARI" 100 0.856013832979769 1 0.961227108525352 0.856013832979769 1 0.961227108525352
