"AIC" 1 10166.3152824287 9812.97715716094 9758.55932339632 10165.9896711034 9813.09788396659 9758.27781145821
"BIC" 1 10268.676882428 9924.3706630425 9878.98473516017 10262.3300005145 9918.47011925996 9872.68195263387
"ICL" 1 10272.0846254714 9932.51101353391 9885.32005184985 10265.9653759291 9926.64134407332 9878.99014992233
"AWE" 1 10544.4462254707 10228.9045194155 10205.7454636137 10522.3057053402 10207.0135793667 10183.394291098
"AIC" 2 10274.6907512562 9884.05126028359 9822.33958255358 10270.9932458706 9880.40698514066 9818.68550216277
"BIC" 2 10377.0523512555 9995.44476616516 9942.76499431743 10367.3335752816 9985.77922043403 9933.08964333843
"ICL" 2 10379.1935117619 10003.6531250564 9948.04440266129 10369.4627443532 9993.92478309239 9938.24655763895
"AWE" 2 10651.5551117612 10300.0466309379 10268.4698144251 10625.8030737643 10274.2970183858 10242.6506988146
"AIC" 3 9940.48476142426 9644.48628033411 9602.45350647973 9939.62020048897 9644.15848053298 9601.81589654075
"BIC" 3 10042.8463614235 9755.87978621568 9722.87891824358 10035.9605299 9749.53071582635 9716.2200377164
"ICL" 3 10045.2887642461 9761.00096399144 9727.18968882429 10038.0671493434 9755.12661282141 9720.54579658533
"AWE" 3 10317.6503642453 10057.394469873 10047.6151005881 10294.4074787545 10035.4988481148 10024.949937761
"AIC" 4 9674.98721168488 9401.13785101733 9379.4491578098 9671.89278403971 9397.46397249558 9376.27541409287
"BIC" 4 9777.34881168415 9512.53135689889 9499.87456957365 9768.23311345079 9502.83620778895 9490.67955526853
"ICL" 4 9778.62204238216 9517.9965143049 9501.0686502703 9769.56010264662 9508.37542716822 9491.87926613204
"AWE" 4 10050.9836423814 9814.39002018646 9821.49406203415 10025.9004320577 9788.74766246158 9796.2834073077
"AIC" 5 9947.65301179512 9652.42495208571 9600.6016527146 9944.78329711125 9649.71166594617 9597.73969538096
"BIC" 5 10050.0146117944 9763.81845796727 9721.02706447845 10041.1236265223 9755.08390123954 9712.14383655662
"ICL" 5 10054.8514189887 9772.56322778525 9724.65722182973 10045.773609252 9763.56201649774 9715.62750063099
"AWE" 5 10327.213018988 10068.9567336668 10045.0826335936 10302.1139386631 10043.9342517911 10020.0316418066
"AIC" 6 9822.75296196804 9604.92787321919 9605.9145788875 9814.96932865093 9602.25581773198 9603.37754003991
"BIC" 6 9925.11456196732 9716.32137910075 9726.33999065135 9911.30965806201 9707.62805302535 9717.78168121557
"ICL" 6 9929.41900222735 9725.4105097367 9729.30011451248 9913.5201343175 9716.69233609473 9720.85962914316
"AWE" 6 10201.7806022266 10021.8040156183 10049.7255262763 10169.8604637286 9997.0645713881 10025.2637703188
"AIC" 7 9715.73021044474 9427.2739031393 9376.94830620111 9714.353165493 9425.99353822976 9375.89238629281
"BIC" 7 9818.09181044402 9538.66740902086 9497.37371796496 9810.69349490408 9531.36577352313 9490.29652746846
"ICL" 7 9822.25959265535 9548.49132323014 9506.10976258287 9815.00459312801 9541.42345157322 9499.32739393201
"AWE" 7 10094.6211926546 9844.8848291117 9826.53517434672 10071.3449225391 9821.79568686659 9803.73153510767
"AIC" 8 9688.65325792693 9447.5333368738 9392.48692779116 9686.87420789169 9445.43607223669 9441.79117897843
"BIC" 8 9791.0148579262 9558.92684275536 9512.91233955501 9783.21453730277 9550.80830753005 9556.19532015409
"ICL" 8 9793.66536808376 9566.66803345238 9520.18517372485 9785.83472961289 9558.90143048805 9558.29989017531
"AWE" 8 10066.026968083 9863.06153933394 9840.6105854887 10042.175059024 9839.27366578142 9862.70403135096
"AIC" 9 9838.08142538917 9497.96683806911 9475.0887623558 9836.98780473497 9499.04066267156 9476.09822095383
"BIC" 9 9940.44302538844 9609.36034395067 9595.51417411965 9933.32813414605 9604.41289796493 9590.50236212949
"ICL" 9 9941.29810097987 9615.73385953033 9600.54337858289 9934.18049887965 9610.92410382863 9595.96844304321
"AWE" 9 10213.6597009791 9912.12736541189 9920.96879034674 10190.5208282907 9891.296339122 9900.37258421887
"AIC" 10 10145.1598936918 9847.81329448104 9837.26228787369 10142.3585956599 9844.7864070072 9790.77128733373
"BIC" 10 10247.5214936911 9959.20680036261 9957.68769963754 10238.698925071 9950.15864230056 9905.17542850939
"ICL" 10 10248.226695351 9971.37726809825 9959.03711229439 10239.4558092387 9962.64440194255 9915.22953209147
"AWE" 10 10520.5882953502 10267.7707739798 10279.4625240582 10495.7961386498 10243.0166372359 10219.6336732671
"AIC" 11 9900.48312581015 9596.01245347521 9549.4874994498 9898.79575184629 9583.66552819732 9547.90674698277
"BIC" 11 10002.8447258094 9707.40595935677 9669.91291121365 9995.13608125737 9689.03776349069 9662.31088815843
"ICL" 11 10003.9903662007 9711.16312388152 9673.15693640873 9996.23135824198 9699.81875162602 9665.36587506902
"AWE" 11 10276.3519662 10007.5566297631 9993.58234817258 10252.5716876531 9980.19098691939 9969.77001624468
"AIC" 12 10013.051176348 9623.9310909526 9561.23758472939 10012.7623010393 9625.09339258324 9562.25557776419
"BIC" 12 10115.4127763472 9735.32459683416 9681.66299649324 10109.1026304504 9730.46562787661 9676.65971893985
"ICL" 12 10118.7691750924 9742.77067883554 9687.44543481051 10113.0197752707 9738.78846278161 9682.52805162751
"AWE" 12 10391.1307750917 10039.1641847171 10007.8708465744 10369.3601046818 10019.160698075 9986.93219280317
"AIC" 13 9654.46305642482 9411.70360328619 9367.30052083552 9651.89150789949 9408.93318855468 9435.95018303487
"BIC" 13 9756.82465642409 9523.09710916776 9487.72593259937 9748.23183731057 9514.30542384805 9550.35432421053
"ICL" 13 9759.95036525825 9530.1558241147 9493.89542478622 9751.4365132994 9521.51923612798 9552.66610951204
"AWE" 13 10032.3119652575 9826.54932999626 9814.32083655007 10007.7768427105 9801.89147142135 9857.0702506877
"AIC" 14 10085.9271625373 9696.37501581868 9654.77967253163 10082.155057888 9692.50122582143 9650.87486745056
"BIC" 14 10188.2887625366 9807.76852170025 9775.20508429548 10178.495387299 9797.8734611148 9765.27900862621
"ICL" 14 10193.2009866292 9823.59561130006 9787.07846876887 10183.4317396588 9813.68206761976 9777.15346356867
"AWE" 14 10465.5625866285 10119.9891171816 10107.5038805327 10439.7720690699 10094.0543029131 10081.5576047443
"AIC" 15 10168.7704153536 9807.30641981644 9745.89992632441 10164.8038344464 10194.5840252971 9742.03539738258
"BIC" 15 10271.1320153529 9918.69992569801 9866.32533808827 10261.1441638575 10299.9562605905 9856.43953855824
"ICL" 15 10274.805485326 9925.53278484488 9870.46063425352 10264.8203239564 10301.0362681133 9860.62350687516
"AWE" 15 10547.1670853253 10221.9262907264 10190.8860460174 10521.1606533675 10581.4085034067 10165.0276480508
"AIC" 16 9923.84830257024 9527.78227610673 9465.75100632411 9940.5034294923 9523.88862192672 9461.83382321822
"BIC" 16 10026.2099025695 9639.1757819883 9586.17641808796 10036.8437589034 9629.26085722009 9576.23796439387
"ICL" 16 10027.1049693668 9645.40021601273 9590.17176299203 10037.890231742 9635.42843412368 9580.2369216211
"AWE" 16 10299.4665693661 9941.79372189429 9910.59717475588 10294.2305611531 9915.80066941705 9884.64106279676
"AIC" 17 10024.295992605 9802.66528153832 9770.03298321171 10020.8345245331 9799.19487644446 9766.498317052
"BIC" 17 10126.6575926043 9914.05878741988 9890.45839497556 10117.1748539441 9904.56711173782 9880.90245822766
"ICL" 17 10127.7819285274 9918.10362015733 9893.53552072626 10118.3053232382 9908.575070734 9883.95020616732
"AWE" 17 10400.1435285267 10214.4971260389 10213.9609324901 10374.6456526493 10188.9473060274 10188.354347343
"AIC" 18 10188.8058224578 9808.88004359918 9750.89962799806 10184.9552388322 9804.96185294944 9746.9719575403
"BIC" 18 10291.1674224571 9920.27354948074 9871.32503976191 10281.2955682432 9910.33408824281 9861.37609871596
"ICL" 18 10295.1649920108 9929.57166704686 9878.66691577161 10285.4295522189 9919.61715764553 9868.71336790495
"AWE" 18 10567.5265920101 10225.9651729284 10199.0923275355 10541.7698816299 10199.9893929389 10173.1175090806
"AIC" 19 10206.6947734455 9827.81087934331 9768.60101559301 10178.3445334163 9827.32264753941 9768.57239823916
"BIC" 19 10309.0563734447 9939.20438522488 9889.02642735686 10274.6848628274 9932.69488283278 9882.97653941482
"ICL" 19 10314.8147895081 9945.60434373113 9892.9219344674 10278.6307077055 9939.40553737512 9887.00521226298
"AWE" 19 10587.1763895074 10241.9978496127 10213.3473462313 10534.9710371166 10219.7777726685 10191.4093534386
"AIC" 20 10373.366642763 9706.46964686095 9639.73985723411 10014.0719147083 9702.89875446842 9636.29060054476
"BIC" 20 10475.7282427622 9817.86315274252 9760.16526899796 10110.4122441193 9808.27098976179 9750.69474172042
"ICL" 20 10476.6621780016 9827.12012719986 9765.06555362436 10112.7515186698 9817.66691725667 9755.55899381599
"AWE" 20 10749.0237780008 10123.5136330814 10085.4909653882 10369.0918480809 10098.03915255 10059.9631349916
"AIC" 21 9940.63685601944 9667.73467470296 9621.09845113899 9937.29731246597 9663.85801634131 9617.21329101323
"BIC" 21 10042.9984560187 9779.12818058452 9741.52386290284 10033.637641877 9769.23025163468 9731.61743218888
"ICL" 21 10046.9800186168 9786.1132026526 9745.7367819053 10037.5662151063 9776.33157364404 9735.91141358758
"AWE" 21 10319.341618616 10082.5067085342 10066.1621936691 10293.9065445174 10056.7038089374 10040.3155547632
"AIC" 22 10131.187464287 9868.5949212226 9823.19769023888 10129.0355980828 10097.6483165439 9820.78022855834
"BIC" 22 10233.5490642863 9979.98842710416 9943.62310200273 10225.3759274939 10203.0205518373 9935.18436973399
"ICL" 22 10237.8052795469 9995.9911877974 9956.02687505477 10229.7163633456 10209.6763625688 9947.72930176547
"AWE" 22 10510.1668795462 10292.384693679 10276.4522868186 10486.0566927567 10490.0485978622 10252.1334429411
"AIC" 23 10080.1787946569 9794.50925034704 9750.40862061948 10077.9087921903 9791.29357624099 9747.2018963207
"BIC" 23 10182.5403946562 9905.9027562286 9870.83403238333 10174.2491216014 9896.66581153436 9861.60603749635
"ICL" 23 10183.4589829419 9913.71248972645 9878.33615235323 10175.1804084626 9904.25176366467 9869.01539915889
"AWE" 23 10455.8205829412 10210.105995608 10198.7615641171 10431.5207378736 10184.623998958 10173.4195403345
"AIC" 24 10092.8360465242 9739.08696354887 9705.61699952712 10047.0029582441 9737.4132066423 9703.86874981123
"BIC" 24 10195.1976465235 9850.48046943044 9826.04241129097 10143.3432876552 9842.78544193567 9818.27289098689
"ICL" 24 10198.2664913731 9857.80980854253 9830.42314074821 10146.3429137028 9849.79828427798 9822.61219954138
"AWE" 24 10470.6280913724 10154.2033144241 10150.8485525121 10402.6832431139 10130.1705195714 10127.016340717
"AIC" 25 10187.4340372074 9805.61990844386 9759.40240132344 10184.7638541951 9803.85643819089 9757.93398352594
"BIC" 25 10289.7956372067 9917.01341432543 9879.82781308729 10281.1041836062 9909.22867348426 9872.33812470159
"ICL" 25 10291.4475065373 9922.82937912248 9882.17658978707 10282.8612658314 9914.81084635794 9874.90634351443
"AWE" 25 10563.8091065366 10219.222885004 10202.6020015509 10539.2015952425 10195.1830816513 10179.3104846901
"AIC" 26 10015.6634317079 9678.33058141118 9633.35360586919 10011.1537682023 9674.99419279135 9630.02389898899
"BIC" 26 10118.0250317072 9789.72408729274 9753.77901763304 10107.4940976134 9780.36642808472 9744.42804016465
"ICL" 26 10121.1783104079 9795.65601813492 9758.24291789149 10108.7134980686 9786.55463628315 9749.1220244778
"AWE" 26 10393.5399104072 10092.0495240165 10078.6683296553 10365.0538274796 10066.9268715765 10053.5261656535
"AIC" 27 10232.426652449 9945.08263082972 9890.32029714659 10231.4974379036 9944.26762071169 9889.60153956481
"BIC" 27 10334.7882524483 10056.4761367113 10010.7457089104 10327.8377673147 10049.6398560051 10004.0056807405
"ICL" 27 10339.3811807783 10063.0769975654 10017.1967705195 10332.4862605713 10056.1426612665 10010.4116054395
"AWE" 27 10611.7427807775 10359.4705034469 10337.6221822833 10588.8265899823 10336.5148965598 10314.8157466152
"AIC" 28 9874.30799179126 9624.72492782137 9580.54083987591 9874.67907199685 9625.19818477831 9581.17228462589
"BIC" 28 9976.66959179053 9736.11843370293 9700.96625163976 9971.01940140793 9730.57042007168 9695.57642580154
"ICL" 28 9977.52030546156 9748.11606307679 9709.3058415339 9971.79781799346 9742.34538712227 9704.41019895808
"AWE" 28 10249.8819054608 10044.5095689584 10029.7312532978 10228.1381474045 10022.7176224156 10008.8143401337
"AIC" 29 9976.19149369046 9686.90603674195 9655.63054569792 10049.7155039998 9949.79871388994 9655.46558103734
"BIC" 29 10078.5530936897 9798.29954262351 9776.05595746177 10146.0558334109 10055.1709491833 9769.869722213
"ICL" 29 10081.7356409936 9806.95652657288 9781.06135606922 10155.9678002246 10057.4876944382 9774.64173070509
"AWE" 29 10354.0972409929 10103.3500324544 10101.4867678331 10412.3081296357 10337.8599297316 10079.0458718807
"AIC" 30 9827.73280615533 9520.18389491778 9463.40630380191 9829.08973358198 9520.84181026233 9518.38855309283
"BIC" 30 9930.0944061546 9631.57740079934 9583.83171556576 9925.43006299306 9626.2140455557 9632.79269426849
"ICL" 30 9931.24754529166 9636.12084205789 9588.33933414274 9926.66843735179 9630.82716402828 9634.92800172101
"AWE" 30 10203.6091452909 9932.51434793945 9908.76474590659 10183.0087667629 9911.19939932165 9939.33214289667
"AIC" 31 9868.95135023306 9602.92658101579 9575.19056289542 9872.20401485694 9606.2850669727 9578.37252858539
"BIC" 31 9971.31295023233 9714.32008689735 9695.61597465927 9968.54434426802 9711.65730226607 9692.77666976105
"ICL" 31 9974.49139739412 9724.79371987372 9703.75855540217 9971.74114705636 9722.59930777522 9700.91177040711
"AWE" 31 10246.8529973934 10021.1872257553 10024.183967166 10228.0814764674 10002.9715430686 10005.3159115828
"AIC" 32 9795.70449562211 9479.2476282082 9521.30833878107 9791.89045603246 9475.47992071353 9440.06362603489
"BIC" 32 9898.06609562139 9590.64113408977 9641.73375054492 9888.23078544354 9580.8521560069 9554.46776721054
"ICL" 32 9902.83605321415 9599.26848613257 9645.17672864705 9893.08848480361 9589.48471754729 9563.04695743066
"AWE" 32 10175.1976532134 9895.66199201413 9965.6021404109 10149.4288142147 9869.85695284066 9867.45109860632
"AIC" 33 9681.06257542298 9369.59142818304 9325.9185031323 9680.77535541595 9369.41250111598 9325.72497267176
"BIC" 33 9783.42417542225 9480.9849340646 9446.34391489615 9777.11568482703 9474.78473640935 9440.12911384742
"ICL" 33 9787.82275898138 9486.52562832075 9448.69143837647 9781.5011900215 9480.45458914458 9442.50474171583
"AWE" 33 10060.1843589807 9782.91913420231 9769.11685014032 10037.8415194326 9760.82682443795 9746.90888289149
"AIC" 34 10023.877617725 9674.68703495198 9691.47410445329 10035.4057709659 9673.18728921911 9621.27770354189
"BIC" 34 10126.2392177243 9786.08054083355 9811.89951621714 10131.746100377 9778.55952451248 9735.68184471755
"ICL" 34 10127.870062117 9791.90319302132 9818.55459472575 10135.2345044469 9784.40720239669 9740.17097393769
"AWE" 34 10400.2316621162 10088.2966989029 10138.9800064896 10391.574833858 10064.7794376901 10044.5751151133
"AIC" 35 10129.29108941 9847.94929877092 9830.01920462729 10132.7870473119 9852.42804929982 9793.50476242232
"BIC" 35 10231.6526894093 9959.34280465248 9950.44461639114 10229.1273767229 9957.80028459319 9907.90890359797
"ICL" 35 10234.1676006815 9967.77425188146 9953.09329345455 10231.6853288897 9966.42621441927 9915.95514395024
"AWE" 35 10506.5292006808 10264.167757763 10273.5187052184 10488.0256583008 10246.7984497126 10220.3592851259
"AIC" 36 9740.15752483262 9486.23183341225 9445.13304402626 9736.88084967193 9482.58084479749 9441.47831611622
"BIC" 36 9842.5191248319 9597.62533929381 9565.55845579011 9833.22117908301 9587.95308009086 9555.88245729187
"ICL" 36 9844.23679840591 9601.85194538895 9568.99082512971 9834.99617866529 9592.14906973507 9559.25566155105
"AWE" 36 10116.5983984052 9898.24545127051 9889.41623689356 10091.3365080764 9872.52130502844 9863.65980272671
"AIC" 37 10029.9785571901 9701.0258221122 9645.99788756285 10028.2158959293 9699.43379765231 9644.4547769458
"BIC" 37 10132.3401571893 9812.41932799376 9766.4232993267 10124.5562253404 9804.80603294568 9758.85891812145
"ICL" 37 10134.2587554191 9821.56054709576 9771.1007459657 10126.5908877692 9813.64303701406 9763.19013020522
"AWE" 37 10406.6203554184 10117.9540529773 10091.5261577295 10382.9312171803 10094.0152723074 10067.5942713809
"AIC" 38 10168.3992571934 9839.03586780116 9787.00187511746 10165.1103702306 9835.77924990535 9783.66816937118
"BIC" 38 10270.7608571927 9950.42937368272 9907.42728688131 10261.4506996416 9941.15148519872 9898.07231054684
"ICL" 38 10271.9180259983 9958.65497159889 9914.37316526092 10262.592214944 9949.46442223206 9904.97539728966
"AWE" 38 10544.2796259976 10255.0484774804 10234.7985770248 10518.932544355 10229.8366575254 10209.3795384653
"AIC" 39 10021.1588788444 9722.0959727379 9667.11248104596 10020.1656810891 9718.95805910982 9663.93684776715
"BIC" 39 10123.5204788437 9833.48947861946 9787.53789280981 10116.5060105001 9824.33029440319 9778.3409889428
"ICL" 39 10127.5020254686 9842.29567956569 9794.40457244789 10120.3497861409 9833.06552498286 9785.11959703328
"AWE" 39 10399.8636254679 10138.6891854472 10114.8299842117 10376.690115552 10113.4377602762 10089.5237382089
"AIC" 40 10007.4342429402 9748.49266524302 9727.38749026606 10003.616760891 9744.67043356707 9723.56754453383
"BIC" 40 10109.7958429395 9859.88617112458 9847.81290202991 10099.9570903021 9850.04266886044 9837.97168570949
"ICL" 40 10113.6816346777 9870.8071335697 9854.35277145752 10103.8554867446 9860.97089344519 9844.51955819847
"AWE" 40 10386.043234677 10167.2006394513 10174.7781832214 10360.1958161557 10141.3431287386 10148.9236993741
"AIC" 41 10051.2146973323 9744.68315865535 9694.2524400579 10047.323264237 9741.68566072965 9691.4558913189
"BIC" 41 10153.5762973316 9856.07666453691 9814.67785182175 10143.6635936481 9847.05789602302 9805.86003249456
"ICL" 41 10155.8989115877 9865.56233269925 9822.83094031222 10145.94577114 9856.37990425631 9814.11727072121
"AWE" 41 10428.260511587 10161.9558385808 10143.2563520761 10402.2861005511 10136.7521395497 10118.5214118969
"AIC" 42 9886.0116564911 9950.45345362211 9543.28774558625 9884.94612412504 9587.39668670441 9541.71246396887
"BIC" 42 9988.37325649037 10061.8469595037 9663.7131573501 9981.28645353612 9692.76892199778 9656.11660514452
"ICL" 42 9992.85411910187 10062.4086819545 9671.1901666703 9985.66282177779 9700.58479508526 9663.79544017785
"AWE" 42 10265.2157191011 10358.8021878361 9991.61557843415 10242.0031511889 9980.95703037863 9968.19958135351
"AIC" 43 10070.3767854489 9749.96086304967 9697.43294402562 10069.4002491112 9750.23669769529 9697.64619009281
"BIC" 43 10172.7383854481 9861.35436893124 9817.85835578947 10165.7405785222 9855.60893298866 9812.05033126847
"ICL" 43 10176.1540917964 9874.81694639051 9828.88661882084 10169.1418504014 9869.39187840222 9823.08344091594
"AWE" 43 10448.5156917957 10171.2104522721 10149.3120305847 10425.4821798124 10149.7641136956 10127.4875820916
"AIC" 44 9997.69724668537 9721.29593908424 9710.41903160871 9994.68470909483 10025.646884461 9707.39898904206
"BIC" 44 10100.0588466846 9832.6894449658 9830.84444337256 10091.0250385059 10131.0191197544 9821.80313021772
"ICL" 44 10101.236393421 9841.62940320583 9832.09015545701 10092.2007872981 10132.9425106122 9823.05736076444
"AWE" 44 10373.5979934202 10138.0229090874 10152.5155672209 10348.5411167092 10413.3147459056 10127.4615019401
"AIC" 45 9836.8057770193 9557.14854321748 9520.10738614481 9832.86353733003 9553.15956779162 9516.11928705387
"BIC" 45 9939.16737701858 9668.54204909905 9640.53279790866 9929.20386674111 9658.53180308498 9630.52342822953
"ICL" 45 9939.7885109703 9673.70804056976 9645.67955618081 9929.83729333542 9663.70072116449 9635.66548567729
"AWE" 45 10212.1501109696 9970.10154645132 9966.10496794466 10186.1776227465 9944.07295645786 9940.06962685295
"AIC" 46 10195.7204389603 9818.72562089911 9761.54933648587 10199.3938629908 9821.08893499499 9764.1158084901
"BIC" 46 10298.0820389596 9930.11912678067 9881.97474824972 10295.7341924019 9926.46117028836 9878.51994966576
"ICL" 46 10300.3167476172 9942.76988060198 9892.30082555019 10297.6763282938 9940.10739500664 9889.40645804796
"AWE" 46 10572.6783476164 10239.1633864835 10212.726237314 10554.0166577048 10220.4796303 10193.8105992236
"AIC" 47 10055.3506747808 9652.07616856435 9601.32661199783 10077.3266018772 9648.44496369749 9697.70100841491
"BIC" 47 10157.7122747801 9763.46967444591 9721.75202376168 10173.6669312883 9753.81719899086 9812.10514959057
"ICL" 47 10160.1470294671 9768.81818850956 9723.44935263671 10174.1835451485 9759.15101705936 9813.38280044525
"AWE" 47 10432.5086294663 10065.2116943911 10043.8747644006 10430.5238745596 10039.5232523527 10117.7869416209
"AIC" 48 9938.49174299567 9653.17847363692 9670.10362038582 9937.6372723144 9650.98468948185 9609.0250997551
"BIC" 48 10040.8533429949 9764.57197951848 9790.52903214967 10033.9776017255 9756.35692477522 9723.42924093076
"ICL" 48 10046.4288113114 9771.12060702496 9793.61587362706 10039.8093639609 9762.77439363966 9728.36814512648
"AWE" 48 10318.7904113107 10067.5141129065 10114.0412853909 10296.149693372 10043.146628933 10032.7722863021
"AIC" 49 10364.7442150375 10080.4471342771 9689.39636203051 10103.5012470775 9734.64928744872 9687.70332397725
"BIC" 49 10467.1058150367 10191.8406401586 9809.82177379436 10199.8415764886 9840.02152274209 9802.10746515291
"ICL" 49 10467.3279705435 10192.7708600647 9815.16092522298 10202.7246365093 9847.29505420204 9807.36344012658
"AWE" 49 10739.6895705428 10489.1643659463 10135.5863369868 10459.0649659203 10127.6672894954 10111.7675813022
"AIC" 50 10068.0679721954 9713.76864587947 9715.83997793249 10066.4247501667 9712.63424205086 9714.42266233785
"BIC" 50 10170.4295721947 9825.16215176103 9836.26538969634 10162.7650795778 9818.00647734423 9828.82680351351
"ICL" 50 10172.145907097 9834.71580137564 9840.08957614448 10164.5181120295 9827.86730875832 9832.1905200587
"AWE" 50 10444.5075070962 10131.1093072572 10160.5149879083 10420.8584414406 10108.2395440517 10136.5946612344
"AIC" 51 10013.2150690767 9669.23136910553 9623.21229331867 10012.3869696395 9668.44538256806 9622.29943665822
"BIC" 51 10115.5766690759 9780.6248749871 9743.63770508252 10108.7272990505 9773.81761786143 9736.70357783388
"ICL" 51 10119.6458073784 9792.42776039319 9751.36665556425 10112.9181897733 9785.81793851017 9744.57456415175
"AWE" 51 10392.0074073777 10088.8212662748 10071.7920673281 10369.2585191844 10066.1901738035 10048.9787053274
"AIC" 52 10097.3335099796 9748.69502896821 9695.82574163558 10096.6920827829 9746.44331767781 9693.5769686698
"BIC" 52 10199.6951099789 9860.08853484978 9816.25115339943 10193.032412194 9851.81555297118 9807.98110984546
"ICL" 52 10203.8149104641 9866.96909699092 9821.70411109258 10197.3376254796 9858.70313270466 9813.47913958948
"AWE" 52 10476.1765104633 10163.3626028725 10142.1295228564 10453.6779548907 10139.075367998 10117.8832807651
"AIC" 53 10002.4391834601 9699.82255548563 9647.85421512704 9998.64666612562 9696.04971999609 9644.0477402513
"BIC" 53 10104.8007834593 9811.2160613672 9768.27962689089 10094.9869955367 9801.42195528946 9758.45188142696
"ICL" 53 10107.565945246 9820.37238648146 9773.08785478449 10097.7287726647 9810.62774344736 9763.27630479784
"AWE" 53 10379.9275452453 10116.765892363 10093.5132665483 10354.0691020758 10090.9999787407 10067.6804459735
"AIC" 54 10289.6828152652 9949.67492618286 9905.13128721483 10285.68409742 9945.82403659772 9901.2961700394
"BIC" 54 10392.0444152645 10061.0684320644 10025.5566989787 10382.0244268311 10051.1962718911 10015.7003112151
"ICL" 54 10397.942611329 10071.5702198989 10033.4525015302 10387.850588339 10061.7202519978 10023.5667011074
"AWE" 54 10670.3042113283 10367.9637257804 10353.877913294 10644.1909177501 10342.0924872911 10327.9708422831
"AIC" 55 9675.03447587046 9439.84137260594 9404.07374387079 9675.23050140642 9438.9528277935 9403.31861140527
"BIC" 55 9777.39607586973 9551.2348784875 9524.49915563464 9771.5708308175 9544.32506308687 9517.72275258092
"ICL" 55 9778.68074622397 9556.06681332158 9529.74214517613 9772.92202661386 9548.93914099608 9522.95093620964
"AWE" 55 10051.0423462232 9852.46031920315 9850.16755693998 10029.2623560249 9829.31137628945 9827.3550773853
"AIC" 56 10123.1330173171 9807.58998869118 9771.06011973775 10119.8206162189 9804.94550259745 9768.33812978665
"BIC" 56 10225.4946173164 9918.98349457275 9891.4855315016 10216.16094563 9910.31773789082 9882.74227096231
"ICL" 56 10230.2430613153 9927.80222517775 9898.0180603244 10220.8041637121 9919.32609392893 9889.27251452607
"AWE" 56 10502.6046613145 10224.1957310593 10218.4434720883 10477.1444931232 10199.6983292223 10193.6766557017
"AIC" 57 10162.9995944514 9784.29743852048 9736.84323224865 10160.2665425027 9781.2044928938 9733.76608194983
"BIC" 57 10265.3611944507 9895.69094440204 9857.2686440125 10256.6068719138 9886.57672818717 9848.17022312549
"ICL" 57 10267.4413547191 9903.26478863478 9864.39139319511 10258.8846700076 9894.26634843332 9855.31731948256
"AWE" 57 10539.8029547184 10199.6582945163 10184.816804959 10515.2249994187 10174.6385837267 10159.7214606582
"AIC" 58 9908.69259994015 9637.60376593075 9591.37624938322 9905.01773128994 9633.77310548273 9587.55958131419
"BIC" 58 10011.0541999394 9748.99727181231 9711.80166114707 10001.358060701 9739.1453407761 9701.96372248985
"ICL" 58 10014.2079996046 9752.82729657136 9715.29280921878 10004.5051408865 9743.00169672777 9705.43940938265
"AWE" 58 10286.5695996039 10049.2208024529 10035.7182209826 10260.8454702975 10023.3739320211 10009.8435505583
"AIC" 59 10212.3052742048 9927.70998518737 9886.75220808646 10209.2528751582 9923.7243053778 9882.75335882943
"BIC" 59 10314.6668742041 10039.1034910689 10007.1776198503 10305.5932045692 10029.0965406712 9997.15750000508
"ICL" 59 10317.1110433077 10047.6104522371 10012.67976911 10308.2427498004 10037.6185545221 10002.654228265
"AWE" 59 10589.472643307 10344.0039581187 10333.1051808738 10564.5830792114 10317.9907898155 10307.0583694406
"AIC" 60 9852.77778154751 9511.09932025221 9458.20597621493 9855.06247680041 9513.29929380438 9460.41777643517
"BIC" 60 9955.13938154679 9622.49282613377 9578.63138797878 9951.40280621149 9618.67152909775 9574.82191761083
"ICL" 60 9957.24474762019 9631.83676546754 9586.35445963612 9953.55927806503 9628.01441485173 9582.50954998205
"AWE" 60 10229.6063476195 9928.2302713491 9906.77987139997 10209.8996074761 9908.3866501451 9886.91369115771
"AIC" 61 9907.25094740346 9571.77201805402 9541.12461322648 9906.06300203411 9571.76807673215 9539.94710074325
"BIC" 61 10009.6125474027 9683.16552393558 9661.55002499033 10002.4033314452 9677.14031202552 9654.3512419189
"ICL" 61 10010.934794171 9691.62555678103 9662.66759362638 10003.7792690523 9686.19090127509 9655.501150187
"AWE" 61 10283.2963941703 9988.0190626626 9983.09300539023 10260.1195984634 9966.56313656846 9959.90529136266
"AIC" 62 10022.7253787597 9673.67282672227 9618.42866746824 10020.2546347108 9670.39520013002 9615.0845812186
"BIC" 62 10125.086978759 9785.06633260383 9738.85407923209 10116.5949641218 9775.76743542339 9729.48872239426
"ICL" 62 10126.3357693254 9788.80750242238 9743.83009793584 10117.9325798439 9779.60310026848 9734.51266431856
"AWE" 62 10398.6973693247 10085.2010083039 10064.2555096997 10374.272909255 10059.9753355618 10038.9168054942
"AIC" 63 10093.8493240207 9835.9129559429 9787.39364788728 10089.9077280254 9832.01418888172 9783.45764720185
"BIC" 63 10196.21092402 9947.30646182446 9907.81905965113 10186.2480574365 9937.38642417509 9897.8617883775
"ICL" 63 10201.4400899206 9957.57922232157 9917.44836040944 10191.4691029694 9947.59162461845 9907.50695482037
"AWE" 63 10473.8016899199 10253.9727282031 10237.8737721733 10447.8094323804 10227.9638599118 10211.911095996
"AIC" 64 10184.7247952667 9934.64488961535 9870.60064663261 10181.8375825466 9932.5349665931 9868.69796714101
"BIC" 64 10287.086395266 10046.0383954969 9991.02605839646 10278.1779119577 10037.9072018865 9983.10210831667
"ICL" 64 10287.5329114382 10052.7883290974 9996.86909425791 10278.6189326831 10044.5708189166 9988.83871250193
"AWE" 64 10559.8945114375 10349.181834979 10317.2945060218 10534.9592620941 10324.9430542099 10293.2428536776
"AIC" 65 10207.2553149705 9873.82884599816 9837.98292333418 10203.6337198184 10226.8794175872 9834.36973033059
"BIC" 65 10309.6169149697 9985.22235187972 9958.40833509803 10299.9740492295 10332.2516528805 9948.77387150624
"ICL" 65 10311.5675860106 10000.1788872121 9966.48042478747 10301.9919939282 10334.0542760341 9956.96141109533
"AWE" 65 10583.9291860099 10296.5723930937 10286.9058365513 10558.3323233393 10614.4265113275 10261.365552271
"AIC" 66 9990.22043452882 9772.71330603896 9763.76056284057 9988.17755336625 9770.0413939981 9761.82524920591
"BIC" 66 10092.5820345281 9884.10681192053 9884.18597460442 10084.5178827773 9875.41362929146 9876.22939038156
"ICL" 66 10095.3908186284 9891.50452963535 9887.18652173365 10087.4781021594 9882.75965211274 9879.21452607574
"AWE" 66 10367.7524186277 10187.8980355169 10207.6119334975 10343.8184315705 10163.1318874061 10183.6186672514
"AIC" 67 10051.3677103917 9721.03813055873 9668.03600421362 10048.356441695 9717.9348075888 9665.15229471929
"BIC" 67 10153.729310391 9832.43163644029 9788.46141597747 10144.6967711061 9823.30704288216 9779.55643589495
"ICL" 67 10154.9227874271 9839.57671662477 9795.72677761212 10146.020027362 9830.26855719168 9786.62345171765
"AWE" 67 10427.2843874264 10135.9702225063 10116.152189376 10402.3603567731 10110.640792485 10091.0275928933
"AIC" 68 10056.5141157221 9729.25132459685 9672.20959653718 10054.2667090732 9726.77728541664 9669.68671004771
"BIC" 68 10158.8757157213 9840.64483047841 9792.63500830103 10150.6070384843 9832.14952071001 9784.09085122337
"ICL" 68 10163.5292274257 9847.99319688659 9797.23832944059 10155.2997307434 9839.33211148627 9788.68772929629
"AWE" 68 10435.890827425 10144.3867027681 10117.6637412044 10411.6400601545 10119.7043467796 10093.091870472
"AIC" 69 10044.5621585062 9738.30993863842 9694.25876434093 10042.8129162472 9738.18958159874 9693.56123516463
"BIC" 69 10146.9237585055 9849.70344451999 9814.68417610478 10139.1532456583 9843.56181689211 9807.96537634029
"ICL" 69 10151.8225589474 9859.03057229587 9822.84895047263 10144.1707737332 9853.01054245875 9815.90174550345
"AWE" 69 10424.1841589467 10155.4240781774 10143.2743622365 10400.5111031442 10133.3827777521 10120.3058866791
"AIC" 70 9836.44564898706 9589.17260229419 9576.57624153044 9832.44909080289 9585.37854053813 9572.57923833436
"BIC" 70 9938.80724898633 9700.56610817575 9697.00165329429 9928.78942021397 9690.7507758315 9686.98337951001
"ICL" 70 9940.23038699707 9710.30252759645 9698.29016695871 9930.21105108628 9700.62312086501 9688.27230812916
"AWE" 70 10212.5919869963 10006.696033478 10018.7155787226 10186.5513804974 9980.99535615838 9992.67644930482
"AIC" 71 9683.35144691352 9421.89371785633 9382.00941994393 9681.03729096544 9422.65938003886 9382.47600500973
"BIC" 71 9785.71304691279 9533.2872237379 9502.43483170778 9777.37762037652 9528.03161533223 9496.88014618539
"ICL" 71 9789.43193382615 9541.15443205972 9510.28153847252 9781.16037560431 9535.52458018613 9505.24754587086
"AWE" 71 10061.7935338254 9837.54793794128 9830.70695023637 10037.5007050154 9815.8968154795 9809.65168704652
"AIC" 72 10042.5153020773 9725.46123684587 9691.70935450617 10039.2531450719 9722.24953824501 9688.48299206718
"BIC" 72 10144.8769020765 9836.85474272743 9812.13476627002 10135.593474483 9827.62177353838 9802.88713324284
"ICL" 72 10149.0098419324 9842.80297374417 9817.58265139927 10139.734662568 9833.54663901551 9808.2942884453
"AWE" 72 10421.3714419317 10139.1964796257 10138.0080631631 10396.0749919791 10113.9188743089 10112.698429621
"AIC" 73 10083.6309922931 9793.40280711029 9786.10802533737 10449.8529184851 10151.0549372306 9738.27539659
"BIC" 73 10185.9925922923 9904.79631299185 9906.53343710122 10546.1932478962 10256.427172524 9852.67953776566
"ICL" 73 10188.0289874551 9916.21344956661 9908.57652210455 10549.8965015646 10261.285882115 9861.09668255987
"AWE" 73 10460.3905874544 10212.6069554482 10229.0019338684 10806.2368309757 10541.6581174084 10165.5008237355
"AIC" 74 9902.29896007364 9598.94872448466 9542.66092288155 9900.30273527251 9596.98876992677 9540.64590868123
"BIC" 74 10004.6605600729 9710.34223036622 9663.0863346454 9996.64306468359 9702.36100522014 9655.05004985689
"ICL" 74 10007.9188652798 9717.46834824884 9666.50681542313 9999.93541194096 9709.55421528066 9658.53351838929
"AWE" 74 10280.2804652791 10013.8618541304 9986.93222718698 10256.275741352 9989.92645057403 9962.93765956495
"AIC" 75 9686.33294988858 9456.99671180974 9467.7637875119 9693.32783281441 9458.2220795728 9402.87365360452
"BIC" 75 9788.69454988785 9568.39021769131 9588.18919927575 9789.66816222549 9563.59431486617 9517.27779478018
"ICL" 75 9791.66312213197 9574.79670291365 9590.05584462091 9792.47607933743 9569.65265129636 9524.24802456765
"AWE" 75 10064.0247221312 9871.19020879521 9910.48125638476 10048.8164087485 9850.02488658973 9828.65216574331
"AIC" 76 9929.0052310368 9621.28761072684 9576.96946570358 9925.30339859685 9617.58793374685 9573.29729919897
"BIC" 76 10031.3668310361 9732.6811166084 9697.39487746743 10021.6437280079 9722.96016904022 9687.70144037463
"ICL" 76 10037.2936336568 9737.77266882807 9702.69321455191 10027.5335647764 9728.04257026119 9692.99995043866
"AWE" 76 10309.6552336561 10034.1661747096 10023.1186263158 10283.8738941875 10008.4148055546 9997.40409161432
"AIC" 77 9927.62218952326 9483.55061578483 9414.91256148552 9928.19748489015 9483.02523851979 9414.07853213138
"BIC" 77 10029.9837895225 9594.94412166639 9535.33797324937 10024.5378143012 9588.39747381316 9528.48267330704
"ICL" 77 10034.8967146842 9605.26467723291 9539.83150830988 10029.5011436367 9598.05883917075 9532.58827058734
"AWE" 77 10307.2583146835 9901.65818311447 9860.25692007373 10285.8414730478 9878.43107446412 9836.992411763
"AIC" 78 9815.39861429384 9546.06559198864 9497.49835839966 9873.30061919325 9547.74503461263 9499.21978034511
"BIC" 78 9917.76021429311 9657.4590978702 9617.92377016351 9969.64094860432 9653.117269906 9613.62392152077
"ICL" 78 9925.22495358824 9664.3307631072 9622.77811949057 9972.67307940996 9660.16775557809 9618.47340676712
"AWE" 78 10197.5865535875 9960.72426898876 9943.20353125442 10229.013408821 9940.53999087146 9922.87754794277
"AIC" 79 9816.00167753744 9565.66216912202 9526.70319640017 9815.55644275224 9564.39835109557 9525.56566544873
"BIC" 79 9918.36327753671 9677.05567500358 9647.12860816402 9911.89677216332 9669.77058638894 9639.96980662439
"ICL" 79 9920.74793164429 9685.72732858625 9654.32284286256 9914.43846060426 9678.47260038897 9647.13421651921
"AWE" 79 10193.1095316436 9982.12083446781 9974.74825462641 10170.7787900153 9958.84483568234 9951.53835769486
"AIC" 80 9862.04999439374 9544.42603142097 9476.77055585532 9858.51914681483 9872.30324187256 9473.90341496525
"BIC" 80 9964.41159439302 9655.81953730253 9597.19596761917 9954.85947622591 9977.67547716593 9588.30755614091
"ICL" 80 9969.58170113704 9662.45843107546 9601.73713994504 9960.04502014225 9984.74522761043 9592.79325355314
"AWE" 80 10241.9433011363 9958.85193695702 9922.16255170889 10216.3853495533 10265.1174629038 9897.1973947288
"AIC" 81 10099.757711513 9785.56624762069 9723.38794132005 10084.0946489954 9783.80460883201 9788.20125581309
"BIC" 81 10202.1193115122 9896.95975350225 9843.8133530839 10180.4349784065 9889.17684412538 9902.60539698875
"ICL" 81 10205.8166280048 9903.55662817565 9849.27972338938 10181.4363237028 9895.69069987385 9904.83164780118
"AWE" 81 10478.1782280041 10199.9501340572 10169.7051351532 10437.7766531138 10176.0629351672 10209.2357889768
"AIC" 82 9788.79328899611 9458.96520508392 9484.03107651829 9786.06825887542 9456.97156819165 9388.54805501723
"BIC" 82 9891.15488899538 9570.35871096549 9604.45648828215 9882.4085882865 9562.34380348502 9502.95219619289
"ICL" 82 9893.94748502607 9579.00870435588 9607.22588516797 9884.9932208192 9571.32611844823 9509.7137208027
"AWE" 82 10166.3090850253 9875.40221023744 9927.65129693182 10141.3335502303 9851.6983537416 9814.11786197835
"AIC" 83 9923.66407789374 9561.53360272686 9509.49756495296 9924.48074640532 9562.30508934728 9510.21610734261
"BIC" 83 10026.025677893 9672.92710860842 9629.92297671681 10020.8210758164 9667.67732464065 9624.62024851826
"ICL" 83 10031.285573918 9680.28946349318 9635.24535644389 10026.1854904801 9674.86779707702 9629.9362225571
"AWE" 83 10303.6471739173 9976.68296937474 9955.67076820774 10282.5258198912 9955.24003237039 9934.34036373276
"AIC" 84 9681.46120631197 9413.59846532561 9424.29691110891 9668.02641966651 9413.00992194256 9367.02259946166
"BIC" 84 9783.82280631124 9524.99197120718 9544.72232287276 9764.36674907759 9518.38215723593 9481.42674063731
"ICL" 84 9785.87999182654 9529.36421249046 9548.89610986433 9765.65309215097 9522.66868525882 9486.55127096546
"AWE" 84 10058.2415918258 9825.75771837202 9869.32152162818 10021.993421562 9803.04092055219 9790.95541214111
"AIC" 85 10302.4047430854 10006.5489376987 9947.51025201364 10301.9223489517 10003.8307734824 9944.98935500206
"BIC" 85 10404.7663430847 10117.9424435803 10067.9356637775 10398.2626783627 10109.2030087758 10059.3934961777
"ICL" 85 10406.0281325735 10127.3721332661 10073.8168443106 10399.6435851277 10118.218178419 10065.2921933289
"AWE" 85 10678.3897325728 10423.7656391476 10394.2422560744 10655.9839145388 10398.5904137123 10369.6963345045
"AIC" 86 10126.2406236677 9793.67855506869 9738.57466062297 10122.5089987018 9790.23640322529 9735.21905789058
"BIC" 86 10228.602223667 9905.07206095026 9859.00007238682 10218.8493281128 9895.60863851866 9849.62319906623
"ICL" 86 10232.9342864807 9918.50904138557 9866.80311523834 10223.1568794307 9909.31102102758 9857.73158988897
"AWE" 86 10505.2958864799 10214.9025472671 10187.2285270022 10479.4972088418 10189.683256321 10162.1357310646
"AIC" 87 9983.26106778581 9687.03477486355 9640.07811787311 9984.38162252116 9685.69179425241 9638.59769859183
"BIC" 87 10085.6226677851 9798.42828074512 9760.50352963696 10080.7219519322 9791.06402954578 9753.00183976748
"ICL" 87 10087.6302527232 9806.43003175523 9768.09267285651 10082.9728882618 9798.83028693824 9760.56976721673
"AWE" 87 10359.9918527225 10102.8235376368 10088.5180846204 10339.3132176729 10079.2025222316 10064.9739083924
"AIC" 88 10029.9215941102 9684.55247643483 9634.74485527899 10028.4246979673 9682.03075710077 9632.24225572266
"BIC" 88 10132.2831941095 9795.9459823164 9755.17026704284 10124.7650273784 9787.40299239414 9746.64639689832
"ICL" 88 10134.0889766058 9804.60556788237 9761.26619616965 10126.5901329306 9795.96254360346 9752.60925529628
"AWE" 88 10406.450576605 10100.9990737639 10081.6916079335 10382.9304623417 10076.3347788968 10057.0133964719
"AIC" 89 9980.14325790587 9637.32135976666 9585.75870389663 9977.12364443798 9634.46454740253 9582.82551663691
"BIC" 89 10082.5048579051 9748.71486564822 9706.18411566048 10073.4639738491 9739.8367826959 9697.22965781257
"ICL" 89 10085.1499508108 9752.97264830778 9709.65077801914 10076.1812860792 9744.15330509145 9700.7206415078
"AWE" 89 10357.51155081 10049.3661541893 10030.076189783 10332.5216154903 10024.5255403848 10005.1247826835
"AIC" 90 10156.8808607999 9756.51968856268 9696.67726228108 10153.6347470609 9752.99159072394 9693.1638110539
"BIC" 90 10259.2424607991 9867.91319444424 9817.10267404493 10249.975076472 9858.36382601731 9807.56795222956
"ICL" 90 10263.5999225545 9875.15598592126 9822.22424111775 10254.4593168381 9865.6134839246 9812.67518322279
"AWE" 90 10535.9615225538 10171.5494918028 10142.6496528816 10510.7996462492 10145.985719218 10117.0793243984
"AIC" 91 10181.727357743 9816.04922023449 9750.77365341662 10178.9998387408 9813.54029499903 10213.7429169603
"BIC" 91 10284.0889577423 9927.44272611605 9871.19906518047 10275.3401681519 9918.9125302924 10328.147058136
"ICL" 91 10288.7118629978 9933.52566009852 9873.50857674668 10280.0477725931 9925.07492587116 10330.4518573124
"AWE" 91 10561.0734629971 10229.9191659801 10193.9339885105 10536.3881020042 10205.4471611645 10634.855998488
"AIC" 92 10078.1014958495 9797.39283647574 9750.43096714501 10076.4847689201 9795.69226181386 9748.51861278399
"BIC" 92 10180.4630958487 9908.7863423573 9870.85637890886 10172.8250983312 9901.06449710723 9862.92275395965
"ICL" 92 10184.3538091267 9919.58064167547 9879.4127758028 10176.2293040221 9911.6590408113 9871.34107796333
"AWE" 92 10456.7154091259 10215.974147557 10199.8381875667 10432.5696334332 10192.0312761047 10175.745219139
"AIC" 93 9955.82067407094 9624.57108093081 9566.70417571253 9956.19534406431 9625.30608876825 9567.16162722746
"BIC" 93 10058.1822740702 9735.96458681237 9687.12958747638 10052.5356734754 9730.67832406162 9681.56576840312
"ICL" 93 10062.2414681623 9749.29959594367 9695.1994061566 10056.5646715891 9744.23613377569 9689.42713489132
"AWE" 93 10334.6030681616 10045.6931018252 10015.6248179204 10312.9050010001 10024.6083690691 9993.83127606698
"AIC" 94 9998.8265956847 9663.40986678352 9587.7224398093 10002.4927066857 9669.81806234491 9594.38343439149
"BIC" 94 10101.188195684 9774.80337266508 9708.14785157315 10098.8330360968 9775.19029763828 9708.78757556715
"ICL" 94 10103.7145721499 9785.52404247447 9718.59734222244 10101.931780514 9786.60570748591 9720.02187761212
"AWE" 94 10376.0761721492 10081.917548356 10039.0227539863 10358.2721099251 10066.9779427793 10024.4260187878
"AIC" 95 10450.2815377464 10038.5570143238 9987.98505002545 10445.3991465222 10038.2143850341 9987.26338898236
"BIC" 95 10552.6431377457 10149.9505202054 10108.4104617893 10541.7394759333 10143.5866203275 10101.667530158
"ICL" 95 10555.543960055 10156.5299686111 10114.4144557463 10543.9993629058 10150.3051062232 10107.5426289018
"AWE" 95 10827.9055600543 10452.9234744927 10434.8398675101 10800.3396923169 10430.6773415166 10411.9467700775
"AIC" 96 10232.5378960153 9881.66499368139 9814.52470965919 10246.7191676246 9878.3969952616 9811.12324556969
"BIC" 96 10334.8994960146 9993.05849956295 9934.95012142304 10343.0594970356 9983.76923055497 9925.52738674535
"ICL" 96 10338.6344651521 10001.7413764513 9940.92258276443 10345.6684832862 9992.48013796432 9931.59025638123
"AWE" 96 10610.9960651513 10298.1348823329 10261.3479945283 10602.0088126972 10272.8523732577 10235.9943975569
"AIC" 97 10073.2587485019 9670.44236994665 9605.52821305246 10069.5332594973 9666.63951208408 9601.73864039053
"BIC" 97 10175.6203485011 9781.83587582821 9725.95362481631 10165.8735889084 9772.01174737745 9716.14278156619
"ICL" 97 10177.9878790015 9787.832535273 9730.51026791871 10168.2589876449 9778.01934301407 9720.72768917304
"AWE" 97 10450.3494790008 10084.2260411546 10050.9356796826 10424.599317056 10058.3915783074 10025.1318303487
"AIC" 98 10201.9070547772 9907.99054802667 9875.34435356226 10249.9416108843 9909.42429521004 9877.41380917979
"BIC" 98 10304.2686547765 10019.3840539082 9995.76976532611 10346.2819402954 10014.7965305034 9991.81795035545
"ICL" 98 10307.3428295553 10029.01510366 10002.7164592743 10351.3550122986 10025.4890296936 9999.27358390895
"AWE" 98 10579.7044295546 10325.4086095416 10323.1418710382 10607.6953417096 10305.861264987 10303.6777250846
"AIC" 99 9906.11492615887 9568.59663433375 9523.96106187615 9907.05279958365 9570.97832037781 9526.07489718894
"BIC" 99 10008.4765261581 9679.99014021531 9644.38647364 10003.3931289947 9676.35055567118 9640.47903836459
"ICL" 99 10013.0573785863 9688.22673318405 9652.56805235344 10007.2179760096 9685.47893475871 9649.26855946396
"AWE" 99 10285.4189785856 9984.62023906561 9972.99346411729 10263.5583054207 9965.85117005208 9953.67270063961
"AIC" 100 10003.7988832405 9681.20941075338 9649.5975585502 10000.3655997429 9678.38110280232 9646.80600432063
"BIC" 100 10106.1604832398 9792.60291663494 9770.02297031405 10096.7059291539 9783.75333809569 9761.21014549629
"ICL" 100 10109.9771098591 9799.45163401209 9774.59967732644 10100.4553886837 9790.65405107442 9765.91933943321
"AWE" 100 10382.3387098584 10095.8451398937 10095.0250890903 10356.7957180947 10071.0262863678 10070.3234806089
