"CCR" 1 0.906666666666667 0.973333333333333 1 0.92 0.973333333333333 0.92
"ARI" 1 0.75596555426518 0.921157773239812 1 0.785167590393244 0.921157773239812 0.785167590393244
"CCR" 2 0.906666666666667 1 1 0.92 1 1
"ARI" 2 0.767691864774307 1 1 0.795269864356404 1 1
"CCR" 3 0.946666666666667 0.946666666666667 0.946666666666667 0.706666666666667 0.946666666666667 0.946666666666667
"ARI" 3 0.849836779107726 0.849836779107726 0.849836779107726 0.560643710681802 0.849836779107726 0.849836779107726
"CCR" 4 0.893333333333333 0.986666666666667 0.986666666666667 0.893333333333333 0.986666666666667 0.986666666666667
"ARI" 4 0.737399685641285 0.960578816618692 0.960578816618692 0.737399685641285 0.960578816618692 0.960578816618692
"CCR" 5 0.946666666666667 0.96 1 0.946666666666667 0.96 1
"ARI" 5 0.846917397014757 0.881804242269359 1 0.846917397014757 0.881804242269359 1
"CCR" 6 1 1 1 1 1 1
"ARI" 6 1 1 1 1 1 1
"CCR" 7 1 1 1 1 1 1
"ARI" 7 1 1 1 1 1 1
"CCR" 8 0.893333333333333 0.973333333333333 0.893333333333333 0.893333333333333 0.96 1
"ARI" 8 0.75447223755073 0.929143700753131 0.75447223755073 0.75447223755073 0.896368984602772 1
"CCR" 9 0.92 0.973333333333333 0.973333333333333 0.92 0.986666666666667 0.973333333333333
"ARI" 9 0.762007555315704 0.915609547423886 0.915609547423886 0.762007555315704 0.959718204526425 0.915609547423886
"CCR" 10 0.973333333333333 0.986666666666667 1 0.84 0.986666666666667 1
"ARI" 10 0.927095927823541 0.95595245586317 1 0.565625671589342 0.95595245586317 1
"CCR" 11 0.96 0.96 0.96 0.96 0.96 0.96
"ARI" 11 0.879789734808066 0.879789734808066 0.879789734808066 0.879789734808066 0.879789734808066 0.879789734808066
"CCR" 12 1 1 1 0.946666666666667 1 1
"ARI" 12 1 1 1 0.855950619730872 1 1
"CCR" 13 0.946666666666667 1 1 0.946666666666667 1 1
"ARI" 13 0.866604403943153 1 1 0.866604403943153 1 1
"CCR" 14 0.933333333333333 0.973333333333333 0.973333333333333 0.933333333333333 0.933333333333333 0.973333333333333
"ARI" 14 0.815108889291692 0.927082343748601 0.927082343748601 0.815108889291692 0.815108889291692 0.927082343748601
"CCR" 15 0.893333333333333 0.706666666666667 0.706666666666667 0.893333333333333 0.986666666666667 0.986666666666667
"ARI" 15 0.733205612823952 0.561734795476238 0.542053451373641 0.733205612823952 0.960757949019509 0.960757949019509
"CCR" 16 0.946666666666667 0.96 0.96 0.973333333333333 0.96 0.96
"ARI" 16 0.851207223365636 0.887624524175913 0.887624524175913 0.923063854788446 0.887624524175913 0.886842119931365
"CCR" 17 0.906666666666667 0.973333333333333 0.92 0.906666666666667 0.973333333333333 1
"ARI" 17 0.732098065210158 0.914101690282496 0.764576029087132 0.732098065210158 0.914101690282496 1
"CCR" 18 0.706666666666667 0.706666666666667 0.986666666666667 0.986666666666667 0.986666666666667 0.986666666666667
"ARI" 18 0.590137826711365 0.584813051582511 0.961477332840275 0.961477332840275 0.961477332840275 0.961477332840275
"CCR" 19 0.666666666666667 0.653333333333333 0.946666666666667 0.946666666666667 0.946666666666667 0.946666666666667
"ARI" 19 0.459384994925689 0.415719428352522 0.834475721214488 0.834475721214488 0.834475721214488 0.834475721214488
"CCR" 20 1 1 1 1 1 1
"ARI" 20 1 1 1 1 1 1
"CCR" 21 0.933333333333333 0.986666666666667 0.986666666666667 0.933333333333333 0.986666666666667 0.986666666666667
"ARI" 21 0.838636428393243 0.96420748752392 0.96420748752392 0.838636428393243 0.96420748752392 0.96420748752392
"CCR" 22 0.96 0.96 0.986666666666667 0.986666666666667 0.986666666666667 0.96
"ARI" 22 0.88287075684954 0.88287075684954 0.959122863561988 0.959122863561988 0.959122863561988 0.88287075684954
"CCR" 23 0.986666666666667 0.986666666666667 0.986666666666667 0.893333333333333 0.986666666666667 0.986666666666667
"ARI" 23 0.960646531399459 0.960646531399459 0.960646531399459 0.726986949117151 0.960646531399459 0.960646531399459
"CCR" 24 0.946666666666667 0.986666666666667 0.986666666666667 0.973333333333333 0.986666666666667 0.986666666666667
"ARI" 24 0.834077283420837 0.955607658082548 0.955607658082548 0.91330773930188 0.955607658082548 0.955607658082548
"CCR" 25 0.92 1 1 0.92 1 1
"ARI" 25 0.795269864356404 1 1 0.795269864356404 1 1
"CCR" 26 0.84 0.986666666666667 0.986666666666667 0.84 0.986666666666667 0.986666666666667
"ARI" 26 0.67391905404845 0.96458088874102 0.96458088874102 0.67391905404845 0.96458088874102 0.96458088874102
"CCR" 27 0.92 0.906666666666667 0.92 0.92 0.906666666666667 0.92
"ARI" 27 0.780140570872927 0.743015035798746 0.783431793135089 0.780140570872927 0.743015035798746 0.780140570872927
"CCR" 28 0.88 0.96 0.893333333333333 0.88 0.96 0.96
"ARI" 28 0.68926752499166 0.880300715093544 0.734746619199659 0.68926752499166 0.880300715093544 0.880300715093544
"CCR" 29 1 1 1 1 1 1
"ARI" 29 1 1 1 1 1 1
"CCR" 30 0.973333333333333 1 0.986666666666667 0.96 1 0.986666666666667
"ARI" 30 0.919434143250994 1 0.954395122332363 0.883266862383242 1 0.954395122332363
"CCR" 31 0.946666666666667 0.986666666666667 0.986666666666667 0.96 0.986666666666667 1
"ARI" 31 0.855525122442622 0.957015711075436 0.957015711075436 0.900829997643686 0.957015711075436 1
"CCR" 32 0.906666666666667 0.946666666666667 0.973333333333333 0.906666666666667 0.946666666666667 0.906666666666667
"ARI" 32 0.737935130946381 0.842856055793179 0.919791111811102 0.737935130946381 0.842856055793179 0.737935130946381
"CCR" 33 0.946666666666667 0.986666666666667 0.986666666666667 0.946666666666667 0.986666666666667 0.933333333333333
"ARI" 33 0.827399731165147 0.96658794551556 0.96658794551556 0.827399731165147 0.96658794551556 0.791366435779429
"CCR" 34 0.96 1 1 0.96 1 1
"ARI" 34 0.889596693607193 1 1 0.889596693607193 1 1
"CCR" 35 0.92 0.946666666666667 0.933333333333333 0.92 0.946666666666667 0.946666666666667
"ARI" 35 0.781012181454854 0.852040828154086 0.819908260294325 0.781012181454854 0.852040828154086 0.852040828154086
"CCR" 36 0.946666666666667 0.973333333333333 0.986666666666667 0.946666666666667 0.973333333333333 0.986666666666667
"ARI" 36 0.836741544648203 0.917273499657743 0.957681361585466 0.836741544648203 0.917273499657743 0.957681361585466
"CCR" 37 0.92 0.946666666666667 0.946666666666667 0.853333333333333 0.946666666666667 0.96
"ARI" 37 0.798654153572536 0.863795245279579 0.863795245279579 0.675160503009104 0.863795245279579 0.895152576834658
"CCR" 38 0.906666666666667 0.96 0.946666666666667 0.906666666666667 0.96 0.893333333333333
"ARI" 38 0.741800874856016 0.875512047689375 0.836149095991989 0.741800874856016 0.875512047689375 0.701451340669109
"CCR" 39 0.973333333333333 1 0.986666666666667 0.946666666666667 1 0.986666666666667
"ARI" 39 0.921515898039017 1 0.962350397024133 0.859621115243035 1 0.962350397024133
"CCR" 40 0.946666666666667 1 1 0.96 0.986666666666667 1
"ARI" 40 0.85160444691723 1 1 0.885757545262426 0.959718204526425 1
"CCR" 41 0.96 0.986666666666667 0.986666666666667 0.933333333333333 0.986666666666667 0.986666666666667
"ARI" 41 0.870783579748636 0.961871981268971 0.961871981268971 0.787234189784861 0.961871981268971 0.961871981268971
"CCR" 42 0.92 0.986666666666667 1 0.92 0.986666666666667 1
"ARI" 42 0.797081549248856 0.961564609912839 1 0.797081549248856 0.961564609912839 1
"CCR" 43 0.973333333333333 1 1 0.973333333333333 1 0.973333333333333
"ARI" 43 0.925569988699932 1 1 0.925569988699932 1 0.925569988699932
"CCR" 44 0.96 0.96 0.986666666666667 0.96 0.693333333333333 0.986666666666667
"ARI" 44 0.88934978581781 0.88934978581781 0.961433271798074 0.88934978581781 0.58945317958033 0.961433271798074
"CCR" 45 0.946666666666667 0.946666666666667 0.986666666666667 0.946666666666667 1 0.946666666666667
"ARI" 45 0.85259503562508 0.85259503562508 0.960910950920353 0.85259503562508 1 0.85259503562508
"CCR" 46 0.92 0.96 0.986666666666667 0.92 0.96 0.906666666666667
"ARI" 46 0.785167590393244 0.88436731165636 0.959722746762046 0.785167590393244 0.88436731165636 0.75596555426518
"CCR" 47 0.933333333333333 0.986666666666667 0.933333333333333 0.933333333333333 1 0.933333333333333
"ARI" 47 0.812617691943192 0.958936267311138 0.812617691943192 0.812617691943192 1 0.812617691943192
"CCR" 48 0.986666666666667 0.986666666666667 1 0.76 0.76 0.733333333333333
"ARI" 48 0.961861369844267 0.961861369844267 1 0.61076344911638 0.61076344911638 0.530032905229407
"CCR" 49 0.906666666666667 0.986666666666667 1 0.906666666666667 0.986666666666667 1
"ARI" 49 0.78513731825525 0.964514396518051 1 0.78513731825525 0.964514396518051 1
"CCR" 50 0.973333333333333 0.986666666666667 1 0.973333333333333 0.986666666666667 1
"ARI" 50 0.923064943982077 0.960578816618692 1 0.923064943982077 0.960578816618692 1
"CCR" 51 0.973333333333333 0.986666666666667 1 0.973333333333333 0.986666666666667 0.893333333333333
"ARI" 51 0.930308918531082 0.964227139208286 1 0.930308918531082 0.964227139208286 0.751233917695147
"CCR" 52 0.906666666666667 0.986666666666667 0.906666666666667 0.906666666666667 0.906666666666667 0.906666666666667
"ARI" 52 0.760044964547184 0.960910950920353 0.760044964547184 0.760044964547184 0.760044964547184 0.760044964547184
"CCR" 53 0.906666666666667 0.986666666666667 0.906666666666667 0.96 0.986666666666667 0.693333333333333
"ARI" 53 0.760604865544354 0.960578816618692 0.760604865544354 0.886729065508135 0.960578816618692 0.574580290879768
"CCR" 54 0.933333333333333 1 0.986666666666667 0.933333333333333 1 0.933333333333333
"ARI" 54 0.828603546105131 1 0.962414051403091 0.828603546105131 1 0.828603546105131
"CCR" 55 0.96 1 1 0.933333333333333 1 0.986666666666667
"ARI" 55 0.869620372110506 1 1 0.796764270967022 1 0.954977349608703
"CCR" 56 0.946666666666667 1 1 0.973333333333333 1 1
"ARI" 56 0.874711451413859 1 1 0.93397101863088 1 1
"CCR" 57 0.973333333333333 0.973333333333333 0.973333333333333 0.973333333333333 0.973333333333333 0.973333333333333
"ARI" 57 0.918153761210723 0.917966588308746 0.917966588308746 0.918153761210723 0.917966588308746 0.917966588308746
"CCR" 58 0.92 0.906666666666667 0.906666666666667 0.92 0.973333333333333 0.92
"ARI" 58 0.763568477187988 0.727115441014419 0.727115441014419 0.759995751058462 0.924220233750935 0.763568477187988
"CCR" 59 0.92 0.986666666666667 0.92 0.92 0.986666666666667 0.92
"ARI" 59 0.800913642045266 0.962329042021489 0.800913642045266 0.800913642045266 0.962329042021489 0.800913642045266
"CCR" 60 0.893333333333333 0.986666666666667 0.986666666666667 0.986666666666667 0.986666666666667 0.986666666666667
"ARI" 60 0.741046266400403 0.961433271798074 0.961477332840275 0.961433271798074 0.961433271798074 0.961477332840275
"CCR" 61 0.92 0.986666666666667 0.986666666666667 0.92 0.933333333333333 0.986666666666667
"ARI" 61 0.787083656418239 0.959860999060398 0.959860999060398 0.787083656418239 0.81776899339605 0.959860999060398
"CCR" 62 0.986666666666667 0.986666666666667 0.973333333333333 0.986666666666667 0.986666666666667 0.973333333333333
"ARI" 62 0.964680133920436 0.964680133920436 0.918903810414166 0.964680133920436 0.964680133920436 0.918903810414166
"CCR" 63 0.933333333333333 0.933333333333333 0.986666666666667 0.933333333333333 0.986666666666667 0.933333333333333
"ARI" 63 0.845050773522001 0.845050773522001 0.96540230314976 0.831009943416957 0.96540230314976 0.845050773522001
"CCR" 64 0.746666666666667 0.76 1 0.746666666666667 1 1
"ARI" 64 0.623259602668986 0.626207888921792 1 0.623259602668986 1 1
"CCR" 65 0.946666666666667 0.76 1 1 1 1
"ARI" 65 0.854081681539916 0.591050193772142 1 1 1 1
"CCR" 66 0.96 0.973333333333333 0.986666666666667 0.96 0.973333333333333 0.986666666666667
"ARI" 66 0.882410894471723 0.919791111811102 0.959006803541103 0.882410894471723 0.919791111811102 0.959006803541103
"CCR" 67 0.973333333333333 0.946666666666667 0.906666666666667 0.973333333333333 0.946666666666667 0.96
"ARI" 67 0.918384369327346 0.842586125597836 0.74754869894982 0.918384369327346 0.842586125597836 0.879514211223838
"CCR" 68 1 1 1 0.96 1 0.746666666666667
"ARI" 68 1 1 1 0.897839987003926 1 0.632530677619106
"CCR" 69 0.92 0.986666666666667 0.986666666666667 0.92 0.986666666666667 0.986666666666667
"ARI" 69 0.793831168831169 0.960173394743972 0.960173394743972 0.793831168831169 0.960173394743972 0.960173394743972
"CCR" 70 0.96 0.973333333333333 0.986666666666667 0.866666666666667 0.973333333333333 0.986666666666667
"ARI" 70 0.884100148845889 0.921112199536386 0.959722746762046 0.678706768693188 0.921112199536386 0.959722746762046
"CCR" 71 0.946666666666667 1 1 0.946666666666667 1 1
"ARI" 71 0.867029824354316 1 1 0.867029824354316 1 1
"CCR" 72 0.986666666666667 0.946666666666667 1 0.986666666666667 1 1
"ARI" 72 0.959379252406031 0.844942831399775 1 0.959379252406031 1 1
"CCR" 73 1 1 0.96 0.96 1 0.96
"ARI" 73 1 1 0.890517647543158 0.890517647543158 1 0.890517647543158
"CCR" 74 0.96 1 0.96 0.96 0.693333333333333 1
"ARI" 74 0.879652272733307 1 0.879652272733307 0.879652272733307 0.531919251552739 1
"CCR" 75 0.933333333333333 0.986666666666667 0.933333333333333 0.933333333333333 0.986666666666667 0.933333333333333
"ARI" 75 0.83211334997497 0.962301306859124 0.83211334997497 0.83211334997497 0.962301306859124 0.83211334997497
"CCR" 76 1 0.986666666666667 0.946666666666667 1 0.986666666666667 0.986666666666667
"ARI" 76 1 0.963660073049437 0.847989207169179 1 0.963660073049437 0.963660073049437
"CCR" 77 0.973333333333333 0.986666666666667 0.88 0.986666666666667 0.986666666666667 0.88
"ARI" 77 0.91276084420257 0.955607658082548 0.661428115289665 0.955607658082548 0.955607658082548 0.661428115289665
"CCR" 78 0.893333333333333 0.96 0.973333333333333 0.906666666666667 0.973333333333333 1
"ARI" 78 0.707731092436975 0.874187405836728 0.914689873109343 0.737239014426491 0.914689873109343 1
"CCR" 79 0.92 0.986666666666667 0.986666666666667 0.92 0.986666666666667 0.986666666666667
"ARI" 79 0.789319519261837 0.960646531399459 0.960646531399459 0.789319519261837 0.960646531399459 0.960646531399459
"CCR" 80 0.906666666666667 0.96 0.986666666666667 0.986666666666667 0.96 0.986666666666667
"ARI" 80 0.765576401741762 0.89653825460394 0.960282564861792 0.960282564861792 0.89653825460394 0.960282564861792
"CCR" 81 0.84 0.973333333333333 0.973333333333333 0.906666666666667 0.973333333333333 0.973333333333333
"ARI" 81 0.659467419315253 0.92457251851563 0.92457251851563 0.767691864774307 0.92457251851563 0.92457251851563
"CCR" 82 0.973333333333333 0.986666666666667 0.986666666666667 0.973333333333333 0.986666666666667 0.986666666666667
"ARI" 82 0.918378540174022 0.957996182106199 0.957996182106199 0.918378540174022 0.957996182106199 0.957996182106199
"CCR" 83 0.96 1 0.96 0.96 0.96 0.96
"ARI" 83 0.876054264921438 1 0.876054264921438 0.876054264921438 0.876054264921438 0.876054264921438
"CCR" 84 0.933333333333333 1 1 1 1 1
"ARI" 84 0.833382001946549 1 1 1 1 1
"CCR" 85 0.893333333333333 0.96 0.986666666666667 0.72 0.72 0.986666666666667
"ARI" 85 0.75447223755073 0.89480169469261 0.96338409273039 0.615489791315841 0.615489791315841 0.96338409273039
"CCR" 86 0.946666666666667 0.986666666666667 0.986666666666667 0.946666666666667 0.986666666666667 0.986666666666667
"ARI" 86 0.843569068014572 0.959860999060398 0.959860999060398 0.843569068014572 0.959860999060398 0.959860999060398
"CCR" 87 0.906666666666667 0.986666666666667 0.973333333333333 0.906666666666667 0.973333333333333 0.973333333333333
"ARI" 87 0.730660189841195 0.956096943573805 0.913819926274507 0.730660189841195 0.913819926274507 0.913819926274507
"CCR" 88 1 0.986666666666667 1 0.92 0.986666666666667 1
"ARI" 88 1 0.956689755059105 1 0.776603024244945 0.956689755059105 1
"CCR" 89 0.933333333333333 1 0.933333333333333 0.933333333333333 1 0.933333333333333
"ARI" 89 0.798295535491554 1 0.798295535491554 0.798295535491554 1 0.798295535491554
"CCR" 90 0.946666666666667 0.933333333333333 1 1 1 1
"ARI" 90 0.844532127168661 0.81060670691132 1 1 1 1
"CCR" 91 0.906666666666667 1 1 0.906666666666667 1 0.92
"ARI" 91 0.773079736149366 1 1 0.773079736149366 1 0.799629574021586
"CCR" 92 0.973333333333333 0.973333333333333 0.973333333333333 0.973333333333333 0.973333333333333 0.973333333333333
"ARI" 92 0.924913619781158 0.924913619781158 0.924913619781158 0.924913619781158 0.924913619781158 0.924913619781158
"CCR" 93 0.933333333333333 1 0.973333333333333 0.933333333333333 1 0.973333333333333
"ARI" 93 0.80869799643695 1 0.918856509599728 0.80869799643695 1 0.918856509599728
"CCR" 94 0.893333333333333 0.973333333333333 0.973333333333333 0.893333333333333 0.973333333333333 0.893333333333333
"ARI" 94 0.669872359624206 0.907639115321217 0.907639115321217 0.669872359624206 0.907639115321217 0.669872359624206
"CCR" 95 0.933333333333333 0.986666666666667 0.933333333333333 0.933333333333333 0.986666666666667 0.933333333333333
"ARI" 95 0.807823049564193 0.958293512884144 0.807823049564193 0.807823049564193 0.958293512884144 0.807823049564193
"CCR" 96 0.973333333333333 0.973333333333333 0.973333333333333 0.973333333333333 0.973333333333333 0.96
"ARI" 96 0.926001887488087 0.925525782723148 0.925525782723148 0.926001887488087 0.925525782723148 0.89184794015254
"CCR" 97 0.973333333333333 1 0.986666666666667 0.973333333333333 1 0.986666666666667
"ARI" 97 0.924074264886945 1 0.961102652203395 0.924074264886945 1 0.961102652203395
"CCR" 98 0.92 0.72 1 0.96 1 1
"ARI" 98 0.810787846364452 0.630978417697267 1 0.89761550868094 1 1
"CCR" 99 0.933333333333333 0.986666666666667 1 0.933333333333333 0.986666666666667 1
"ARI" 99 0.814960787434954 0.95909290744288 1 0.814960787434954 0.95909290744288 1
"CCR" 100 0.986666666666667 0.986666666666667 0.986666666666667 0.973333333333333 0.986666666666667 0.986666666666667
"ARI" 100 0.958936267311138 0.958936267311138 0.958936267311138 0.919791111811102 0.958936267311138 0.958936267311138
