"AIC" 1 4819.12075692562 4706.86050053447 4687.76194538302 4817.29620583195 4706.09802880496 4720.08982154902
"BIC" 1 4897.91535278586 4792.60756073531 4780.46146992447 4891.45582546511 4787.21011277874 4808.1543698634
"ICL" 1 4900.42043174523 4793.0678603914 4781.48898973077 4894.34827399673 4787.67060870115 4809.2649711866
"AWE" 1 5149.21502760547 5063.81492059224 5074.18851427222 5128.5078936299 5043.78269267492 5087.32951950098
"AIC" 2 5159.58357521003 5030.43076515786 4993.57858523302 5163.11850214724 5026.76728253517 4989.97207710203
"BIC" 2 5238.37817107026 5116.17782535871 5086.27810977447 5237.27812178041 5107.87936650895 5078.03662541641
"ICL" 2 5238.88615098982 5120.55456664528 5088.84727824053 5237.82115463697 5112.41844384474 5080.67362359885
"AWE" 2 5487.68074685005 5391.30162684612 5381.54680278198 5471.98077427014 5368.53052781851 5358.73817191323
"AIC" 3 4879.14378197807 4783.21675687463 4770.29359365284 5012.98061193515 4779.80306897512 4766.66148316572
"BIC" 3 4957.9383778383 4868.96381707548 4862.99311819429 5087.14023156831 4860.91515294889 4854.7260314801
"ICL" 3 4958.30102289375 4872.50534574724 4867.48316032324 5087.63038297226 4864.74040908917 4859.44636347753
"AWE" 3 5207.09561875398 5143.25240594808 5160.18268486469 5321.79000260543 5120.85249306294 5137.51091179191
"AIC" 4 5014.3952408644 4906.6429237533 4898.94037484535 5011.60209778842 4903.59721104177 4895.90117823203
"BIC" 4 5093.18983672464 4992.38998395415 4991.6398993868 5085.76171742158 4984.70929501554 4983.96572654641
"ICL" 4 5095.41719928101 4995.58777919587 4994.76152334815 5087.98883451758 4987.89857963301 4987.04023305909
"AWE" 4 5344.21179514125 5266.33483939671 5287.4610478896 5322.14845415074 5244.01066360678 5265.10478137347
"AIC" 5 4871.01180844817 4742.25610961357 4720.06322622505 4868.0052466346 4739.19401240303 4717.19592042172
"BIC" 5 4949.80640430841 4828.00316981441 4812.7627507665 4942.16486626776 4820.3060963768 4805.2604687361
"ICL" 5 4952.14971799944 4830.1029901575 4815.97261439529 4944.56088062251 4822.39962775152 4808.53512722316
"AWE" 5 5200.94431385967 5100.85005035835 5108.67213893674 5178.72050025568 5078.51171172529 5086.59967553754
"AIC" 6 4861.13420205451 4738.36551975314 4732.48072007043 4857.30930736413 4734.52962721472 4728.64930010347
"BIC" 6 4939.92879791474 4824.11257995398 4825.18024461188 4931.46892699729 4815.64171118849 4816.71384841785
"ICL" 6 4940.05455231494 4824.98277934278 4825.85753295864 4931.5930358009 4816.53166722014 4817.40470542481
"AWE" 6 5188.84914817517 5095.72983954362 5118.55705750009 5165.75265543406 5072.64375119391 5095.46925373919
"AIC" 7 4928.94070534244 4776.16308772048 4747.80528943066 4925.34065751406 4772.57425113747 4744.20769950758
"BIC" 7 5007.73530120268 4861.91014792133 4840.50481397211 4999.50027714722 4853.68633511124 4832.27224782196
"ICL" 7 5007.75727479587 4862.8436452731 4841.0006477974 4999.52296450669 4854.57535489516 4832.76044871029
"AWE" 7 5256.55187065611 5133.59070547394 5133.70017233886 5233.68258413985 5110.68743886893 5110.82499702467
"AIC" 8 5069.77203130198 4962.17515486356 4955.27486902725 5069.92052561179 4959.03979766044 4931.51894216966
"BIC" 8 5148.56662716222 5047.92221506441 5047.97439356871 5144.08014524496 5040.15188163421 5019.58349048403
"ICL" 8 5148.81434363251 5053.40377895041 5049.05418399323 5144.36298739683 5045.98657858209 5023.63272940148
"AWE" 8 5397.60893949274 5324.15083915126 5341.75370853468 5378.52260702999 5302.09866255586 5301.69727771586
"AIC" 9 4923.14342895862 4771.96970730496 4755.49690433333 4921.57480118642 4771.48503640304 4755.42049487891
"BIC" 9 5001.93802481885 4857.71676750581 4848.19642887479 4995.73442081959 4852.59712037681 4843.48504319329
"ICL" 9 5003.66207827144 4861.44531701983 4850.77234277563 4997.47515878572 4856.64129679682 4846.4563191792
"AWE" 9 5252.45667413168 5132.19237722067 5143.47186731709 5231.63477841888 5112.75338077059 5124.52086749358
"AIC" 10 4980.67015614119 4770.31890673028 4753.21150940065 4971.74091202336 4768.68781342913 4752.08330170158
"BIC" 10 5059.46475200143 4856.06596693112 4845.9110339421 5045.90053165653 4849.7998974029 4840.14785001596
"ICL" 10 5059.91197110461 4860.43087833123 4847.28510794128 5049.16006178306 4854.42804189888 4841.50294418776
"AWE" 10 5308.70656696484 5131.17793853207 5139.98463248274 5283.31968141622 5110.54012587265 5119.56749250214
"AIC" 11 5012.38709429243 4839.94689844821 4812.81892070878 5014.50415174706 4841.67727485227 4814.48142891295
"BIC" 11 5091.18169015267 4925.69395864906 4905.51844525023 5088.66377138022 4922.78935882604 4902.54597722733
"ICL" 11 5092.54500019393 4928.32000961984 4907.20671970951 5090.17345557149 4926.09914928273 4905.00736834835
"AWE" 11 5341.33959605417 5199.06706982068 5199.90624425096 5324.33307520465 5182.2112332565 5183.07191666273
"AIC" 12 5173.97990326625 4983.95977404989 4965.35433322157 5165.5582010619 4981.04399427639 4962.4181489457
"BIC" 12 5252.77449912649 5069.70683425074 5058.05385776302 5239.71782069506 5062.15607825016 5050.48269726008
"ICL" 12 5253.64685632039 5071.8229587901 5059.46551432585 5240.92618184436 5064.239675937 5051.90701497785
"AWE" 12 5502.44145218062 5342.57001899094 5352.1650388673 5475.08580147752 5320.35175991077 5329.97156329223
"AIC" 13 5166.42769121513 5017.77447918088 4984.42724697045 5162.53544546409 5014.55869486997 4981.20012302511
"BIC" 13 5245.22228707537 5103.52153938172 5077.12677151191 5236.69506509725 5095.67077884374 5069.26467133949
"ICL" 13 5247.16538851442 5104.73607772147 5078.26331765117 5238.48128106095 5096.93535430853 5070.46295251932
"AWE" 13 5495.95998437465 5375.48313792231 5370.96284219262 5472.64090069412 5353.0474382823 5348.5275008337
"AIC" 14 4786.09303936797 4683.07089167253 4668.14362806419 4785.42744884367 4697.93132732519 4666.21523364215
"BIC" 14 4864.88763522821 4768.81795187338 4760.84315260564 4859.58706847684 4779.04341129896 4754.27978195653
"ICL" 14 4865.51113022935 4771.89516606952 4761.95061129907 4860.38944515684 4781.47445656407 4755.27242824132
"AWE" 14 5114.30572608959 5042.64222627036 5054.65013584053 5094.54906479 5037.58654053784 5033.3369765557
"AIC" 15 5037.5262606301 5038.32242664497 5021.11609292811 5034.24442194504 4897.46028910115 4859.80445575312
"BIC" 15 5116.32085649034 5124.06948684581 5113.81561746957 5108.40404157821 4978.57237307492 4947.8690040675
"ICL" 15 5117.29151432599 5126.80156305943 5114.76001151643 5109.35660882821 4982.34981371869 4950.46110448101
"AWE" 15 5366.08611018622 5397.54862326028 5407.45953605788 5343.51622846137 5238.46189769246 5228.52565279539
"AIC" 16 4712.7918128885 4620.8715649982 4613.57822975736 4703.51757599791 4617.45046614791 4612.33789986711
"BIC" 16 4791.58640874874 4706.61862519905 4706.27775429881 4777.67719563107 4698.56255012169 4700.40244818149
"ICL" 16 4793.75231592523 4709.76646315609 4709.69504781044 4778.39370347804 4702.32379896579 4702.18057065231
"AWE" 16 5042.54691178547 4980.51352335694 5002.39457235189 5012.5533231112 4958.43588293956 4980.24511896669
"AIC" 17 4943.62430329499 4801.70012987405 4796.1981764081 4942.4279759222 4802.77966665087 4772.62280559187
"BIC" 17 5022.41889915523 4887.4471900749 4888.89770094956 5016.58759555536 4883.89175062465 4860.68735390625
"ICL" 17 5023.46550721526 4892.45496854518 4889.28367528104 5017.64922653247 4889.04003397765 4864.18956550234
"AWE" 17 5272.26010307549 5163.20202874602 5181.98319982249 5251.80884616564 5145.15211795142 5142.25411381672
"AIC" 18 5173.64460495654 5017.79363142588 4882.31676191128 5027.60248575221 4901.18535887209 4880.1362531304
"BIC" 18 5252.43920081678 5103.54069162672 4975.01628645273 5101.76210538538 4982.29744284586 4968.20080144478
"ICL" 18 5252.4401097085 5103.76676450646 4977.72300906699 5103.34500255208 4987.16028342067 4970.89263483297
"AWE" 18 5501.23470556873 5374.5138247073 5270.42253360845 5337.50462218524 5243.27236739444 5248.95718314735
"AIC" 19 5135.40480739143 4972.37096416773 4760.40192534372 4899.16888234618 4778.90978554941 4758.41172454745
"BIC" 19 5214.19940325166 5058.11802436857 4853.10144988517 4973.32850197934 4860.02186952318 4846.47627286183
"ICL" 19 5214.35078848117 5059.41342041679 4854.04868580193 4973.57091307755 4862.01721648319 4847.40706346812
"AWE" 19 5463.14538434141 5330.16048061764 5146.74821034338 5207.73053271071 5118.12930045696 5125.4716117825
"AIC" 20 4814.60586191336 4700.61250366326 4691.02858706436 4810.65894916125 4696.66841639097 4687.08279670859
"BIC" 20 4893.40045777359 4786.3595638641 4783.72811160581 4884.81856879441 4777.78050036474 4775.14734502297
"ICL" 20 4893.57620531466 4787.11308417756 4784.16196221554 4884.9975790114 4778.53007260733 4775.58245158546
"AWE" 20 5142.37080117489 5057.8601443784 5076.86148675699 5119.15719864457 5034.6421565811 5053.64699989984
"AIC" 21 5065.57386525624 4881.47299171184 4863.70900906863 5062.81893198998 4878.73436034354 4860.9707654243
"BIC" 21 5144.36846111648 4967.22005191268 4956.40853361008 5136.97855162314 4959.84644431731 4949.03531373868
"ICL" 21 5145.86689872324 4969.33157196631 4957.73657939039 5138.38700444737 4961.93233201119 4950.37864158349
"AWE" 21 5394.66149458347 5240.07863216715 5250.43610393184 5372.54662408053 5218.04441598496 5228.44318989787
"AIC" 22 4809.60984536167 4710.97467806379 4685.49914216999 4805.87510811621 4703.98042948002 4691.36323510823
"BIC" 22 4888.40444122191 4796.72173826463 4778.19866671144 4880.03472774937 4785.09251345379 4779.42778342261
"ICL" 22 4888.91024403504 4797.42000375981 4779.54818112558 4880.32852552593 4785.84482824105 4779.62431412938
"AWE" 22 5137.70483989528 5068.16706396065 5072.24770566704 5114.48814515909 5041.95691221482 5057.68886244376
"AIC" 23 5206.67913355446 5042.67902491542 5013.92226708811 5236.99322352217 5048.36861169976 5019.70315187266
"BIC" 23 5285.4737294147 5128.42608511626 5106.62179162956 5311.15284315533 5129.48069567353 5107.76770018704
"ICL" 23 5285.58781364469 5131.45900488916 5110.4020902155 5314.36667499202 5133.13933009711 5112.149339307
"AWE" 23 5534.38240950493 5402.20606509 5403.10161475695 5548.52629462518 5389.25141407088 5390.21388762138
"AIC" 24 4833.68746296519 4656.95636447191 4645.46632520352 4827.39481522895 4654.42584003658 4642.93064814206
"BIC" 24 4912.48205882543 4742.70342467276 4738.16584974497 4901.55443486212 4735.53792401035 4730.99519645644
"ICL" 24 4913.77063460496 4745.86746484806 4740.63323416892 4903.22748986154 4738.63969806587 4733.43697504872
"AWE" 24 5162.56523046519 5016.61452504891 5033.33275871037 5137.3871094947 4994.75178203964 5011.5015233631
"AIC" 25 5202.99715647836 5052.00699554835 5035.66334317341 5199.6164964856 5049.48268998032 5033.05159627921
"BIC" 25 5281.7917523386 5137.75405574919 5128.36286771486 5273.77611611876 5130.59477395409 5121.11614459359
"ICL" 25 5282.93619215098 5142.64915797456 5131.26106889803 5274.95310889824 5135.45717738923 5124.01753580422
"AWE" 25 5531.73078801121 5413.3962181754 5423.96059343948 5509.1127285314 5391.569261363 5402.0820841186
"AIC" 26 5132.56332219434 4976.85009221602 4950.17116447011 5129.05861416699 4973.80420777732 4947.05268978882
"BIC" 26 5211.35791805458 5062.59715241686 5042.87068901156 5203.21823380015 5054.91629175109 5035.1172381032
"ICL" 26 5213.90689336921 5064.79571023076 5043.80834563788 5205.80168276989 5056.86596628384 5035.96797630316
"AWE" 26 5462.70148922945 5335.5427704316 5336.50787017933 5439.96130240305 5312.97805025761 5314.03252461754
"AIC" 27 5002.91382681243 4851.56050117137 4837.06222573325 5001.29052605561 4848.23268321739 4855.97067625515
"BIC" 27 5081.70842267266 4937.30756137222 4929.7617502747 5075.45014568877 4929.34476719116 4944.03522456953
"ICL" 27 5082.49699397495 4945.59146278575 4936.60204955052 5076.26537595211 4937.44230732538 4945.95188099097
"AWE" 27 5331.29158983518 5216.3385229866 5229.30157409197 5310.42499558527 5193.55439129915 5224.01642930534
"AIC" 28 4980.79258121453 4859.35897911953 4899.60237891355 4979.0818798819 4859.41647453293 4846.57809258
"BIC" 28 5059.58717707476 4945.10603932038 4992.301903455 5053.24149951506 4940.5285585067 4934.64264089438
"ICL" 28 5061.4509654885 4947.83013610962 4995.81989438347 5055.26954164276 4943.31011993403 4938.15288979367
"AWE" 28 5310.24556134874 5218.57719631047 5288.51941892492 5289.42916127592 5199.4222039078 5216.21743810804
"AIC" 29 4944.35781948733 4805.35062394014 4798.91571590319 4941.58916449693 4802.57875926375 4796.14338797745
"BIC" 29 5023.15241534756 4891.09768414098 4891.61524044464 5015.74878413009 4883.69084323752 4884.20793629183
"ICL" 29 5023.61814845529 4891.43231898991 4891.76665450084 5016.18914198291 4884.01361714231 4884.35190363092
"AWE" 29 5272.41274431552 5162.17937919075 5184.4661790423 5250.34876161608 5140.12570111608 5162.4164519453
"AIC" 30 5104.37888059068 4901.94030656873 4868.3339612232 5107.34965980298 4900.78082727474 4867.12948194844
"BIC" 30 5183.17347645091 4987.68736676957 4961.03348576465 5181.50927943614 4981.89291124851 4955.19403026282
"ICL" 30 5183.52734480775 4989.937965466 4961.50687702377 5182.44061778957 4984.06041039968 4955.58451771448
"AWE" 30 5432.32194066799 5260.68502566684 5254.20640156522 5416.60023742274 5240.17249437345 5233.64906602886
"AIC" 31 5023.86382196853 4841.81225034967 4824.53789455826 5020.70262815523 4838.77342008939 4821.39434149963
"BIC" 31 5102.65841782877 4927.55931055052 4917.23741909971 5094.86224778839 4919.88550406316 4909.45888981401
"ICL" 31 5104.09088113136 4930.31356589151 4919.77427283211 5096.50520721647 4922.66740095485 4911.95870731932
"AWE" 31 5352.8854769916 5201.06062609236 5212.47379737356 5330.66482684964 5178.77948492862 5190.0232556337
"AIC" 32 4928.12992109263 4805.85902167087 4779.60052633344 4927.93897699499 4805.46976153326 4794.042369436
"BIC" 32 5006.92451695286 4891.60608187171 4872.30005087489 5002.09859662816 4886.58184550703 4882.10691775038
"ICL" 32 5007.51560035775 4895.90151744159 4875.73718613869 5002.75343507996 4890.93917022946 4884.14578419826
"AWE" 32 5256.31019621798 5166.64857764243 5168.43671068015 5236.91305471312 5147.05125420323 5162.21033251264
"AIC" 33 4953.08290390592 4833.50972811143 4799.58788999803 4950.42200611779 4830.9768305629 4822.68536031744
"BIC" 33 5031.87749976616 4919.25678831228 4892.28741453948 5024.58162575095 4912.08891453667 4910.74990863182
"ICL" 33 5032.73654383336 4923.14194912894 4896.67512013669 5025.35286551566 4915.46479571902 4914.18229280606
"AWE" 33 5281.5311396936 5193.88900932979 5189.37464467814 5259.51248514882 5171.57687969279 5192.24684112044
"AIC" 34 5213.71464627229 5104.16226329654 5074.80036647483 5214.83528069219 5104.82252426785 5075.40755496363
"BIC" 34 5292.50924213252 5189.90932349738 5167.49989101628 5288.99490032535 5185.93460824162 5163.47210327801
"ICL" 34 5294.03905406691 5191.01675803184 5168.46511406279 5291.12603268463 5187.22520119733 5164.74895835518
"AWE" 34 5542.83364992715 5461.76381823268 5461.16463860424 5525.28565231779 5443.3372851711 5442.81350666956
"AIC" 35 5254.7873895824 5143.8282688184 5133.77326207011 5254.18848631153 5143.38043621951 5126.24455575235
"BIC" 35 5333.58198544263 5229.57532901924 5226.47278661156 5328.34810594469 5224.49252019328 5214.30910406673
"ICL" 35 5334.38567772187 5234.4854241275 5227.52179897157 5329.36072574254 5228.79023991801 5219.07584848983
"AWE" 35 5583.18027358211 5505.23248432834 5520.22132351303 5563.5203453757 5484.90232389178 5497.14039680421
"AIC" 36 4919.761107754 4767.50153353705 4746.78815078501 4916.02744161768 4764.53786080633 4743.69335368788
"BIC" 36 4998.55570361423 4853.2485937379 4839.48767532646 4990.18706125085 4845.6499447801 4831.75790200225
"ICL" 36 4998.7493150632 4855.47851273896 4841.08309249417 4990.38860587491 4848.28826579376 4833.57637336429
"AWE" 36 5247.54391092343 5126.2255729398 5133.78261703563 5224.54822550808 5104.40034976753 5111.64092167867
"AIC" 37 5353.03695129667 5187.403714795 5155.64539014235 5356.29190341195 5188.62864909116 5156.89564086389
"BIC" 37 5431.83154715691 5273.15077499584 5248.34491468381 5430.45152304511 5269.74073306493 5244.96018917827
"ICL" 37 5434.1301374726 5278.69600543317 5255.13232777986 5432.74620210434 5275.94764811972 5251.9460313449
"AWE" 37 5682.92473333284 5549.44306563401 5547.83185232131 5666.9058217375 5532.05973209349 5530.01057965928
"AIC" 38 4863.35203507678 4704.63299006234 4666.92703240203 4860.56403197382 4702.36753684866 4706.65774444051
"BIC" 38 4942.14663093701 4790.38005026319 4759.62655694348 4934.72365160698 4783.47962082243 4794.72229275489
"ICL" 38 4943.23020856888 4795.69790811728 4763.7361785552 4935.6736391368 4787.90579657968 4796.8836281853
"AWE" 38 5192.02480442912 5066.44496831813 5056.43570309666 5169.83325876996 5044.01788055345 5074.94817649968
"AIC" 39 4990.64401444548 4847.68451735482 4827.30331031659 4972.8935208492 4844.62710375304 4824.24597711812
"BIC" 39 5069.43861030571 4933.43157755566 4920.00283485804 5047.05314048236 4925.73918772681 4912.3105254325
"ICL" 39 5069.61135575796 4936.78757591955 4925.02816668781 5047.95128583885 4929.14811391176 4917.36044852514
"AWE" 39 5318.40595161819 5207.5346361204 5217.72769122926 5282.11090547202 5185.26019788554 5195.42499683952
"AIC" 40 5110.0113329684 4965.51512581609 4944.54843520426 5118.37895595991 4965.84028131889 4945.42083449923
"BIC" 40 5188.80592882864 5051.26218601694 5037.24795974572 5192.53857559307 5046.95236529266 5033.48538281361
"ICL" 40 5189.3252987171 5055.43775750777 5040.1034551045 5193.30357829419 5051.74681335669 5036.61628442138
"AWE" 40 5438.11989457734 5326.18481770862 5332.80297964595 5427.46319792735 5307.85889733046 5314.68083273576
"AIC" 41 4849.00154020766 4671.97385526334 4658.81139369422 4866.3372734273 4675.93782981447 4662.78545688806
"BIC" 41 4927.7961360679 4757.72091546418 4751.51091823567 4940.49689306046 4757.04991378824 4750.85000520244
"ICL" 41 4928.14392747238 4760.09774437002 4751.98253429225 4942.01022909525 4759.43896500163 4751.30457493334
"AWE" 41 5176.93852333261 5030.84480457087 5044.6820588337 5176.16984872841 5015.5510489754 5029.36912324772
"AIC" 42 5031.2170578287 4884.49695547443 4846.51013729201 5027.5207497347 4881.13244980678 4842.99320473401
"BIC" 42 5110.01165368893 4970.24401567527 4939.20966183346 5101.68036936786 4962.24453378055 4931.05775304839
"ICL" 42 5110.13057614825 4972.04486829444 4941.2795789012 5101.8007735691 4964.19549295427 4933.06274108801
"AWE" 42 5358.92517200849 5242.79192849528 5233.97910344266 5335.96039320226 5220.30757692804 5211.12728940239
"AIC" 43 4741.53823822712 4624.22245798095 4599.72968520802 4739.949946708 4623.92774087656 4605.79544375327
"BIC" 43 4820.33283408736 4709.9695181818 4692.42920974947 4814.10956634116 4705.03982485033 4693.85999206765
"ICL" 43 4820.45964564165 4711.82000847189 4694.84744990836 4814.21116544469 4707.26822150668 4694.60474177933
"AWE" 43 5069.25424150189 4982.56706867273 4987.54697444981 5048.37078507785 4963.38030548045 4972.66929009371
"AIC" 44 4907.54541899324 4750.98505251174 4734.20857919246 4907.03553376084 4934.29887259045 4733.47083904407
"BIC" 44 4986.34001485347 4836.73211271258 4826.90810373392 4981.195153394 5015.41095656422 4821.53538735845
"ICL" 44 4986.4228350819 4837.09185695754 4828.41157681577 4981.28299660195 5015.61563689379 4822.97179198651
"AWE" 44 5235.21743094214 5107.83891715838 5121.11110135723 5215.44261623511 5271.72772086756 5101.03634030089
"AIC" 45 4817.18431714106 4754.17615552733 4740.34898986568 4814.02562739954 4745.88815476683 4747.80870617268
"BIC" 45 4895.9789130013 4839.92321572817 4833.04851440713 4888.18524703271 4827.0002387406 4835.87325448706
"ICL" 45 4897.66915599958 4841.4734782376 4837.9303303858 4889.87041057002 4831.12750603678 4837.37578009909
"AWE" 45 5146.46375185982 5112.22053843845 5130.62985492725 5124.03003020318 5087.23959001055 5115.44032841347
"AIC" 46 5068.13156625743 4884.79421089724 4866.92837306645 5065.98548376176 4882.32833535313 4909.64227590679
"BIC" 46 5146.92616211766 4970.54127109808 4959.6278976079 5140.14510339492 4963.4404193269 4997.70682422117
"ICL" 46 5148.62953066252 4972.1162442221 4962.98833984728 5141.53284371122 4965.01416499827 4998.14476148673
"AWE" 46 5397.42412652275 5242.86330442295 5255.68786438873 5375.69246334438 5221.12624897204 5276.20930980111
"AIC" 47 4839.20768385608 4693.51465399912 4694.64160384238 4835.54630355326 4691.32697609973 4684.8187019544
"BIC" 47 4918.00227971632 4779.26171419997 4787.34112838383 4909.70592318643 4772.4390600735 4772.88325026878
"ICL" 47 4918.29972870362 4782.33533349886 4787.37964290286 4909.99681926731 4775.77114679675 4773.01942294165
"AWE" 47 5167.09432456385 5053.0823936997 5080.07916744431 5144.15643890047 5031.88323077052 5051.08397125603
"AIC" 48 5106.21011490069 4934.76720292179 4909.29861275512 5227.11998659308 5087.06890983917 5072.8165247627
"BIC" 48 5185.00471076093 5020.51426312263 5001.99813729657 5301.27960622624 5168.18099381294 5160.88107307708
"ICL" 48 5185.34903815154 5024.33870420195 5003.32892334861 5301.77551757 5168.62793758647 5163.00142503938
"AWE" 48 5434.14363401178 5295.08576440279 5296.02844789006 5535.93513720316 5424.74002156024 5441.06597335376
"AIC" 49 5082.74729827793 4911.46377242487 4880.67779769437 5080.13038486246 4908.1086193324 4877.30480557917
"BIC" 49 5161.54189413816 4997.21083262572 4973.37732223583 5154.29000449562 4989.22070330617 4965.36935389355
"ICL" 49 5162.13279073366 5001.41174183033 4976.11154218411 5155.01009648423 4993.38320347722 4968.02640700284
"AWE" 49 5410.92738659389 5272.15880203118 5268.81106672557 5389.16971611739 5249.49528745099 5246.09095531722
"AIC" 50 5065.74106159252 4882.61648640251 4856.53603689564 5062.57375720422 4878.94076640158 4852.93742500188
"BIC" 50 5144.53565745276 4968.36354660336 4949.23556143709 5136.73337683738 4960.05285037535 4941.00197331626
"ICL" 50 5146.11210761346 4972.91836378616 4952.12765164764 5138.34964826873 4964.63895028133 4943.93849923892
"AWE" 50 5394.9067034737 5243.665423987 5244.82717618909 5372.50926790189 5220.7510342551 5222.0030475533
"AIC" 51 5124.67529319789 4855.63808507747 4843.16825245022 5121.82891466954 4852.96076670141 4913.68005875867
"BIC" 51 5203.46988905812 4941.38514527831 4935.86777699167 5195.98853430271 4934.07285067518 5001.74460707305
"ICL" 51 5203.59524507432 4942.35468811795 4936.65728767728 5196.11173873995 4934.95789390933 5002.58714665164
"AWE" 51 5452.38984093456 5213.1017483188 5229.35681221873 5430.27135837311 5191.0699778831 5280.65169496602
"AIC" 52 4970.99388589432 4815.93342128914 4822.17516003812 4971.00029496616 4838.40430716736 4822.18845859611
"BIC" 52 5049.78848175455 4901.68048148999 4914.87468457957 5045.15991459932 4919.51639114113 4910.25300691049
"ICL" 52 5050.60783104641 4904.41359534877 4915.7927262152 5045.9777376316 4920.36492859294 4911.1701164274
"AWE" 52 5299.40242690664 5175.16065554961 5208.49225075666 5280.13735726476 5176.47701256671 5189.23466474178
"AIC" 53 5072.32001472111 4918.27191871823 4937.91011789233 5100.12946867874 4916.23406104744 5071.10771874321
"BIC" 53 5151.11461058135 5004.01897891907 5030.60964243378 5174.28908831191 4997.34614502121 5159.17226705759
"ICL" 53 5151.58703211244 5008.36808092814 5030.99072345863 5176.17480237912 5001.69574454649 5159.37644998937
"AWE" 53 5400.38162797267 5279.11514112898 5323.69024800009 5410.33442201228 5257.80782852026 5437.44099830375
"AIC" 54 4856.11656854947 4724.21961382274 4710.9643590047 4856.03514546049 4723.4464967876 4738.37943440035
"BIC" 54 4934.9111644097 4809.96667402358 4803.66388354616 4930.19476509365 4804.55858076138 4826.44398271473
"ICL" 54 4936.40446044528 4813.59480442006 4806.58941658372 4931.43444100816 4807.56220778285 4827.19758391401
"AWE" 54 5185.19905630551 5084.3418646209 5099.28894112517 5165.59406064132 5063.67429175662 5105.26213222839
"AIC" 55 4716.58357931905 4573.00228229179 4556.42523580714 4716.52822890214 4575.59136475064 4558.3002886544
"BIC" 55 4795.37817517928 4658.74934249263 4649.12476034859 4790.68784853531 4656.70344872441 4646.36483696878
"ICL" 55 4795.5970103748 4661.48256001093 4651.40367868442 4791.84127572137 4658.88073203029 4648.7692393029
"AWE" 55 5044.39160623504 4932.22962021177 4944.10320322587 5026.00089535454 4914.99281600406 4926.83378761728
"AIC" 56 5182.50487921349 5001.55110707022 4970.25487016445 5191.01406331725 4999.77925454331 4968.5366005176
"BIC" 56 5261.29947507373 5087.29816727106 5062.95439470591 5265.17368295041 5080.89133851708 5056.60114883198
"ICL" 56 5261.54285581498 5089.518676633 5064.13531558164 5266.17373419686 5083.301282221 5057.8998350347
"AWE" 56 5510.33745167522 5360.26573683384 5356.83484012309 5500.33335383003 5339.41336619477 5335.96438334908
"AIC" 57 4904.47572187002 4777.4238717236 4753.05083905042 4900.87051775859 4774.32054596364 4749.95092875514
"BIC" 57 4983.27031773026 4863.17093192445 4845.75036359187 4975.03013739175 4855.43262993741 4838.01547706952
"ICL" 57 4983.80088038785 4864.77151126357 4847.31762273196 4975.54881663623 4857.2779249276 4839.81130081548
"AWE" 57 5232.59547624808 5135.51857146442 5140.01714727341 5209.7084362694 5113.39000890137 5117.87584912986
"AIC" 58 4729.2531188169 4622.85828280868 4621.03786521671 4728.71039659045 4604.57181973224 4617.32318429789
"BIC" 58 4808.04771467713 4708.60534300952 4713.73738975816 4802.87001622361 4685.68390370601 4705.38773261227
"ICL" 58 4808.7950468469 4710.30646500061 4715.87643606702 4804.259345772 4689.93130686483 4707.32135664695
"AWE" 58 5057.58964270713 4981.05352520145 5008.57596060847 5038.41896540517 4946.0433908386 4985.38590496133
"AIC" 59 5099.05523702165 4945.34152624701 4948.07509784453 5095.95290735699 4942.9751509454 4944.94995470459
"BIC" 59 5177.84983288188 5031.08858644785 5040.77462238598 5170.11252699015 5024.08723491917 5033.01450301897
"ICL" 59 5178.87332736872 5034.28923946518 5041.12136286399 5171.1015812114 5027.37518322492 5033.39013888172
"AWE" 59 5427.66792322896 5305.03629966602 5333.82088740544 5405.26120084456 5283.48726719869 5311.4546871961
"AIC" 60 4936.30930627085 4788.72722410299 4771.90748017652 4938.99647356242 4786.26298914342 4769.25270578044
"BIC" 60 5015.10390213109 4874.47428430383 4864.60700471797 5013.15609319559 4867.37507311719 4857.31725409482
"ICL" 60 5017.04636500318 4877.26425152997 4868.59332903716 5013.18929236369 4870.22634928001 4861.28023087417
"AWE" 60 5265.84096086341 5148.01131173082 5161.29285357861 5247.34891199685 5126.33843325378 5139.34477918855
"AIC" 61 5019.76070591456 4886.84953290711 4867.63281029601 5018.8112629705 4904.71247384869 4866.51799899771
"BIC" 61 5098.55530177479 4972.59659310795 4960.33233483746 5092.97088260366 4985.82455782246 4954.58254731209
"ICL" 61 5099.09293972627 4974.29252555659 4961.8625541967 5093.48761958396 4986.50197620751 4956.13588789716
"AWE" 61 5347.88753558651 5245.03958575743 5254.56207873816 5327.64723921712 5242.61406018128 5234.20043621154
"AIC" 62 5013.49942387513 4884.88036552061 4861.3560992482 5009.65013601678 4881.02878393239 4857.50059493733
"BIC" 62 5092.29401973536 4970.62742572146 4954.05562378965 5083.80975564994 4962.14086790616 4945.56514325171
"ICL" 62 5092.49729012976 4972.05411047137 4955.90423169367 5084.01413169599 4963.57126279523 4947.41474997911
"AWE" 62 5341.29188598999 5242.80117067222 5248.60375623512 5318.17375132915 5219.683346769 5225.47929829349
"AIC" 63 5048.12521139217 4905.51822556933 4873.46006475301 5044.03743287447 4882.78665865421 4895.72830843539
"BIC" 63 5126.91980725241 4991.26528577018 4966.15958929447 5118.19705250763 4963.89874262798 4983.79285674977
"ICL" 63 5127.22171888986 4994.1008781492 4966.82430897257 5118.33186273248 4964.90845270546 4985.72741763659
"AWE" 63 5376.01631475009 5264.84793835004 5259.52383351403 5352.49148236564 5221.02053667923 5263.79196595097
"AIC" 64 5099.99073144474 5008.26625898416 4814.14591358084 5102.01676787609 4821.39051166157 4810.27879196602
"BIC" 64 5178.78532730498 5094.01331918501 4906.8454381223 5176.17638750925 4902.50259563534 4898.3433402804
"ICL" 64 5179.63710167305 5096.77219430114 4910.44640251038 5177.71971901999 4907.32809023701 4901.94366960662
"AWE" 64 5428.43169753329 5367.51925450199 5203.14592705183 5411.87933865316 5163.44017421078 5180.008217921
"AIC" 65 4880.03569159231 4884.41631298403 4705.74325011146 4897.96007686365 4741.56553440511 4703.24992352609
"BIC" 65 4958.83028745255 4970.16337318487 4798.44277465291 4972.11969649681 4822.67761837889 4791.31447184047
"ICL" 65 4959.06262307616 4973.45170074076 4800.88961569645 4972.26759117691 4824.85731019465 4793.95946769092
"AWE" 65 5207.85721893639 5244.1987609416 5093.58914023791 5206.42721081007 5080.96939416842 5072.0240160053
"AIC" 66 4930.37129396507 4823.11969303218 4800.50241254677 4927.30706665282 4820.26845230701 4797.80261257034
"BIC" 66 5009.1658898253 4908.86675323303 4893.20193708822 5001.46668628598 4901.38053628078 4885.86716088472
"ICL" 66 5009.49972912494 4912.02106207431 4895.94227159745 5001.80498655633 4904.49009987857 4888.83767719634
"AWE" 66 5258.29432498518 5182.76812227516 5188.64179613891 5235.9646061895 5160.60218385234 5166.90222551072
"AIC" 67 4933.87864883378 4801.68515278271 4834.61231956147 4934.24572823996 4799.95288279695 4788.49341237835
"BIC" 67 5012.67324469401 4887.43221298355 4927.31184410292 5008.40534787312 4881.06496677072 4876.55796069273
"ICL" 67 5013.96433552107 4889.65701638625 4928.05214887624 5009.84796123567 4883.32035185734 4880.78601296228
"AWE" 67 5262.75893138131 5160.40407658709 5220.75167341769 5244.00758086883 5139.43243583111 5158.85056127666
"AIC" 68 4627.35657759491 4530.94247391349 4505.24066969893 4618.1607074659 4529.69387765861 4707.40264987804
"BIC" 68 4706.15117345514 4616.68953411433 4597.94019424038 4692.32032709906 4610.80596163238 4795.46719819242
"ICL" 68 4706.15693628297 4616.85785097002 4598.12352840602 4692.65448454469 4610.99013950373 4795.65022629895
"AWE" 68 4954.95153214321 4887.60491117086 4890.82305294747 4926.81410417785 4867.1022234775 5073.71477461333
"AIC" 69 4948.23726870307 4797.78811669474 4771.80413334435 4945.4479986772 4794.09459251859 4768.09631246322
"BIC" 69 5027.03186456331 4883.53517689558 4864.5036578858 5019.60761831036 4875.20667649236 4856.1608607776
"ICL" 69 5027.46009233995 4885.28259100157 4866.89096099344 5020.05499755055 4876.9430762586 4858.49280193421
"AWE" 69 5276.25468820019 5156.02965120241 5159.59048553489 5254.21461718371 5133.05516023237 5136.55735024859
"AIC" 70 5165.37836082496 4986.46362076775 4965.02895914626 5137.78426852566 4982.4701228361 4961.1589443369
"BIC" 70 5244.17295668519 5072.2106809686 5057.72848368772 5211.94388815882 5063.58220680988 5049.22349265128
"ICL" 70 5248.39073783451 5079.63354099683 5059.69908311054 5213.85743695698 5071.11248795039 5051.21989384853
"AWE" 70 5497.18533369475 5350.38060119768 5352.39860765199 5448.01705659014 5327.22457192416 5329.28444216291
"AIC" 71 5011.45194204596 4816.41868228088 4797.73037095734 5008.88108106393 4814.15047405966 4795.48370121277
"BIC" 71 5090.2465379062 4902.16574248172 4890.42989549879 5083.04070069709 4895.26255803343 4883.54824952715
"ICL" 71 5091.1570664521 4905.51913805889 4892.36802254769 5084.00969785952 4898.66385663273 4885.49828341357
"AWE" 71 5339.95166231234 5176.26619825973 5185.06754708914 5318.16931749268 5154.7759406065 5163.56283172795
"AIC" 72 5069.61028906048 4888.01208015348 4866.15386121369 5066.60383311185 4877.89598565267 4862.73080793793
"BIC" 72 5148.40488492071 4973.75914035433 4958.85338575515 5140.76345274501 4959.00806962644 4950.79535625231
"ICL" 72 5148.44277362176 4974.01324644543 4960.24265226044 5140.81030570231 4960.10287979655 4952.1766308711
"AWE" 72 5397.23736948199 5244.76030664627 5252.94217680189 5374.96992533547 5216.21496377032 5230.24117918548
"AIC" 73 5100.09330709112 4891.65384741303 4872.41834211517 5075.84086289667 4888.46451707361 4868.98377567121
"BIC" 73 5178.88790295136 4977.40090761388 4965.11786665662 5150.00048252983 4969.57660104738 4957.04832398559
"ICL" 73 5180.42234720359 4979.18540042822 4965.67811273264 5150.33862721976 4971.48489105372 4957.64987945654
"AWE" 73 5429.21694306382 5249.93246062906 5258.3776372741 5384.49824685292 5227.59697502749 5235.71442777091
"AIC" 74 4816.35015450945 4687.92713909723 4681.12434400068 4814.74620020479 4872.33357216844 4657.58388232114
"BIC" 74 4895.14475036968 4773.67419929808 4773.82386854213 4888.90581983796 4953.44565614221 4745.64843063552
"ICL" 74 4895.37260927582 4774.40209174678 4774.57928896843 4889.2046753946 4953.55118235698 4746.16474127655
"AWE" 74 5144.16720513605 5045.14915194762 5067.27881350988 5123.36429502776 5209.66326633075 5024.22928959093
"AIC" 75 5207.62081623142 5025.09894045979 5027.20636766817 5204.39550221344 5021.42012704221 5023.99197810958
"BIC" 75 5286.41541209166 5110.84600066064 5119.90589220962 5278.5551218466 5102.53221101598 5112.05652642396
"ICL" 75 5287.73318992379 5114.30679242629 5120.38720701077 5279.86143662701 5105.89962414621 5112.52223786832
"AWE" 75 5536.52778578402 5385.05385262713 5413.08673155222 5514.02105626017 5362.01170811999 5390.5867861827
"AIC" 76 4907.75314870311 4805.14964080242 4830.53885540874 4908.43603957034 4806.09436766618 4797.28401793786
"BIC" 76 4986.54774456335 4890.89670100326 4923.23837995019 4982.5956592035 4887.20645163995 4885.34856625224
"ICL" 76 4986.55322255369 4891.58204424902 4923.68067267325 4982.60387331478 4887.88050487436 4885.84480863744
"AWE" 76 5235.34781841392 5162.32910444986 5216.3801972147 5216.76349294794 5143.99258884813 5163.90935695182
"AIC" 77 4837.3982624235 4753.09100393147 4803.59076634088 4826.78490252961 4753.09354521698 4804.62497625881
"BIC" 77 4916.19285828373 4838.83806413231 4896.29029088233 4900.94452216277 4834.20562919075 4892.68952457319
"ICL" 77 4916.96859639022 4841.09906993839 4897.96480838892 4901.16185318565 4836.46627743738 4894.82083201925
"AWE" 77 5165.76319225046 5111.84613013924 5190.66433293038 5135.32147281881 5092.57836141115 5172.88538033363
"AIC" 78 4806.3784010579 4689.11619011355 4678.51051927946 4812.68257743529 4692.53777716849 4680.5542808324
"BIC" 78 4885.17299691814 4774.86325031439 4771.21004382091 4886.84219706845 4773.64986114226 4768.61882914678
"ICL" 78 4887.21041507058 4777.2709784032 4774.05422334181 4889.88905930817 4777.29375714014 4772.13582674689
"AWE" 78 5136.00501093081 5048.01803860405 5066.75374788326 5124.04867894133 5033.40584111391 5050.20037506127
"AIC" 79 4964.36764269769 4857.10421009441 4830.59744944387 4961.44245937518 4854.1262615694 4827.63758173302
"BIC" 79 5043.16223855792 4942.85127029525 4923.29697398532 5035.60207900834 4935.23834554317 4915.7021300474
"ICL" 79 5043.39510398833 4947.49002989444 4926.28531848684 5035.82795112177 4939.99378128795 4918.74500174465
"AWE" 79 5292.18969984857 5218.23709009528 5218.98484302829 5269.98757075493 5196.10586526172 5196.80955005903
"AIC" 80 5199.33948025821 5010.10671011677 4993.9228441317 5179.69999964047 5006.41466188688 4990.39219692979
"BIC" 80 5278.13407611844 5095.85377031762 5086.62236867316 5253.85961927363 5087.52674586065 5078.45674524417
"ICL" 80 5279.19034920345 5102.99692659737 5090.77942603992 5255.41759103551 5094.60105928894 5082.56058381646
"AWE" 80 5527.98494506369 5373.74398679821 5383.47895058137 5489.57721066867 5350.71314326271 5360.62513213084
"AIC" 81 5418.8403103205 5259.24776357427 5231.37727060651 5414.02505950461 5255.36186976979 5227.52308814768
"BIC" 81 5497.63490618074 5344.99482377512 5324.07679514797 5488.18467913777 5336.47395374356 5315.58763646206
"ICL" 81 5499.27656450971 5356.77267663939 5332.72280223252 5491.14863905498 5348.22367447947 5324.17810997246
"AWE" 81 5748.07116036994 5627.51973684023 5625.42232677397 5725.30825868814 5604.33575845324 5602.24265828684
"AIC" 82 4972.06366858656 4822.90321301959 4794.2698918818 4968.33119369424 4818.94761887309 4790.31609383805
"BIC" 82 5050.85826444679 4908.65027322043 4886.96941642325 5042.4908133274 4900.05970284686 4878.38064215243
"ICL" 82 5052.55030032177 4913.11696330247 4890.44719022202 5044.14390090432 4904.6537089118 4881.84452206901
"AWE" 82 5301.34489618201 5183.86402350331 5183.14671476347 5278.30352053748 5160.76579288557 5159.90907038339
"AIC" 83 4662.46373988405 4575.1001786106 4573.84797082397 4659.52536806848 4579.89784459686 4570.93224632064
"BIC" 83 4741.25833574428 4660.84723881144 4666.54749536542 4733.68498770165 4661.00992857063 4658.99679463502
"ICL" 83 4741.54921784726 4662.65818471144 4667.36773356616 4733.98420553159 4661.76618664971 4659.75694174215
"AWE" 83 4990.34381370749 4933.40524491228 4960.06725810762 4968.14382516475 4917.87827062348 4937.82149005653
"AIC" 84 4966.78039264544 4794.66415408252 4760.43884623758 4961.43657436722 4791.48712556884 4757.28458485688
"BIC" 84 5045.57498850568 4880.41121428336 4853.13837077903 5035.59619400038 4872.59920954261 4845.34913317126
"ICL" 84 5046.73110950436 4882.25571210397 4854.21253716448 5036.08043011247 4874.56490741627 4846.50738554048
"AWE" 84 5295.52570536459 5153.00277230481 5146.91206170594 5270.24004974563 5130.67699139004 5124.57193385486
"AIC" 85 5115.68005383215 4952.53938646833 4931.09614309234 5295.85856263812 5108.89864444421 4927.47092816741
"BIC" 85 5194.47464969238 5038.28644666918 5023.79566763379 5370.01818227128 5190.01072841798 5015.53547648179
"ICL" 85 5195.42737794992 5043.30326479921 5028.05509188074 5371.02369007316 5191.17508912946 5019.73539167796
"AWE" 85 5444.22197381015 5314.05032500005 5320.75461642219 5605.18330970632 5447.28717310323 5297.79993999234
"AIC" 86 4984.55847503659 4818.53911792481 4786.11647017259 4980.61101153864 4814.89935971651 4782.46006440884
"BIC" 86 5063.35307089683 4904.28617812565 4878.81599471404 5054.77063117181 4896.01144369028 4870.52461272322
"ICL" 86 5063.86157905529 4908.77123521064 4881.8832140487 5055.29230886166 4900.38288164173 4873.53028927109
"AWE" 86 5312.65617491553 5179.51829541149 5174.58273859015 5289.45192849483 5156.4949656155 5151.59483758547
"AIC" 87 5010.50836085223 4830.40580472976 4807.96155819482 5007.01759281266 4827.39342520785 4804.87389026401
"BIC" 87 5089.30295671247 4916.15286493061 4900.66108273627 5081.17721244582 4908.50550918162 4892.93843857839
"ICL" 87 5091.20910712655 4920.51760157706 4904.36660457056 5082.81102627401 4913.55926454317 4896.72719602689
"AWE" 87 5340.00370298679 5191.2646617779 5197.06612911201 5316.97064590717 5169.67134851694 5174.79174434127
"AIC" 88 5032.68906817139 4818.92704795647 4772.39375135653 5009.47056511557 4817.00477588562 4770.03424876168
"BIC" 88 5111.48366403163 4904.67410815731 4865.09327589798 5083.63018474873 4898.11685985939 4858.09879707606
"ICL" 88 5112.07877255821 4907.37359202355 4867.35483555488 5085.16572895357 4900.81591414401 4860.3943084744
"AWE" 88 5360.87336841844 5178.1206522244 5160.05436009633 5319.32534858673 5156.92799811778 5138.45885678878
"AIC" 89 4810.99064567203 4700.58331349854 4694.92609254287 4808.2686283201 4696.73165617487 4692.19366417565
"BIC" 89 4889.78524153227 4786.33037369938 4787.62561708432 4882.42824795327 4777.84374014864 4780.25821249003
"ICL" 89 4889.91835651688 4789.6473793698 4788.10322077526 4882.56948009861 4781.16092245618 4780.7817016931
"AWE" 89 5138.71295237712 5060.39443957065 5080.80274531672 5116.72909973177 5037.27300642995 5058.84625000748
"AIC" 90 5003.86145570004 4878.13138173425 4824.89770039697 5009.58794283637 4861.2394898749 4842.75479329261
"BIC" 90 5082.65605156027 4963.87844193509 4917.59722493842 5083.74756246953 4942.35157384867 4930.81934160699
"ICL" 90 5083.52967254317 4964.67044391403 4917.86354626646 5083.91055455492 4943.42497933517 4931.17610679836
"AWE" 90 5332.3242684034 5235.41750411487 5210.56307080791 5318.07017418808 5199.53706330894 5209.24065511274
"AIC" 91 5283.41664561536 5122.07387204458 5090.17719971168 5281.32353881155 5120.52095822805 5125.40187183511
"BIC" 91 5362.2112414756 5207.82093224542 5182.87672425313 5355.48315844472 5201.63304220182 5213.46642014949
"ICL" 91 5362.82666046139 5212.13880963013 5185.21273458409 5356.18086467769 5206.60103052586 5216.12113797114
"AWE" 91 5611.62125632162 5482.88586983097 5477.91225912554 5590.34048431085 5462.71311449963 5494.18568628552
"AIC" 92 5208.63959396361 5087.20002750233 5063.13315361196 5204.84464316355 5083.40801003091 5059.34645270658
"BIC" 92 5287.43418982385 5172.94708770317 5155.83267815341 5279.00426279671 5164.52009400468 5147.41100102096
"ICL" 92 5287.4743397141 5173.22578348197 5156.24159898755 5279.04784586818 5164.78476812885 5147.78771092913
"AWE" 92 5536.26893557434 5443.97284368281 5448.941123529 5513.20746550134 5420.89685210262 5425.85225924351
"AIC" 93 4888.72631805975 4727.60251857639 4693.70276174795 4895.62679593659 4733.56046807797 4700.33181983667
"BIC" 93 4967.52091391999 4813.34957877723 4786.40228628941 4969.78641556975 4814.67255205174 4788.39636815105
"ICL" 93 4967.93102751542 4818.84378166292 4789.97759518306 4970.20662549772 4819.30568002826 4792.15429968311
"AWE" 93 5216.72562337565 5089.59084186376 5082.67711972451 5204.36624513088 5075.41776400204 5070.21884799749
"AIC" 94 4766.05213125503 4696.70450492481 4669.99098010133 4769.95157107255 4700.77902536491 4704.09835579572
"BIC" 94 4844.84672711527 4782.45156512565 4762.69050464279 4844.11119070572 4781.89110933868 4792.1629041101
"ICL" 94 4845.43499197846 4786.06212649253 4766.31302053887 4844.72824447921 4785.52912825226 4792.25641438024
"AWE" 94 5094.2295878387 5056.80918669337 5059.01254508033 5078.88786411237 5041.64121222603 5070.32096269462
"AIC" 95 4951.14764628342 4786.51163098268 4794.65423203239 4950.34568720364 4785.97173562582 4793.89140945061
"BIC" 95 5029.94224214366 4872.25869118353 4887.35375657384 5024.5053068368 4867.08381959959 4881.95595776499
"ICL" 95 5030.23778931046 4873.2674021211 4887.78228798234 5024.86311516448 4868.23723564892 4882.28818266164
"AWE" 95 5279.03238517069 5144.01446232194 5180.48181252379 5259.02273479764 5124.34931962269 5160.35273097602
"AIC" 96 5022.51793799144 4860.74957634685 4842.64474334 5020.77476505384 4859.46670079284 4862.92644166022
"BIC" 96 5101.31253385168 4946.49663654769 4935.34426788146 5094.934384687 4940.57878476661 4950.9909899746
"ICL" 96 5101.34348464472 4949.2860637177 4937.02456572354 5094.96743608302 4943.6411876097 4951.46528937188
"AWE" 96 5350.13808050495 5220.03312391854 5229.72409026499 5329.12705571619 5199.75327158347 5229.52983768626
"AIC" 97 5175.50213101787 5010.50666106646 4994.97588558833 5172.61430219725 5007.96350634251 4992.26556198819
"BIC" 97 5254.2967268781 5096.2537212673 5087.67541012978 5246.77392183041 5089.07559031628 5080.33011030257
"ICL" 97 5255.44220444728 5099.17627690262 5089.33962963711 5247.86580623773 5092.24318307718 5081.90743527487
"AWE" 97 5504.23680030752 5369.92333710347 5382.03915417857 5482.02542587089 5348.35526705095 5359.97198358925
"AIC" 98 4992.7150986978 4974.82868077084 4827.43551673165 4994.67988236001 4839.89300206097 4824.28342380819
"BIC" 98 5071.50969455804 5060.57574097169 4920.1350412731 5068.83950199317 4921.00508603474 4912.34797212257
"ICL" 98 5073.65797473599 5061.81466934331 4920.81525576641 5069.60260497847 4922.35947353854 4913.05462140402
"AWE" 98 5322.45257059622 5332.56172954416 5213.51478030787 5303.76222461163 5178.47155751232 5191.11916971839
"AIC" 99 5038.54164986671 4913.18801190731 4880.86487489293 5040.88066917258 4911.60626143955 4879.63928264135
"BIC" 99 5117.33624572694 4998.93507210816 4973.56439943439 5115.04028880574 4992.71834541332 4967.70383095573
"ICL" 99 5118.12995314553 5003.16695839771 4976.4168957428 5116.29526093388 4996.52590332165 4970.65594830417
"AWE" 99 5366.92454900577 5273.91401859856 5269.11642028426 5350.45488056704 5252.63798729542 5248.72049661855
"AIC" 100 5079.38265343874 4918.76594431834 4891.77925688374 5084.23314610013 4915.73547587331 4888.83932741224
"BIC" 100 5158.17724929897 5004.51300451918 4984.4787814252 5158.39276573329 4996.84755984708 4976.90387572662
"ICL" 100 5159.63182587524 5008.80387578211 4988.08978808506 5160.69141222216 5001.37473486743 4980.61725897394
"AWE" 100 5408.42642173547 5279.55093598295 5280.78931262651 5394.85103185532 5257.4868188412 5258.68180728832
