"AIC" 1 3 3 2 1
"BIC" 1 3 3 2 1
"ICL" 1 3 3 2 1
"AWE" 1 5 2 2 1
"AIC" 2 6 4 3 2
"BIC" 2 6 4 3 2
"ICL" 2 6 4 3 2
"AWE" 2 6 4 3 2
"AIC" 3 6 4 3 2
"BIC" 3 6 4 3 2
"ICL" 3 6 4 3 2
"AWE" 3 5 4 3 2
"AIC" 4 6 4 3 2
"BIC" 4 6 4 3 2
"ICL" 4 6 4 3 2
"AWE" 4 5 4 3 2
"AIC" 5 6 4 3 2
"BIC" 5 6 4 3 2
"ICL" 5 6 4 3 2
"AWE" 5 5 4 3 2
"AIC" 6 6 4 3 2
"BIC" 6 5 4 3 2
"ICL" 6 5 4 3 2
"AWE" 6 5 4 3 2
"AIC" 7 6 4 3 2
"BIC" 7 6 4 3 2
"ICL" 7 6 4 3 2
"AWE" 7 5 4 3 2
"AIC" 8 6 4 3 2
"BIC" 8 6 4 3 2
"ICL" 8 6 4 3 2
"AWE" 8 6 4 3 2
"AIC" 9 6 4 3 2
"BIC" 9 6 4 3 2
"ICL" 9 6 4 3 2
"AWE" 9 5 4 3 2
"AIC" 10 6 4 3 2
"BIC" 10 6 4 3 2
"ICL" 10 6 4 3 2
"AWE" 10 5 4 3 2
"AIC" 11 3 3 2 1
"BIC" 11 6 4 3 2
"ICL" 11 6 4 3 2
"AWE" 11 5 4 3 2
"AIC" 12 6 4 3 2
"BIC" 12 6 4 3 2
"ICL" 12 6 4 3 2
"AWE" 12 5 4 3 2
"AIC" 13 6 4 3 2
"BIC" 13 6 4 3 2
"ICL" 13 6 4 3 2
"AWE" 13 6 4 3 2
"AIC" 14 6 4 3 2
"BIC" 14 6 4 3 2
"ICL" 14 6 4 3 2
"AWE" 14 6 4 3 2
"AIC" 15 6 4 3 2
"BIC" 15 6 4 3 2
"ICL" 15 6 4 3 2
"AWE" 15 6 4 3 2
"AIC" 16 6 4 3 2
"BIC" 16 5 4 3 2
"ICL" 16 6 4 3 2
"AWE" 16 5 4 3 2
"AIC" 17 6 4 3 2
"BIC" 17 6 4 3 2
"ICL" 17 6 4 3 2
"AWE" 17 6 4 3 2
"AIC" 18 6 4 3 2
"BIC" 18 6 4 3 2
"ICL" 18 6 4 3 2
"AWE" 18 5 4 3 2
"AIC" 19 6 4 3 2
"BIC" 19 6 4 3 2
"ICL" 19 6 4 3 2
"AWE" 19 5 4 3 2
"AIC" 20 6 4 3 2
"BIC" 20 6 4 3 2
"ICL" 20 6 4 3 2
"AWE" 20 5 4 3 2
"AIC" 21 6 4 3 2
"BIC" 21 6 4 3 2
"ICL" 21 6 4 3 2
"AWE" 21 5 4 3 2
"AIC" 22 3 3 2 1
"BIC" 22 3 3 2 1
"ICL" 22 3 3 2 1
"AWE" 22 5 4 3 2
"AIC" 23 3 3 2 1
"BIC" 23 3 3 2 1
"ICL" 23 3 3 2 1
"AWE" 23 5 4 3 2
"AIC" 24 6 4 3 2
"BIC" 24 6 4 3 2
"ICL" 24 6 4 3 2
"AWE" 24 5 4 3 2
"AIC" 25 6 4 3 2
"BIC" 25 6 4 3 2
"ICL" 25 6 4 3 2
"AWE" 25 5 4 3 2
"AIC" 26 6 4 3 2
"BIC" 26 6 4 3 2
"ICL" 26 6 4 3 2
"AWE" 26 5 4 3 2
"AIC" 27 3 3 2 1
"BIC" 27 5 3 2 1
"ICL" 27 3 3 2 1
"AWE" 27 5 2 3 2
"AIC" 28 6 4 3 2
"BIC" 28 6 4 3 2
"ICL" 28 6 4 3 2
"AWE" 28 5 4 3 2
"AIC" 29 6 4 3 2
"BIC" 29 5 4 3 2
"ICL" 29 5 4 3 2
"AWE" 29 5 2 3 2
"AIC" 30 6 4 3 2
"BIC" 30 6 4 3 2
"ICL" 30 6 4 3 2
"AWE" 30 6 4 3 2
"AIC" 31 6 4 3 2
"BIC" 31 6 4 3 2
"ICL" 31 6 4 3 2
"AWE" 31 5 4 3 2
"AIC" 32 3 3 2 1
"BIC" 32 3 3 2 1
"ICL" 32 3 3 2 1
"AWE" 32 5 4 3 2
"AIC" 33 3 3 2 1
"BIC" 33 3 3 2 1
"ICL" 33 3 3 2 1
"AWE" 33 5 3 2 1
"AIC" 34 3 3 2 1
"BIC" 34 6 4 3 2
"ICL" 34 6 4 3 2
"AWE" 34 6 4 3 2
"AIC" 35 6 4 3 2
"BIC" 35 6 4 3 2
"ICL" 35 6 4 3 2
"AWE" 35 5 4 3 2
"AIC" 36 6 4 3 2
"BIC" 36 6 4 3 2
"ICL" 36 6 4 3 2
"AWE" 36 5 4 3 2
"AIC" 37 3 3 2 1
"BIC" 37 6 4 3 2
"ICL" 37 6 4 3 2
"AWE" 37 6 4 3 2
"AIC" 38 3 3 2 1
"BIC" 38 3 3 2 1
"ICL" 38 3 3 2 1
"AWE" 38 5 3 2 1
"AIC" 39 6 4 3 2
"BIC" 39 6 4 3 2
"ICL" 39 6 4 3 2
"AWE" 39 5 4 3 2
"AIC" 40 3 3 2 1
"BIC" 40 6 4 3 2
"ICL" 40 6 4 3 2
"AWE" 40 5 4 3 2
"AIC" 41 3 3 2 1
"BIC" 41 6 4 3 2
"ICL" 41 6 4 3 2
"AWE" 41 5 4 3 2
"AIC" 42 6 4 3 2
"BIC" 42 6 4 3 2
"ICL" 42 6 4 3 2
"AWE" 42 6 4 3 2
"AIC" 43 3 3 2 1
"BIC" 43 3 3 2 1
"ICL" 43 6 4 3 2
"AWE" 43 5 4 3 2
"AIC" 44 6 4 3 2
"BIC" 44 6 4 3 2
"ICL" 44 6 4 3 2
"AWE" 44 6 4 3 2
"AIC" 45 3 3 2 1
"BIC" 45 5 3 2 1
"ICL" 45 5 4 3 2
"AWE" 45 5 2 3 2
"AIC" 46 3 3 2 1
"BIC" 46 3 3 2 1
"ICL" 46 3 3 2 1
"AWE" 46 5 2 2 1
"AIC" 47 6 4 3 2
"BIC" 47 5 4 3 2
"ICL" 47 6 4 3 2
"AWE" 47 5 4 3 2
"AIC" 48 3 3 2 1
"BIC" 48 3 3 2 1
"ICL" 48 3 3 2 1
"AWE" 48 2 2 2 1
"AIC" 49 6 4 3 2
"BIC" 49 6 4 3 2
"ICL" 49 6 4 3 2
"AWE" 49 6 4 3 2
"AIC" 50 6 4 3 2
"BIC" 50 6 4 3 2
"ICL" 50 6 4 3 2
"AWE" 50 5 4 3 2
"AIC" 51 3 3 2 1
"BIC" 51 5 3 2 1
"ICL" 51 5 3 2 1
"AWE" 51 5 2 2 1
"AIC" 52 2 2 2 1
"BIC" 52 2 2 3 2
"ICL" 52 2 2 3 2
"AWE" 52 2 2 3 2
"AIC" 53 5 2 2 1
"BIC" 53 5 2 2 1
"ICL" 53 5 2 2 1
"AWE" 53 5 2 2 1
"AIC" 54 3 3 2 1
"BIC" 54 3 3 2 1
"ICL" 54 3 3 2 1
"AWE" 54 5 2 2 1
"AIC" 55 3 3 2 1
"BIC" 55 6 4 3 2
"ICL" 55 6 4 3 2
"AWE" 55 5 4 3 2
"AIC" 56 6 4 3 2
"BIC" 56 6 4 3 2
"ICL" 56 6 4 3 2
"AWE" 56 6 4 3 2
"AIC" 57 6 4 3 2
"BIC" 57 6 4 3 2
"ICL" 57 6 4 3 2
"AWE" 57 5 4 3 2
"AIC" 58 5 4 3 2
"BIC" 58 5 4 3 2
"ICL" 58 5 4 3 2
"AWE" 58 5 2 3 2
"AIC" 59 5 4 3 2
"BIC" 59 5 2 3 2
"ICL" 59 5 4 3 2
"AWE" 59 5 2 3 2
"AIC" 60 6 4 3 2
"BIC" 60 6 4 3 2
"ICL" 60 6 4 3 2
"AWE" 60 5 4 3 2
"AIC" 61 6 4 3 2
"BIC" 61 6 4 3 2
"ICL" 61 6 4 3 2
"AWE" 61 6 4 3 2
"AIC" 62 6 4 3 2
"BIC" 62 6 4 3 2
"ICL" 62 6 4 3 2
"AWE" 62 5 4 3 2
"AIC" 63 3 3 2 1
"BIC" 63 5 3 2 1
"ICL" 63 5 3 2 1
"AWE" 63 5 3 2 1
"AIC" 64 6 4 3 2
"BIC" 64 6 4 3 2
"ICL" 64 6 4 3 2
"AWE" 64 5 4 3 2
"AIC" 65 6 4 3 2
"BIC" 65 6 4 3 2
"ICL" 65 6 4 3 2
"AWE" 65 6 4 3 2
"AIC" 66 6 4 3 2
"BIC" 66 6 4 3 2
"ICL" 66 6 4 3 2
"AWE" 66 5 4 3 2
"AIC" 67 6 4 3 2
"BIC" 67 6 4 3 2
"ICL" 67 6 4 3 2
"AWE" 67 5 4 3 2
"AIC" 68 3 3 2 1
"BIC" 68 3 3 2 1
"ICL" 68 3 3 2 1
"AWE" 68 5 2 2 1
"AIC" 69 6 4 3 2
"BIC" 69 6 4 3 2
"ICL" 69 6 4 3 2
"AWE" 69 5 4 3 2
"AIC" 70 6 4 3 2
"BIC" 70 6 4 3 2
"ICL" 70 6 4 3 2
"AWE" 70 5 4 3 2
"AIC" 71 6 4 3 2
"BIC" 71 6 4 3 2
"ICL" 71 6 4 3 2
"AWE" 71 5 4 3 2
"AIC" 72 6 4 3 2
"BIC" 72 6 4 3 2
"ICL" 72 6 4 3 2
"AWE" 72 5 4 3 2
"AIC" 73 6 4 3 2
"BIC" 73 6 4 3 2
"ICL" 73 6 4 3 2
"AWE" 73 5 4 3 2
"AIC" 74 6 4 3 2
"BIC" 74 6 4 3 2
"ICL" 74 6 4 3 2
"AWE" 74 6 4 3 2
"AIC" 75 5 4 3 2
"BIC" 75 5 2 3 2
"ICL" 75 5 4 3 2
"AWE" 75 5 2 3 2
"AIC" 76 6 4 3 2
"BIC" 76 6 4 3 2
"ICL" 76 6 4 3 2
"AWE" 76 5 2 3 2
"AIC" 77 2 2 2 1
"BIC" 77 5 2 3 2
"ICL" 77 5 2 3 2
"AWE" 77 5 2 1 2
"AIC" 78 3 3 2 1
"BIC" 78 6 4 3 2
"ICL" 78 6 4 3 2
"AWE" 78 5 2 3 2
"AIC" 79 6 4 3 2
"BIC" 79 6 4 3 2
"ICL" 79 6 4 3 2
"AWE" 79 5 4 3 2
"AIC" 80 6 4 3 2
"BIC" 80 6 4 3 2
"ICL" 80 6 4 3 2
"AWE" 80 5 4 3 2
"AIC" 81 6 4 3 2
"BIC" 81 6 4 3 2
"ICL" 81 6 4 3 2
"AWE" 81 6 4 3 2
"AIC" 82 6 4 3 2
"BIC" 82 6 4 3 2
"ICL" 82 6 4 3 2
"AWE" 82 6 4 3 2
"AIC" 83 6 4 3 2
"BIC" 83 6 4 3 2
"ICL" 83 6 4 3 2
"AWE" 83 5 2 3 2
"AIC" 84 6 4 3 2
"BIC" 84 6 4 3 2
"ICL" 84 6 4 3 2
"AWE" 84 6 4 3 2
"AIC" 85 6 4 3 2
"BIC" 85 6 4 3 2
"ICL" 85 6 4 3 2
"AWE" 85 6 4 3 2
"AIC" 86 6 4 3 2
"BIC" 86 6 4 3 2
"ICL" 86 6 4 3 2
"AWE" 86 6 4 3 2
"AIC" 87 6 4 3 2
"BIC" 87 6 4 3 2
"ICL" 87 6 4 3 2
"AWE" 87 5 4 3 2
"AIC" 88 6 4 3 2
"BIC" 88 6 4 3 2
"ICL" 88 6 4 3 2
"AWE" 88 6 4 3 2
"AIC" 89 6 4 3 2
"BIC" 89 5 4 3 2
"ICL" 89 6 4 3 2
"AWE" 89 5 4 3 2
"AIC" 90 3 3 2 1
"BIC" 90 3 3 2 1
"ICL" 90 3 3 2 1
"AWE" 90 5 4 3 2
"AIC" 91 3 3 2 1
"BIC" 91 3 3 2 1
"ICL" 91 3 3 2 1
"AWE" 91 5 3 2 1
"AIC" 92 6 4 3 2
"BIC" 92 6 4 3 2
"ICL" 92 6 4 3 2
"AWE" 92 5 4 3 2
"AIC" 93 3 3 2 1
"BIC" 93 3 3 2 1
"ICL" 93 3 3 2 1
"AWE" 93 6 4 3 2
"AIC" 94 3 3 2 1
"BIC" 94 3 3 2 1
"ICL" 94 3 3 2 1
"AWE" 94 5 2 2 1
"AIC" 95 5 2 3 2
"BIC" 95 5 2 3 2
"ICL" 95 5 2 3 2
"AWE" 95 5 2 3 2
"AIC" 96 3 3 2 1
"BIC" 96 3 3 2 1
"ICL" 96 3 3 2 1
"AWE" 96 5 2 3 2
"AIC" 97 6 4 3 2
"BIC" 97 6 4 3 2
"ICL" 97 6 4 3 2
"AWE" 97 5 4 3 2
"AIC" 98 6 4 3 2
"BIC" 98 6 4 3 2
"ICL" 98 6 4 3 2
"AWE" 98 5 4 3 2
"AIC" 99 6 4 3 2
"BIC" 99 6 4 3 2
"ICL" 99 6 4 3 2
"AWE" 99 6 4 3 2
"AIC" 100 6 4 3 2
"BIC" 100 6 4 3 2
"ICL" 100 6 4 3 2
"AWE" 100 5 4 3 2
