"CCR" 1 0.933333333333333 0.986666666666667 0.993333333333333 0.93 0.986666666666667 0.993333333333333
"ARI" 1 0.820994466421548 0.961190104402701 0.980401239244494 0.813207104256828 0.961190104402701 0.980401239244494
"CCR" 2 0.94 1 1 0.94 0.996666666666667 1
"ARI" 2 0.851267461557583 1 1 0.851267461557583 0.990848139978826 1
"CCR" 3 0.913333333333333 0.993333333333333 0.986666666666667 0.913333333333333 0.993333333333333 0.986666666666667
"ARI" 3 0.779768914370432 0.980483941546775 0.961383370784001 0.779768914370432 0.980483941546775 0.961383370784001
"CCR" 4 0.953333333333333 0.99 0.95 0.953333333333333 0.99 0.986666666666667
"ARI" 4 0.875177403320635 0.971509781051979 0.8643148635579 0.875177403320635 0.971509781051979 0.961153595959117
"CCR" 5 0.94 0.993333333333333 0.946666666666667 0.94 0.993333333333333 0.996666666666667
"ARI" 5 0.834152263095319 0.979700915382355 0.850699471890982 0.834152263095319 0.979700915382355 0.989804801427063
"CCR" 6 0.92 0.973333333333333 0.976666666666667 0.92 0.976666666666667 0.98
"ARI" 6 0.785112428637877 0.921114930519112 0.930619869021785 0.785112428637877 0.930629280740244 0.940232485622899
"CCR" 7 0.926666666666667 0.993333333333333 0.996666666666667 0.926666666666667 0.993333333333333 0.996666666666667
"ARI" 7 0.804384750798996 0.979995846064363 0.989945281188977 0.804384750798996 0.979995846064363 0.989945281188977
"CCR" 8 0.92 0.986666666666667 0.986666666666667 0.92 0.986666666666667 0.983333333333333
"ARI" 8 0.778348601557367 0.958850482655295 0.958868392888762 0.778348601557367 0.958850482655295 0.948824299843608
"CCR" 9 0.923333333333333 0.976666666666667 0.98 0.923333333333333 0.976666666666667 0.98
"ARI" 9 0.795534569869291 0.9313298602444 0.940248994217991 0.795534569869291 0.9313298602444 0.940248994217991
"CCR" 10 0.933333333333333 0.983333333333333 0.986666666666667 0.933333333333333 0.983333333333333 0.986666666666667
"ARI" 10 0.816952116381022 0.949938842708258 0.959718624146317 0.816952116381022 0.949938842708258 0.959718624146317
"CCR" 11 0.94 0.996666666666667 0.996666666666667 0.94 0.996666666666667 0.996666666666667
"ARI" 11 0.852503194344015 0.990905174560248 0.990905174560248 0.852503194344015 0.990905174560248 0.990905174560248
"CCR" 12 0.91 0.98 0.986666666666667 0.91 0.98 0.99
"ARI" 12 0.755407340155551 0.939423180955202 0.959815019800275 0.755407340155551 0.939423180955202 0.96945324706479
"CCR" 13 0.933333333333333 0.986666666666667 0.99 0.936666666666667 0.986666666666667 0.99
"ARI" 13 0.826657337137014 0.960997130109753 0.970348480865652 0.834186079048233 0.960997130109753 0.970348480865652
"CCR" 14 0.923333333333333 0.983333333333333 0.986666666666667 0.923333333333333 0.983333333333333 0.986666666666667
"ARI" 14 0.781973671739364 0.948313911874271 0.958567043696645 0.781973671739364 0.948313911874271 0.958567043696645
"CCR" 15 0.906666666666667 0.993333333333333 0.996666666666667 0.906666666666667 0.993333333333333 0.996666666666667
"ARI" 15 0.758238265779604 0.979995163102253 0.989949693543972 0.758238265779604 0.979995163102253 0.989949693543972
"CCR" 16 0.923333333333333 0.98 0.983333333333333 0.923333333333333 0.98 0.983333333333333
"ARI" 16 0.798935247210598 0.942025915400542 0.951434164732616 0.798935247210598 0.942025915400542 0.951434164732616
"CCR" 17 0.893333333333333 0.986666666666667 0.993333333333333 0.893333333333333 0.986666666666667 0.993333333333333
"ARI" 17 0.738684866393515 0.961357234809226 0.980353972011148 0.738684866393515 0.961357234809226 0.980353972011148
"CCR" 18 0.936666666666667 0.976666666666667 0.936666666666667 0.933333333333333 0.98 0.936666666666667
"ARI" 18 0.833760967939914 0.934241832006488 0.833760967939914 0.82615834909005 0.943343009449184 0.833760967939914
"CCR" 19 0.93 0.99 0.99 0.93 0.99 0.99
"ARI" 19 0.81778317789564 0.971061963630865 0.971061963630865 0.81778317789564 0.971061963630865 0.971061963630865
"CCR" 20 0.923333333333333 0.993333333333333 0.99 0.923333333333333 0.993333333333333 0.99
"ARI" 20 0.818223328905271 0.981916809464622 0.973019776894554 0.818223328905271 0.981916809464622 0.973019776894554
"CCR" 21 0.893333333333333 0.993333333333333 0.993333333333333 0.893333333333333 0.993333333333333 0.993333333333333
"ARI" 21 0.723378664119215 0.979253616034982 0.979253616034982 0.723378664119215 0.979253616034982 0.979253616034982
"CCR" 22 0.913333333333333 0.973333333333333 0.973333333333333 0.913333333333333 0.97 0.973333333333333
"ARI" 22 0.780749861686804 0.924823719838052 0.924823719838052 0.780749861686804 0.91586189825076 0.924823719838052
"CCR" 23 0.893333333333333 0.99 0.99 0.893333333333333 0.99 0.99
"ARI" 23 0.736556156679437 0.970878347840593 0.970878347840593 0.736556156679437 0.970878347840593 0.970878347840593
"CCR" 24 0.89 0.986666666666667 0.993333333333333 0.886666666666667 0.99 0.99
"ARI" 24 0.729342193848599 0.962363298135273 0.981083975331291 0.722955443983461 0.971784093685381 0.971911457168067
"CCR" 25 0.963333333333333 0.996666666666667 0.996666666666667 0.963333333333333 1 0.996666666666667
"ARI" 25 0.900252281829296 0.99037106791019 0.99037106791019 0.900252281829296 1 0.99037106791019
"CCR" 26 0.966666666666667 0.993333333333333 0.99 0.966666666666667 0.993333333333333 0.99
"ARI" 26 0.900309986938442 0.979229536802751 0.968932037546112 0.900309986938442 0.979229536802751 0.968932037546112
"CCR" 27 0.94 0.993333333333333 0.996666666666667 0.94 0.996666666666667 0.996666666666667
"ARI" 27 0.845747678841796 0.981058291625163 0.990481561968454 0.845747678841796 0.990481561968454 0.990481561968454
"CCR" 28 0.923333333333333 0.99 0.996666666666667 0.92 0.99 0.996666666666667
"ARI" 28 0.797712094313727 0.970558535096974 0.990084849903147 0.788766632181854 0.970558535096974 0.990084849903147
"CCR" 29 0.93 0.98 0.986666666666667 0.93 0.983333333333333 0.986666666666667
"ARI" 29 0.817166590678246 0.942359159104957 0.961779138900617 0.817166590678246 0.95247618110671 0.961779138900617
"CCR" 30 0.92 0.986666666666667 0.986666666666667 0.92 0.986666666666667 0.983333333333333
"ARI" 30 0.778348601557367 0.958850482655295 0.958868392888762 0.778348601557367 0.958850482655295 0.948824299843608
"CCR" 31 0.923333333333333 0.976666666666667 0.98 0.923333333333333 0.976666666666667 0.98
"ARI" 31 0.795534569869291 0.9313298602444 0.940248994217991 0.795534569869291 0.9313298602444 0.940248994217991
"CCR" 32 0.92 0.986666666666667 0.986666666666667 0.92 0.986666666666667 0.983333333333333
"ARI" 32 0.778348601557367 0.958850482655295 0.958868392888762 0.778348601557367 0.958850482655295 0.948824299843608
"CCR" 33 0.923333333333333 0.976666666666667 0.98 0.923333333333333 0.976666666666667 0.98
"ARI" 33 0.795534569869291 0.9313298602444 0.940248994217991 0.795534569869291 0.9313298602444 0.940248994217991
"CCR" 34 0.933333333333333 0.983333333333333 0.986666666666667 0.933333333333333 0.983333333333333 0.986666666666667
"ARI" 34 0.816952116381022 0.949938842708258 0.959718624146317 0.816952116381022 0.949938842708258 0.959718624146317
"CCR" 35 0.94 0.996666666666667 0.996666666666667 0.94 0.996666666666667 0.996666666666667
"ARI" 35 0.852503194344015 0.990905174560248 0.990905174560248 0.852503194344015 0.990905174560248 0.990905174560248
"CCR" 36 0.91 0.98 0.986666666666667 0.91 0.98 0.99
"ARI" 36 0.755407340155551 0.939423180955202 0.959815019800275 0.755407340155551 0.939423180955202 0.96945324706479
"CCR" 37 0.933333333333333 0.986666666666667 0.99 0.936666666666667 0.986666666666667 0.99
"ARI" 37 0.826657337137014 0.960997130109753 0.970348480865652 0.834186079048233 0.960997130109753 0.970348480865652
"CCR" 38 0.923333333333333 0.983333333333333 0.986666666666667 0.923333333333333 0.983333333333333 0.986666666666667
"ARI" 38 0.781973671739364 0.948313911874271 0.958567043696645 0.781973671739364 0.948313911874271 0.958567043696645
"CCR" 39 0.906666666666667 0.993333333333333 0.996666666666667 0.906666666666667 0.993333333333333 0.996666666666667
"ARI" 39 0.758238265779604 0.979995163102253 0.989949693543972 0.758238265779604 0.979995163102253 0.989949693543972
"CCR" 40 0.923333333333333 0.98 0.983333333333333 0.923333333333333 0.98 0.983333333333333
"ARI" 40 0.798935247210598 0.942025915400542 0.951434164732616 0.798935247210598 0.942025915400542 0.951434164732616
"CCR" 41 0.893333333333333 0.986666666666667 0.993333333333333 0.893333333333333 0.986666666666667 0.993333333333333
"ARI" 41 0.738684866393515 0.961357234809226 0.980353972011148 0.738684866393515 0.961357234809226 0.980353972011148
"CCR" 42 0.936666666666667 0.976666666666667 0.936666666666667 0.933333333333333 0.98 0.936666666666667
"ARI" 42 0.833760967939914 0.934241832006488 0.833760967939914 0.82615834909005 0.943343009449184 0.833760967939914
"CCR" 43 0.93 0.99 0.99 0.93 0.99 0.99
"ARI" 43 0.81778317789564 0.971061963630865 0.971061963630865 0.81778317789564 0.971061963630865 0.971061963630865
"CCR" 44 0.923333333333333 0.993333333333333 0.99 0.923333333333333 0.993333333333333 0.99
"ARI" 44 0.818223328905271 0.981916809464622 0.973019776894554 0.818223328905271 0.981916809464622 0.973019776894554
"CCR" 45 0.893333333333333 0.993333333333333 0.993333333333333 0.893333333333333 0.993333333333333 0.993333333333333
"ARI" 45 0.723378664119215 0.979253616034982 0.979253616034982 0.723378664119215 0.979253616034982 0.979253616034982
"CCR" 93 0.913333333333333 0.986666666666667 0.99 0.913333333333333 0.99 0.99
"ARI" 93 0.774872257609166 0.960376366243057 0.970137485131262 0.774872257609166 0.970137485131262 0.970137485131262
"CCR" 94 0.93 0.99 0.993333333333333 0.93 0.99 0.993333333333333
"ARI" 94 0.814201805670403 0.970713993636223 0.980375356560356 0.814201805670403 0.970713993636223 0.980375356560356
"CCR" 95 0.936666666666667 0.99 0.943333333333333 0.936666666666667 0.99 0.996666666666667
"ARI" 95 0.836069274061561 0.971441892305693 0.8513791469856 0.836069274061561 0.971441892305693 0.990373682850862
"CCR" 96 0.93 0.983333333333333 0.99 0.93 0.986666666666667 0.986666666666667
"ARI" 96 0.813509289432565 0.950822448367876 0.970129406141325 0.813509289432565 0.960380387471869 0.960380387471869
"CCR" 97 0.926666666666667 0.993333333333333 0.996666666666667 0.66 0.656666666666667 0.936666666666667
"ARI" 97 0.792403783390041 0.979811803237387 0.990157660890553 0.535500870110113 0.523619429414536 0.817721077920144
"CCR" 98 0.913333333333333 0.986666666666667 0.986666666666667 0.913333333333333 0.983333333333333 0.983333333333333
"ARI" 98 0.767856464450724 0.960482281690712 0.960482281690712 0.767856464450724 0.950789641875005 0.950789641875005
"CCR" 99 0.9 0.993333333333333 0.996666666666667 0.68 0.716666666666667 0.996666666666667
"ARI" 99 0.760919572508917 0.980846128697258 0.990200752411793 0.462775916373469 0.59926075518152 0.990200752411793
"CCR" 100 0.98 0.99 0.99 0.64 0.99 0.99
"ARI" 100 0.941185910600777 0.970220900528124 0.970220900528124 0.429147446201447 0.970220900528124 0.970220900528124
"CCR" 46 0.943333333333333 0.99 0.986666666666667 0.943333333333333 0.99 0.986666666666667
"ARI" 46 0.843237640408114 0.970406045312001 0.960643390430272 0.843237640408114 0.970406045312001 0.960643390430272
"CCR" 47 0.916666666666667 0.976666666666667 0.976666666666667 0.916666666666667 0.976666666666667 0.976666666666667
"ARI" 47 0.766641759190556 0.927548894077108 0.927603392551837 0.766641759190556 0.927548894077108 0.927603392551837
"CCR" 48 0.883333333333333 0.986666666666667 0.98 0.883333333333333 0.986666666666667 0.976666666666667
"ARI" 48 0.70302439932815 0.959705622823014 0.940275705248081 0.70302439932815 0.959705622823014 0.930512174486563
"CCR" 49 0.933333333333333 0.986666666666667 0.986666666666667 0.726666666666667 0.723333333333333 0.986666666666667
"ARI" 49 0.824992259447463 0.962043733788586 0.962043733788586 0.605188178534068 0.592671569545619 0.962043733788586
"CCR" 50 0.946666666666667 0.993333333333333 0.946666666666667 0.946666666666667 0.993333333333333 0.993333333333333
"ARI" 50 0.857960167721229 0.980809091016766 0.857960167721229 0.857960167721229 0.980809091016766 0.980809091016766
"CCR" 51 0.97 0.98 0.993333333333333 0.97 0.98 0.996666666666667
"ARI" 51 0.911568147176423 0.940281783870593 0.980132856633887 0.911568147176423 0.940281783870593 0.989839921587436
"CCR" 52 0.933333333333333 0.986666666666667 0.983333333333333 0.933333333333333 0.986666666666667 0.936666666666667
"ARI" 52 0.806801431278092 0.960186016814231 0.949674028095583 0.806801431278092 0.960186016814231 0.8154495481097
"CCR" 53 0.913333333333333 0.993333333333333 0.99 0.916666666666667 0.99 0.916666666666667
"ARI" 53 0.768774872724549 0.980842954692254 0.970976410519504 0.779145774936857 0.971696588255632 0.778635503250872
"CCR" 54 0.92 0.983333333333333 0.99 0.92 0.983333333333333 0.993333333333333
"ARI" 54 0.793999812146087 0.951345077485168 0.970869401133875 0.793999812146087 0.951345077485168 0.980478645861084
"CCR" 55 0.92 0.99 0.986666666666667 0.696666666666667 0.99 0.986666666666667
"ARI" 55 0.811150751249911 0.973362173755531 0.964684727755494 0.627351980062707 0.973362173755531 0.964684727755494
"CCR" 56 0.916666666666667 0.99 0.986666666666667 0.916666666666667 0.99 0.986666666666667
"ARI" 56 0.775087572424337 0.969552703037538 0.959612735375065 0.775087572424337 0.969552703037538 0.959612735375065
"CCR" 57 0.933333333333333 0.996666666666667 0.936666666666667 0.933333333333333 0.996666666666667 0.936666666666667
"ARI" 57 0.82630921606785 0.99026201698095 0.833901996370236 0.82630921606785 0.99026201698095 0.833901996370236
"CCR" 58 0.906666666666667 0.986666666666667 0.913333333333333 0.906666666666667 0.986666666666667 0.913333333333333
"ARI" 58 0.741229103860283 0.957976940068393 0.756810920034403 0.741229103860283 0.957976940068393 0.756810920034403
"CCR" 59 0.933333333333333 0.986666666666667 0.993333333333333 0.933333333333333 0.986666666666667 0.993333333333333
"ARI" 59 0.829542146076711 0.962271740067458 0.980944096564974 0.829542146076711 0.962271740067458 0.980944096564974
"CCR" 60 0.953333333333333 0.996666666666667 1 0.953333333333333 0.996666666666667 1
"ARI" 60 0.873903009062328 0.989692692958589 1 0.873903009062328 0.989692692958589 1
"CCR" 61 0.926666666666667 0.983333333333333 0.93 0.926666666666667 0.986666666666667 0.986666666666667
"ARI" 61 0.792382544029053 0.948313922862052 0.801044962467655 0.792382544029053 0.958450415659979 0.958450415659979
"CCR" 62 0.986666666666667 0.99 0.99 0.986666666666667 0.99 0.99
"ARI" 62 0.95960865869634 0.97051278266411 0.97051278266411 0.95960865869634 0.97051278266411 0.97051278266411
"CCR" 63 0.93 0.983333333333333 0.983333333333333 0.93 0.983333333333333 0.983333333333333
"ARI" 63 0.815198441239026 0.951724329127782 0.951724329127782 0.815198441239026 0.951724329127782 0.951724329127782
"CCR" 64 0.913333333333333 0.996666666666667 0.993333333333333 0.913333333333333 0.996666666666667 0.993333333333333
"ARI" 64 0.757769884122571 0.990577056277075 0.980105195703043 0.757769884122571 0.990577056277075 0.980105195703043
"CCR" 65 0.92 0.993333333333333 0.996666666666667 0.92 0.993333333333333 0.996666666666667
"ARI" 65 0.809868274565157 0.981714600799529 0.990809748121683 0.809868274565157 0.981714600799529 0.990809748121683
"CCR" 66 0.93 0.986666666666667 0.983333333333333 0.93 0.986666666666667 0.983333333333333
"ARI" 66 0.812820243653998 0.96054943711659 0.95093589774353 0.812820243653998 0.96054943711659 0.95093589774353
"CCR" 67 0.936666666666667 1 0.996666666666667 0.936666666666667 1 1
"ARI" 67 0.831012604383705 1 0.990136688691228 0.831012604383705 1 1
"CCR" 68 0.956666666666667 0.99 0.99 0.956666666666667 0.99 0.99
"ARI" 68 0.881249816066921 0.970519718514881 0.970519718514881 0.881249816066921 0.970519718514881 0.970519718514881
"CCR" 69 0.906666666666667 0.993333333333333 0.993333333333333 0.906666666666667 0.993333333333333 0.993333333333333
"ARI" 69 0.76492972996216 0.980556529037616 0.980556529037616 0.76492972996216 0.980556529037616 0.980556529037616
"CCR" 70 0.94 0.98 0.943333333333333 0.94 0.98 0.986666666666667
"ARI" 70 0.839242742867581 0.942144242301446 0.845664016627216 0.839242742867581 0.942144242301446 0.960959940892106
"CCR" 71 0.926666666666667 0.996666666666667 0.996666666666667 0.59 0.996666666666667 0.993333333333333
"ARI" 71 0.789978108163168 0.989297649276985 0.989294475161486 0.368482008471235 0.989297649276985 0.978691810671343
"CCR" 72 0.903333333333333 0.99 0.983333333333333 0.903333333333333 0.99 0.986666666666667
"ARI" 72 0.760704785623882 0.971033591697947 0.952240097211285 0.760704785623882 0.971033591697947 0.961584481230906
"CCR" 73 0.906666666666667 0.976666666666667 0.976666666666667 0.906666666666667 0.976666666666667 0.976666666666667
"ARI" 73 0.754694196013051 0.930945153374739 0.930863232750595 0.754694196013051 0.930945153374739 0.930863232750595
"CCR" 74 0.943333333333333 0.986666666666667 0.99 0.943333333333333 0.986666666666667 0.946666666666667
"ARI" 74 0.849524222432271 0.961884403341395 0.971253704524949 0.849524222432271 0.961884403341395 0.857466554717212
"CCR" 75 0.94 0.986666666666667 0.99 0.94 0.986666666666667 0.99
"ARI" 75 0.837940466755651 0.960863144831207 0.970467025163327 0.837940466755651 0.960863144831207 0.970467025163327
"CCR" 76 0.93 0.983333333333333 0.986666666666667 0.93 0.983333333333333 0.986666666666667
"ARI" 76 0.8132979699245 0.951076353780769 0.960626671761559 0.8132979699245 0.951076353780769 0.960626671761559
"CCR" 77 0.936666666666667 0.986666666666667 0.986666666666667 0.936666666666667 0.986666666666667 0.986666666666667
"ARI" 77 0.834610817510286 0.961665850219779 0.961665850219779 0.834610817510286 0.961665850219779 0.961665850219779
"CCR" 78 0.933333333333333 0.996666666666667 0.996666666666667 0.933333333333333 0.996666666666667 0.996666666666667
"ARI" 78 0.825690527828413 0.990457030658105 0.990457030658105 0.825690527828413 0.990457030658105 0.990457030658105
"CCR" 79 0.906666666666667 0.99 0.993333333333333 0.906666666666667 0.99 0.993333333333333
"ARI" 79 0.754343997002274 0.969690654546367 0.979689466362536 0.754343997002274 0.969690654546367 0.979689466362536
"CCR" 80 0.933333333333333 0.99 0.99 0.933333333333333 0.933333333333333 0.936666666666667
"ARI" 80 0.827008352226416 0.971215584776596 0.971215584776596 0.827008352226416 0.82518988677838 0.834195559468676
"CCR" 81 0.926666666666667 0.996666666666667 0.926666666666667 0.926666666666667 0.986666666666667 0.996666666666667
"ARI" 81 0.801286515102501 0.989800486238717 0.801286515102501 0.801286515102501 0.959839413529717 0.989800486238717
"CCR" 82 0.943333333333333 0.993333333333333 0.99 0.943333333333333 0.993333333333333 0.99
"ARI" 82 0.843310230195132 0.979622557950888 0.969826770850256 0.843310230195132 0.979622557950888 0.969826770850256
"CCR" 83 0.983333333333333 0.996666666666667 1 0.983333333333333 0.996666666666667 1
"ARI" 83 0.947498902569034 0.989292002427008 1 0.947498902569034 0.989292002427008 1
"CCR" 84 0.896666666666667 0.986666666666667 0.993333333333333 0.896666666666667 0.986666666666667 0.993333333333333
"ARI" 84 0.748627881212986 0.960641226884766 0.979617778208182 0.748627881212986 0.960641226884766 0.979617778208182
"CCR" 85 0.9 0.986666666666667 0.99 0.9 0.986666666666667 0.99
"ARI" 85 0.736314376811596 0.959047116631598 0.969230519259163 0.736314376811596 0.959047116631598 0.969230519259163
"CCR" 86 0.7 0.996666666666667 0.99 0.943333333333333 0.996666666666667 0.99
"ARI" 86 0.526246030485114 0.990801307732035 0.972715526599161 0.857407571654873 0.990801307732035 0.972715526599161
"CCR" 87 0.93 0.996666666666667 0.99 0.93 0.996666666666667 0.993333333333333
"ARI" 87 0.81511318937914 0.990091576599685 0.97058646685484 0.81511318937914 0.990091576599685 0.980286749507678
"CCR" 88 0.926666666666667 0.99 0.983333333333333 0.926666666666667 0.99 0.983333333333333
"ARI" 88 0.81088341875474 0.971189819830593 0.951777024087355 0.81088341875474 0.971189819830593 0.951777024087355
"CCR" 89 0.933333333333333 0.996666666666667 0.99 0.933333333333333 0.993333333333333 0.993333333333333
"ARI" 89 0.826681013534342 0.990511243581675 0.971840634234576 0.826681013534342 0.980364546902141 0.981124481766085
"CCR" 90 0.986666666666667 0.99 0.986666666666667 0.986666666666667 0.99 0.986666666666667
"ARI" 90 0.963565014437097 0.972462047941065 0.963696180642741 0.963565014437097 0.972462047941065 0.963696180642741
"CCR" 91 0.926666666666667 1 0.996666666666667 0.926666666666667 1 0.996666666666667
"ARI" 91 0.802236838843559 1 0.989843016742216 0.802236838843559 1 0.989843016742216
"CCR" 92 0.893333333333333 0.99 0.996666666666667 0.893333333333333 0.986666666666667 0.996666666666667
"ARI" 92 0.732306690470335 0.970852232300349 0.990183913283279 0.732306690470335 0.961322552745299 0.990183913283279
