"AIC" 1 19926.0584068079 19310.9381188671 19206.5885598338 19922.7317322733 19307.5736877268 19203.2020486188
"BIC" 1 20051.9870109462 19447.9780704294 19354.7398588201 20041.2527714623 19437.2060743398 19343.9457826557
"ICL" 1 20057.0787484977 19467.1654918699 19372.1137905686 20046.5372450358 19456.0556447135 19361.0272654804
"AWE" 1 20353.0073526361 19789.2054434322 19720.2650895548 20325.0582842248 19760.6880313265 19691.7709995173
"AIC" 2 19784.5966028814 19138.4484463804 19035.2713424986 19780.8400677659 19134.6358240926 19031.4729191062
"BIC" 2 19910.5252070197 19275.4883979427 19183.4226414849 19899.3611069549 19264.2682107055 19172.2166531432
"ICL" 2 19918.0516807938 19288.5738006838 19192.0223846078 19906.9818696265 19277.3308810355 19180.8527835297
"AWE" 2 20213.9802849321 19610.6137522461 19540.173683594 20185.5029088155 19581.9632676484 19511.5965175667
"AIC" 3 20246.8569670048 19612.9578792907 19521.9828031726 20244.7775997075 19608.9822086584 19518.0142563368
"BIC" 3 20372.7855711431 19749.997830853 19670.1341021589 20363.2986388965 19738.6145952713 19658.7579903738
"ICL" 3 20379.2356965103 19769.9016815556 19689.3023345466 20369.9987022838 19758.4858272803 19677.9189546511
"AWE" 3 20675.1643006487 20091.9416331179 20037.4536335329 20648.5197414728 20063.1182138932 20008.6626886881
"AIC" 4 19904.5284267793 19309.2531081055 19260.1112959916 19905.4426102347 19309.6920926772 19219.8817495753
"BIC" 4 20030.4570309177 19446.2930596678 19408.2625949779 20023.9636494237 19439.3244792901 19360.6254836122
"ICL" 4 20036.409365686 19458.6915272024 19414.2520589733 20029.8466354205 19451.8779012745 19371.6182445895
"AWE" 4 20332.3379698243 19780.7314787647 19762.4033579596 20308.3676746095 19756.5102878875 19702.3619786264
"AIC" 5 20024.7916717658 19328.2433651144 19332.67049013 20021.8042424169 19324.8100372245 19219.186236958
"BIC" 5 20150.7202759041 19465.2833166767 19480.8217891162 20140.3252816059 19454.4424238375 19359.9299709949
"ICL" 5 20156.1195062251 19480.6936774224 19485.9679069594 20145.7716756289 19469.9291927898 19372.2815236255
"AWE" 5 20452.0481103634 19802.7336289847 19834.1192059457 20424.2927148179 19774.5615794027 19703.0252576624
"AIC" 6 19664.1673533679 19051.6242808109 18935.1083277881 19663.0853233847 19053.9120555611 18936.6946039977
"BIC" 6 19790.0959575062 19188.6642323732 19083.2596267743 19781.6063625737 19183.544442174 19077.4383380346
"ICL" 6 19792.1061254297 19210.5173492112 19105.5670988636 19783.5539815527 19206.7555493518 19100.9817246783
"AWE" 6 20088.034729568 19532.5573007734 19453.7183978499 20062.0750207417 19511.3879359648 19431.7254587152
"AIC" 7 20064.4675154786 19452.8549894979 19366.7686237559 20060.732369418 19451.3447312567 19365.475365909
"BIC" 7 20190.3961196169 19589.8949410601 19514.9199227421 20179.253408607 19580.9771178697 19506.2190999459
"ICL" 7 20195.8793805457 19602.5562786187 19525.7725824871 20184.7393669063 19593.7728756815 19517.2108310082
"AWE" 7 20491.807984684 19924.596230181 19873.9238814734 20463.2604060953 19898.4052622945 19847.9545650451
"AIC" 8 19757.9505140622 19097.6996381504 18988.8287946402 19754.0517237899 19095.6708766492 18986.9679176194
"BIC" 8 19883.8791182005 19234.7395897127 19136.9800936264 19872.5727629789 19225.3032632621 19127.7116516563
"ICL" 8 19890.7107691404 19253.8883317236 19153.3271331913 19879.3971559041 19244.4847215478 19144.256877739
"AWE" 8 20186.6393732787 19575.9282832858 19501.4784321776 20157.9181950931 19549.1171081608 19475.0006117759
"AIC" 9 20300.1120712824 19563.3799720523 19435.3630542895 20296.9973374377 19559.5296668913 19431.5275352514
"BIC" 9 20426.0406754207 19700.4199236146 19583.5143532757 20415.5183766267 19689.1620535042 19572.2712692883
"ICL" 9 20432.3012563191 19725.8070577228 19601.1710989046 20421.7080833351 19714.647215847 19589.9024294246
"AWE" 9 20728.2298604574 20047.8470092851 19949.3223978909 20700.2291225241 20019.2796024599 19920.6461634615
"AIC" 10 19526.1854639702 18913.5869512409 18827.3896452932 19524.5972615741 18911.8191060276 18825.6378765379
"BIC" 10 19652.1140681085 19050.6269028032 18975.5409442795 19643.118300763 19041.4514926405 18966.3816105749
"ICL" 10 19657.0330448646 19061.5050831868 18987.559654369 19648.0740357221 19052.6695934377 18978.5852768787
"AWE" 10 19952.9616490029 19383.5450347491 19335.7109533553 19926.5950749111 19357.3019800507 19309.3290109156
"AIC" 11 20131.1958900987 19497.3565548904 19383.2294123023 20127.6436634063 19493.3826990085 19379.2491873188
"BIC" 11 20257.124494237 19634.3965064527 19531.3807112885 20246.1647025953 19623.0150856214 19519.9929213558
"ICL" 11 20259.4408311726 19648.0752822132 19543.7745494795 20248.5430617032 19636.6589298438 19532.3781918672
"AWE" 11 20555.3694353109 19970.1152337755 19891.9258484658 20527.0641008922 19941.2913164567 19863.1219259041
"AIC" 12 20125.1082309968 19479.3042145309 19352.2528617059 20126.8126934661 19481.164889326 19354.0605658295
"BIC" 12 20251.0368351351 19616.3441660932 19500.4041606921 20245.3337326551 19610.7972759389 19494.8042998664
"ICL" 12 20257.9190462033 19640.0967340683 19516.7125237161 20252.1908098529 19634.5085140031 19511.0231465708
"AWE" 12 20553.8476503416 19962.1366856305 19864.8638227023 20530.7118490419 19939.1409006161 19841.7668806077
"AIC" 13 20561.8398743637 19823.6048862333 19737.5124736102 20558.3818370836 19819.7221885163 19733.7469083305
"BIC" 13 20687.768478502 19960.6448377956 19885.6637725964 20676.9028762726 19949.3545751293 19874.4906423674
"ICL" 13 20696.9461292116 19977.1219168066 19897.8131137173 20686.1721861875 19965.8401041869 19886.7906204611
"AWE" 13 20992.8747333499 20299.1618683689 20245.9644127035 20964.6932253765 20270.4724907999 20217.534354498
"AIC" 14 20062.1948035618 19322.277911953 19208.8973233268 20058.2593333089 19319.3648359455 19205.8831635788
"BIC" 14 20188.1234077001 19459.3178635153 19357.048622313 20176.7803724979 19448.9972225584 19346.6268976157
"ICL" 14 20195.6663353222 19478.0211705083 19371.8257401031 20184.3359598148 19468.1769808663 19361.318327426
"AWE" 14 20491.5949394605 19800.0611220706 19719.9770390894 20462.8569990038 19772.8093674793 19692.0620614629
"AIC" 15 19766.9242909448 19090.8229542226 18995.0296231495 19765.3849505343 19090.640224346 18994.1973730765
"BIC" 15 19892.8528950831 19227.8629057849 19143.1809221358 19883.9059897233 19220.2726109589 19134.9411071134
"ICL" 15 19902.3027509304 19243.0752517489 19155.5398098254 19893.0597108681 19234.9083688265 19147.0469201353
"AWE" 15 20198.2313550688 19565.1152033111 19503.6911088117 20171.5807500571 19539.5407554395 19477.7906541722
"AIC" 16 19818.5524290806 19186.193272397 19089.7276153562 19814.8303905134 19182.4903026957 19086.0383224313
"BIC" 16 19944.4810332189 19323.2332239593 19237.8789143424 19933.3514297024 19312.1226893087 19226.7820564682
"ICL" 16 19953.2220981531 19338.0139288074 19250.6092399395 19942.2390496073 19327.1114861119 19239.6936586397
"AWE" 16 20249.1507022914 19660.0538803697 19598.7605389258 20220.7600887963 19631.7438727248 19570.4373926766
"AIC" 17 20383.6758494387 19723.954940546 19623.7008556993 20381.0842611022 19721.5901510584 19621.2391935877
"BIC" 17 20509.604453577 19860.9948921082 19771.8521546856 20499.6053002912 19851.2225376713 19761.9829276246
"ICL" 17 20520.1168563952 19891.3373173941 19793.661209498 20510.1560861364 19881.6063042692 19783.774843121
"AWE" 17 20816.0454605335 20213.3772689564 20141.8125084843 20788.6771253254 20186.2386908821 20114.518577158
"AIC" 18 20327.1326237864 19682.2435733866 19637.8312976701 20325.9593205875 19685.6392953342 19640.8929136675
"BIC" 18 20453.0612279247 19819.2835249489 19785.9825966563 20444.4803597765 19815.2716819472 19781.6366477044
"ICL" 18 20458.0274434647 19843.7528476008 19792.4308646256 20448.3613866032 19839.6913394305 19788.0701549598
"AWE" 18 20753.956047603 20165.7927991631 20140.5821636118 20726.8824257922 20144.3237260435 20118.8138889967
"AIC" 19 20113.567056252 19370.1716909228 19273.4121334269 20114.206170014 19370.0724164332 19273.4048442079
"BIC" 19 20239.4956603903 19507.2116424851 19421.5634324131 20232.727209203 19499.7048030462 19414.1485782449
"ICL" 19 20247.1985818198 19525.465862984 19433.1927622025 20240.3257877728 19518.1986982912 19425.6883643692
"AWE" 19 20543.1271859581 19847.5058145463 19781.3440611887 20518.8468269618 19822.8310849042 19756.4320984061
"AIC" 20 19872.2789184095 19338.7160731419 19239.1988348818 19872.1456897836 19335.5758229868 19235.6504194302
"BIC" 20 19998.2075225478 19475.7560247041 19387.3501338681 19990.6667289726 19465.2082095998 19376.3941534672
"ICL" 20 20005.5840064675 19494.1172854088 19400.2522468527 19997.6577426683 19483.0483468534 19388.9211950922
"AWE" 20 20301.5126106058 19816.1572369711 19748.4035458389 20276.1787818573 19787.6807334664 19719.6649291291
"AIC" 21 20030.6153084381 19268.6487699772 19175.5632288548 20032.4961395122 19267.2486345534 19174.0693605866
"BIC" 21 20156.5439125764 19405.6887215394 19323.714527841 20151.0171787012 19396.8810211664 19314.8130946236
"ICL" 21 20163.5442157257 19425.0648574676 19342.1107897388 20158.0755679266 19416.2908599019 19333.3300161934
"AWE" 21 20459.472819864 19747.1048090298 19690.262088725 20436.5966071156 19720.9232465149 19664.0737502303
"AIC" 22 19875.0473259953 19178.7852725906 19065.9073793987 19878.2601549569 19180.81591375 19067.8781206981
"BIC" 22 20000.9759301337 19315.8252241528 19214.0586783849 19996.7811941459 19310.448300363 19208.6218547351
"ICL" 22 20006.1897760041 19335.2808686743 19231.7903250848 20001.9096178421 19330.3236218742 19226.5777185155
"AWE" 22 20302.1183801424 19657.3208202366 19579.9416240711 20280.4306570311 19634.9560084871 19557.3214525524
"AIC" 23 19794.9816487697 19151.7161463851 19041.6910905596 19798.4264021893 19152.9660289569 19043.5832470834
"BIC" 23 19920.910252908 19288.7560979474 19189.8423895458 19916.9474413783 19282.5984155699 19184.3269811203
"ICL" 23 19928.6074752114 19302.7817237152 19200.8217487867 19925.1287162032 19297.0219111436 19195.4241639721
"AWE" 23 20224.5360793497 19624.8216752775 19548.973047773 20203.6497553922 19601.6542977565 19526.167898009
"AIC" 24 20060.5549133303 19589.8410756591 19506.5760427776 20062.1505425563 19591.4942221109 19508.3671258972
"BIC" 24 20186.4835174686 19726.8810272214 19654.7273417639 20180.6715817453 19721.1266087239 19649.1108599341
"ICL" 24 20197.7443395908 19751.9528106637 19673.4776778145 20192.2304416715 19746.5180572229 19668.1182787527
"AWE" 24 20493.6729437291 20073.992762226 20021.6289768008 20470.7514808605 20051.1504438359 19998.8620127896
"AIC" 25 19772.2449813071 19149.6709027508 19048.9055697745 19771.250893288 19149.1628986743 19048.5039271245
"BIC" 25 19898.1735854455 19286.7108543131 19197.0568687607 19889.771932477 19278.7952852872 19189.2476611615
"ICL" 25 19902.0637448335 19297.6414618338 19205.8815908803 19893.654861104 19290.4753698571 19198.8075178229
"AWE" 25 20197.9923489718 19619.6814133961 19554.0328898665 20172.175900293 19595.1077564701 19529.5512518598
"AIC" 26 19750.0744670334 19142.5681917603 19048.2561905032 19747.8194831679 19140.496861124 19046.1859068599
"BIC" 26 19876.0030711717 19279.6081433226 19196.4074894895 19866.3405223569 19270.129247737 19186.9296408969
"ICL" 26 19882.5042669101 19296.074979213 19209.7434165739 19872.8477903357 19286.5157640608 19200.2247239953
"AWE" 26 20178.4328710484 19618.1149307752 19557.8947155601 20151.3688295247 19591.1481506738 19530.9684580323
"AIC" 27 20263.0740955329 19600.6090049461 19498.0151988619 20261.7820148294 19598.1500219248 19495.5436829898
"BIC" 27 20389.0026996712 19737.6489565084 19646.1664978481 20380.3030540184 19727.7824085378 19636.2874170267
"ICL" 27 20392.8346539919 19756.9176827501 19660.2935153308 20384.1957057802 19746.9347149115 19650.1971216989
"AWE" 27 20688.7632581302 20078.9576343124 20008.444814317 20662.7167449692 20051.5671015245 19980.9408557358
"AIC" 28 19770.5054517315 19047.4607785038 18935.0952561064 19767.5772149996 19044.763504098 18932.4893942309
"BIC" 28 19896.4340558698 19184.5007300661 19083.2465550926 19886.0982541886 19174.3958907109 19073.2331282678
"ICL" 28 19904.6782119837 19194.9573651077 19091.8228447924 19894.3674377469 19184.9707246747 19081.9024473643
"AWE" 28 20200.606816122 19516.99731667 19439.9741437787 20172.8884769359 19489.6031112877 19412.6461814012
"AIC" 29 19815.384237699 19196.5926689623 19076.4355330098 19812.5398541752 19194.2388335174 19073.9976279062
"BIC" 29 19941.3128418373 19333.6326205246 19224.586831996 19931.0608933642 19323.8712201304 19214.7413619431
"ICL" 29 19947.8564316498 19354.2443351371 19242.2583360361 19937.3631921724 19344.3154838746 19232.3540879769
"AWE" 29 20243.7850357881 19676.2842866993 19590.4096350224 20215.8842313614 19648.9478704876 19563.0978220138
"AIC" 30 19757.9505140622 19097.6996381504 18988.8287946402 19754.0517237899 19095.6708766492 18986.9679176194
"BIC" 30 19883.8791182005 19234.7395897127 19136.9800936264 19872.5727629789 19225.3032632621 19127.7116516563
"ICL" 30 19890.7107691404 19253.8883317236 19153.3271331913 19879.3971559041 19244.4847215478 19144.256877739
"AWE" 30 20186.6393732787 19575.9282832858 19501.4784321776 20157.9181950931 19549.1171081608 19475.0006117759
"AIC" 31 20300.1120712824 19563.3799720523 19435.3630542895 20296.9973374377 19559.5296668913 19431.5275352514
"BIC" 31 20426.0406754207 19700.4199236146 19583.5143532757 20415.5183766267 19689.1620535042 19572.2712692883
"ICL" 31 20432.3012563191 19725.8070577228 19601.1710989046 20421.7080833351 19714.647215847 19589.9024294246
"AWE" 31 20728.2298604574 20047.8470092851 19949.3223978909 20700.2291225241 20019.2796024599 19920.6461634615
"AIC" 32 19757.9505140622 19097.6996381504 18988.8287946402 19754.0517237899 19095.6708766492 18986.9679176194
"BIC" 32 19883.8791182005 19234.7395897127 19136.9800936264 19872.5727629789 19225.3032632621 19127.7116516563
"ICL" 32 19890.7107691404 19253.8883317236 19153.3271331913 19879.3971559041 19244.4847215478 19144.256877739
"AWE" 32 20186.6393732787 19575.9282832858 19501.4784321776 20157.9181950931 19549.1171081608 19475.0006117759
"AIC" 33 20300.1120712824 19563.3799720523 19435.3630542895 20296.9973374377 19559.5296668913 19431.5275352514
"BIC" 33 20426.0406754207 19700.4199236146 19583.5143532757 20415.5183766267 19689.1620535042 19572.2712692883
"ICL" 33 20432.3012563191 19725.8070577228 19601.1710989046 20421.7080833351 19714.647215847 19589.9024294246
"AWE" 33 20728.2298604574 20047.8470092851 19949.3223978909 20700.2291225241 20019.2796024599 19920.6461634615
"AIC" 34 19526.1854639702 18913.5869512409 18827.3896452932 19524.5972615741 18911.8191060276 18825.6378765379
"BIC" 34 19652.1140681085 19050.6269028032 18975.5409442795 19643.118300763 19041.4514926405 18966.3816105749
"ICL" 34 19657.0330448646 19061.5050831868 18987.559654369 19648.0740357221 19052.6695934377 18978.5852768787
"AWE" 34 19952.9616490029 19383.5450347491 19335.7109533553 19926.5950749111 19357.3019800507 19309.3290109156
"AIC" 35 20131.1958900987 19497.3565548904 19383.2294123023 20127.6436634063 19493.3826990085 19379.2491873188
"BIC" 35 20257.124494237 19634.3965064527 19531.3807112885 20246.1647025953 19623.0150856214 19519.9929213558
"ICL" 35 20259.4408311726 19648.0752822132 19543.7745494795 20248.5430617032 19636.6589298438 19532.3781918672
"AWE" 35 20555.3694353109 19970.1152337755 19891.9258484658 20527.0641008922 19941.2913164567 19863.1219259041
"AIC" 36 20125.1082309968 19479.3042145309 19352.2528617059 20126.8126934661 19481.164889326 19354.0605658295
"BIC" 36 20251.0368351351 19616.3441660932 19500.4041606921 20245.3337326551 19610.7972759389 19494.8042998664
"ICL" 36 20257.9190462033 19640.0967340683 19516.7125237161 20252.1908098529 19634.5085140031 19511.0231465708
"AWE" 36 20553.8476503416 19962.1366856305 19864.8638227023 20530.7118490419 19939.1409006161 19841.7668806077
"AIC" 37 20561.8398743637 19823.6048862333 19737.5124736102 20558.3818370836 19819.7221885163 19733.7469083305
"BIC" 37 20687.768478502 19960.6448377956 19885.6637725964 20676.9028762726 19949.3545751293 19874.4906423674
"ICL" 37 20696.9461292116 19977.1219168066 19897.8131137173 20686.1721861875 19965.8401041869 19886.7906204611
"AWE" 37 20992.8747333499 20299.1618683689 20245.9644127035 20964.6932253765 20270.4724907999 20217.534354498
"AIC" 38 20062.1948035618 19322.277911953 19208.8973233268 20058.2593333089 19319.3648359455 19205.8831635788
"BIC" 38 20188.1234077001 19459.3178635153 19357.048622313 20176.7803724979 19448.9972225584 19346.6268976157
"ICL" 38 20195.6663353222 19478.0211705083 19371.8257401031 20184.3359598148 19468.1769808663 19361.318327426
"AWE" 38 20491.5949394605 19800.0611220706 19719.9770390894 20462.8569990038 19772.8093674793 19692.0620614629
"AIC" 39 19766.9242909448 19090.8229542226 18995.0296231495 19765.3849505343 19090.640224346 18994.1973730765
"BIC" 39 19892.8528950831 19227.8629057849 19143.1809221358 19883.9059897233 19220.2726109589 19134.9411071134
"ICL" 39 19902.3027509304 19243.0752517489 19155.5398098254 19893.0597108681 19234.9083688265 19147.0469201353
"AWE" 39 20198.2313550688 19565.1152033111 19503.6911088117 20171.5807500571 19539.5407554395 19477.7906541722
"AIC" 40 19818.5524290806 19186.193272397 19089.7276153562 19814.8303905134 19182.4903026957 19086.0383224313
"BIC" 40 19944.4810332189 19323.2332239593 19237.8789143424 19933.3514297024 19312.1226893087 19226.7820564682
"ICL" 40 19953.2220981531 19338.0139288074 19250.6092399395 19942.2390496073 19327.1114861119 19239.6936586397
"AWE" 40 20249.1507022914 19660.0538803697 19598.7605389258 20220.7600887963 19631.7438727248 19570.4373926766
"AIC" 41 20383.6758494387 19723.954940546 19623.7008556993 20381.0842611022 19721.5901510584 19621.2391935877
"BIC" 41 20509.604453577 19860.9948921082 19771.8521546856 20499.6053002912 19851.2225376713 19761.9829276246
"ICL" 41 20520.1168563952 19891.3373173941 19793.661209498 20510.1560861364 19881.6063042692 19783.774843121
"AWE" 41 20816.0454605335 20213.3772689564 20141.8125084843 20788.6771253254 20186.2386908821 20114.518577158
"AIC" 42 20327.1326237864 19682.2435733866 19637.8312976701 20325.9593205875 19685.6392953342 19640.8929136675
"BIC" 42 20453.0612279247 19819.2835249489 19785.9825966563 20444.4803597765 19815.2716819472 19781.6366477044
"ICL" 42 20458.0274434647 19843.7528476008 19792.4308646256 20448.3613866032 19839.6913394305 19788.0701549598
"AWE" 42 20753.956047603 20165.7927991631 20140.5821636118 20726.8824257922 20144.3237260435 20118.8138889967
"AIC" 43 20113.567056252 19370.1716909228 19273.4121334269 20114.206170014 19370.0724164332 19273.4048442079
"BIC" 43 20239.4956603903 19507.2116424851 19421.5634324131 20232.727209203 19499.7048030462 19414.1485782449
"ICL" 43 20247.1985818198 19525.465862984 19433.1927622025 20240.3257877728 19518.1986982912 19425.6883643692
"AWE" 43 20543.1271859581 19847.5058145463 19781.3440611887 20518.8468269618 19822.8310849042 19756.4320984061
"AIC" 44 19872.2789184095 19338.7160731419 19239.1988348818 19872.1456897836 19335.5758229868 19235.6504194302
"BIC" 44 19998.2075225478 19475.7560247041 19387.3501338681 19990.6667289726 19465.2082095998 19376.3941534672
"ICL" 44 20005.5840064675 19494.1172854088 19400.2522468527 19997.6577426683 19483.0483468534 19388.9211950922
"AWE" 44 20301.5126106058 19816.1572369711 19748.4035458389 20276.1787818573 19787.6807334664 19719.6649291291
"AIC" 45 20030.6153084381 19268.6487699772 19175.5632288548 20032.4961395122 19267.2486345534 19174.0693605866
"BIC" 45 20156.5439125764 19405.6887215394 19323.714527841 20151.0171787012 19396.8810211664 19314.8130946236
"ICL" 45 20163.5442157257 19425.0648574676 19342.1107897388 20158.0755679266 19416.2908599019 19333.3300161934
"AWE" 45 20459.472819864 19747.1048090298 19690.262088725 20436.5966071156 19720.9232465149 19664.0737502303
"AIC" 93 20014.6905196506 19419.4708331398 19309.2450243183 20011.9972095987 19419.6896800142 19309.6183173242
"BIC" 93 20140.6191237889 19556.5107847021 19457.3963233045 20130.5182487877 19549.3220666272 19450.3620513612
"ICL" 93 20147.7845238734 19572.3801016933 19472.3924488276 20137.8173825246 19565.4176172216 19465.5205403282
"AWE" 93 20443.7131280117 19894.4200532556 19820.5437478138 20416.3384217136 19870.0500038346 19796.2642743651
"AIC" 94 20097.372857948 19429.2901414068 19313.3195331374 20093.5715310044 19425.3734045538 19309.3470752866
"BIC" 94 20223.3014620863 19566.3300929691 19461.4708321237 20212.0925701934 19555.0057911667 19450.0908093235
"ICL" 94 20230.6962184687 19584.0317650522 19476.7155839238 20219.4182839156 19572.8016139758 19465.3499022217
"AWE" 94 20526.624822607 19906.0717166145 19824.8668829101 20497.9393231046 19877.4340005887 19796.0936362586
"AIC" 95 20176.5144511509 19474.2883328488 19490.5001641167 20178.4652666001 19476.3166658888 19397.024235571
"BIC" 95 20302.4430552892 19611.3282844111 19638.651463103 20296.9863057891 19605.9490525017 19537.7679696079
"ICL" 95 20307.0248024274 19625.4769972047 19646.7060220368 20301.7209535356 19620.4562884966 19548.2590880882
"AWE" 95 20602.9534065657 19947.516948767 19994.8573210231 20580.2419927246 19925.0886751096 19879.0028221252
"AIC" 96 20151.1941460861 19460.0981542807 19347.5487905327 20147.9962986194 19458.9504112688 19346.0410582041
"BIC" 96 20277.1227502244 19597.1381058429 19495.700089519 20266.5173378084 19588.5827978818 19486.7847922411
"ICL" 96 20283.1858196095 19614.6572274825 19510.8812630213 20272.5595106571 19606.2380691479 19501.9113382954
"AWE" 96 20579.1144237479 19936.6971790448 19859.0325620075 20551.0805498461 19910.8704557609 19832.6550723323
"AIC" 97 19571.690705738 18906.7364938255 18807.8668989361 20358.5969555361 19700.7515193621 18908.2325292722
"BIC" 97 19697.6193098763 19043.7764453878 18956.0181979224 20477.1179947251 19830.383905975 19048.9762633092
"ICL" 97 19705.3543704327 19058.785784772 18969.5386119847 20478.3101997523 19834.211878316 19057.9740583965
"AWE" 97 20001.282974571 19380.8257363343 19317.689910971 20756.8312389413 20138.844264929 19388.7177924335
"AIC" 98 19733.4594227857 19199.4337603835 19103.8964454222 19733.9120167974 19199.2113969674 19103.775023044
"BIC" 98 19859.3880269241 19336.4737119458 19252.0477444085 19852.4330559864 19328.8437835803 19244.5187570809
"ICL" 98 19866.1049974239 19359.8385755652 19269.8301666641 19859.1352831261 19352.3828630776 19262.3311247835
"AWE" 98 20162.0336015622 19681.8785271275 19617.9814656504 20137.6563223151 19657.0152496906 19593.0748588204
"AIC" 99 19827.2548887231 19094.0744134074 19012.0324788614 19884.8855934191 19759.4583256026 19014.0309034636
"BIC" 99 19953.1834928614 19231.1143649697 19160.1837778477 20003.4066326081 19889.0907122156 19154.7746375006
"ICL" 99 19957.6934407733 19248.17674636 19173.3646507164 20024.5868539446 19897.2063610264 19168.1148856389
"AWE" 99 20253.6220449116 19570.2166979223 19521.5159497026 20303.1078931336 20201.8387476394 19498.8586196758
"AIC" 100 20079.3393700012 19312.5824252921 19228.0800885336 20174.3423254672 19308.9599306491 19224.4763947577
"BIC" 100 20205.2679741395 19449.6223768544 19376.2313875199 20292.8633646562 19438.5923172621 19365.2201287947
"ICL" 100 20209.2616774778 19462.4341615476 19385.9823280812 20312.6409046676 19451.462137298 19375.0229588854
"AWE" 100 20505.1902816162 19784.4741131099 19734.1336270675 20591.1619438566 19756.0945239109 19705.7666929224
"AIC" 46 19829.7457887919 19214.8602830045 19139.0067328155 19825.7823769968 19210.9704114738 19135.1170200006
"BIC" 46 19955.6743929302 19351.9002345668 19287.1580318017 19944.3034161858 19340.6027980868 19275.8607540375
"ICL" 46 19961.3229560994 19362.5861222457 19297.8078453557 19949.901610763 19351.2019673601 19286.4149386587
"AWE" 46 20257.2515602377 19684.626073808 19645.959144342 20228.422649952 19655.8343539731 19617.1586726957
"AIC" 47 19764.6420414671 19074.7906996628 18995.5947777784 19761.0292251843 19072.2444616196 18992.9430093618
"BIC" 47 19890.5706456054 19211.830651225 19143.7460767647 19879.5502643733 19201.8768482326 19133.6867433987
"ICL" 47 19902.4160411484 19233.3023965072 19162.4169476477 19891.2597689815 19223.5979753368 19152.2930397976
"AWE" 47 20198.3446452867 19555.3423480695 19510.568246634 20169.7808081705 19528.2303619498 19483.0367738346
"AIC" 48 20262.4309868451 19622.9877106821 19516.8052516783 20259.6378232141 19620.2426202458 19514.0977324011
"BIC" 48 20388.3595909834 19760.0276622444 19664.9565506646 20378.1588624031 19749.8750068588 19654.841466438
"ICL" 48 20403.9907299304 19783.6897693531 19683.0365376297 20393.9521131823 19773.5348033319 19672.9217238774
"AWE" 48 20699.9193340687 20105.7297209154 20031.1878366159 20672.4731523713 20078.1671899449 20003.6654579143
"AIC" 49 19755.6573038211 19184.2433087663 19093.0165897031 20713.9363990322 19908.4330120887 19090.3122685842
"BIC" 49 19881.5859079594 19321.2832603286 19241.1678886893 20832.4574382212 20038.0653987016 19231.0560026212
"ICL" 49 19888.0062747408 19331.1967551289 19250.1371520415 20832.9063942457 20041.5886713503 19239.9237390545
"AWE" 49 20183.9348788791 19653.2367066912 19598.2884510278 21111.4274334347 20346.2210579633 19570.6674730915
"AIC" 50 19707.6644223198 19182.6761559264 19152.4084370059 19704.060622309 19178.7707033607 19081.8685694706
"BIC" 50 19833.5930264581 19319.7161074886 19300.5597359921 19822.581661498 19308.4030899736 19222.6123035075
"ICL" 50 19837.530736941 19333.8492138036 19307.1959511878 19826.698685982 19322.5593484134 19235.3827023378
"AWE" 50 20133.4593410793 19655.8891653658 19655.3472501741 20105.219725171 19627.1917350263 19566.1264363747
"AIC" 51 20311.4336481987 19564.3054984501 19465.592687193 20311.8834122273 19563.2316786949 19464.904170311
"BIC" 51 20437.362252337 19701.3454500124 19613.7439861792 20430.4044514163 19692.8640653078 19605.647904348
"ICL" 51 20448.2016236028 19722.1835925642 19627.983980789 20441.5359114354 19713.6825996536 19619.3453398314
"AWE" 51 20744.1302277411 20044.2235441265 19976.1352797752 20720.0569506244 20018.3149862665 19950.0890738684
"AIC" 52 19703.5697275193 19116.2675876727 18991.8924205205 19700.5442877628 19112.9317308854 19098.5688790094
"BIC" 52 19829.4983316576 19253.307539235 19140.0437195068 19819.0653269518 19242.5641174984 19239.3126130464
"ICL" 52 19832.3136962583 19264.2589698124 19153.13615728 19821.997693279 19253.5371413511 19243.4687867398
"AWE" 52 20128.2423003966 19586.2989213747 19501.2874562662 20100.518732468 19558.169527964 19574.2125207768
"AIC" 53 19766.4323013356 19154.9186000045 19055.3637555971 19772.022892503 19161.5974532381 19220.9105332966
"BIC" 53 19892.3609054739 19291.9585515668 19203.5150545833 19890.543931692 19291.2298398511 19361.6542673336
"ICL" 53 19901.3349726967 19310.992300412 19217.8053229205 19900.0407668702 19310.7228183839 19368.4674360643
"AWE" 53 20197.263576835 19633.0322519743 19565.9566219067 20178.5618060592 19615.3552049968 19699.2111701012
"AIC" 54 19789.2414084193 19240.286053286 19127.8545317047 19785.7635174822 19237.2668222464 19124.7997847195
"BIC" 54 19915.1700125576 19377.3260048483 19276.0058306909 19904.2845566712 19366.8992088594 19265.5435187565
"ICL" 54 19923.967310921 19397.2751871284 19294.3272212239 19913.1897620755 19386.7692459941 19283.8373275843
"AWE" 54 20219.8959150593 19719.3151386907 19642.4785202101 20191.7108012645 19691.401632607 19614.5810616213
"AIC" 55 20004.872807304 19386.7851246435 19295.3593088792 20574.4694774055 19383.7351812665 19292.3321894445
"BIC" 55 20130.8014114423 19523.8250762057 19443.5106078655 20692.9905165945 19513.3675678795 19433.0759234814
"ICL" 55 20139.2344160049 19543.5262182287 19459.7628817017 20694.6816499998 19533.1994971884 19449.5482085053
"AWE" 55 20435.1630201432 19865.566169791 19807.9141806879 20973.2026891888 19837.8318838014 19780.2919425423
"AIC" 56 19752.9978983217 19086.5224461071 18985.8786272419 19751.1725468677 19084.9414651943 18984.2011925582
"BIC" 56 19878.92650246 19223.5623976694 19134.0299262282 19869.6935860567 19214.5738518072 19124.9449265951
"ICL" 56 19886.4502660103 19240.7470357397 19145.8677245223 19877.3113933047 19231.8640953277 19136.7890468763
"AWE" 56 20182.3788701487 19562.786987302 19494.0190235085 20155.8324324937 19536.4964819407 19467.5327809132
"AIC" 57 19894.1536149536 19211.4825134755 19215.610298224 19890.5884915623 19208.0188598444 19212.027577634
"BIC" 57 20020.0822190919 19348.5224650378 19363.7615972102 20009.1095307513 19337.6512464574 19352.771311671
"ICL" 57 20024.1504889484 19364.6068053459 19368.8651568842 20013.1834706147 19353.7311474422 19357.884361886
"AWE" 57 20320.0790930867 19686.6467569082 19717.0164558705 20291.7045098037 19658.3635340552 19688.6280959229
"AIC" 58 19435.4673697787 18929.2517918593 18958.7816764721 19432.9998830318 18926.8031790011 18956.3119774769
"BIC" 58 19561.3959739171 19066.2917434216 19106.9329754583 19551.5209222208 19056.4355656141 19097.0557115139
"ICL" 58 19569.7446883806 19091.7608031496 19118.2647828708 19559.9126596832 19081.8360639783 19108.3302267769
"AWE" 58 19865.6732925189 19413.8007547119 19466.4160818571 19838.4336988722 19386.4684505913 19439.0739608138
"AIC" 59 20138.4821173926 19381.2690244707 19285.8086281947 20136.0930334924 19377.5351579341 19282.1448045514
"BIC" 59 20264.4107215309 19518.308976033 19433.9599271809 20254.6140726814 19507.167544547 19422.8885385884
"ICL" 59 20270.9318271917 19535.9066616621 19445.1308321331 20261.2135113791 19524.7333109183 19433.9927569321
"AWE" 59 20566.86043133 19857.9466132244 19793.2821311194 20539.7345505681 19829.3656975313 19764.736490969
"AIC" 60 19796.7673440517 19227.3480976691 19138.8857046274 19797.5594297179 19227.8069899265 19139.2709124731
"BIC" 60 19922.6959481901 19364.3880492313 19287.0370036136 19916.0804689069 19357.4393765394 19280.0146465101
"ICL" 60 19929.3729764118 19375.0230213427 19295.270258662 19922.7724937437 19368.1695336188 19288.1408565074
"AWE" 60 20225.3015805501 19697.062972905 19643.4215576483 20201.2935329327 19672.8019202317 19618.8845905444
"AIC" 61 19403.6032925885 18838.9013928073 18840.2468619084 19401.0945747945 18838.6265035296 18742.6572306193
"BIC" 61 19529.5318967268 18975.9413443696 18988.3981608946 19519.6156139835 18968.2588901425 18883.4009646563
"ICL" 61 19534.0858029494 18991.6840639885 18995.6671097309 19524.279637877 18984.2345427419 18898.9945153495
"AWE" 61 19830.0144070878 19313.7240155508 19343.8184087171 19802.800677066 19288.8669293549 19229.7382493864
"AIC" 62 19736.7425665739 19254.4639449228 19192.4361176714 19732.8996557648 19250.6313723393 19188.6384526741
"BIC" 62 19862.6711707122 19391.5038964851 19340.5874166576 19851.4206949538 19380.2637589523 19329.382186711
"ICL" 62 19868.1327847375 19401.7652528597 19349.7015903662 19856.7101566428 19390.5219442187 19338.4223312757
"AWE" 62 20164.0613888758 19723.805204422 19697.8528893524 20135.2311958318 19695.1543308317 19669.1660653126
"AIC" 63 19693.8109553333 19138.6551692244 19050.9632115019 19699.4841754104 19142.5029226977 19054.5055944437
"BIC" 63 19819.7395594716 19275.6951207867 19199.1145104882 19818.0052145994 19272.1353093106 19195.2493284807
"ICL" 63 19824.3665212422 19292.431113363 19214.8390328145 19823.1423929989 19288.8037550953 19210.9892246143
"AWE" 63 20120.2951253805 19614.4710649253 19562.9903318008 20101.6634321879 19593.4361417083 19541.7329586512
"AIC" 64 19885.2812291035 19222.14668074 19129.0568726833 19882.6885307092 19221.4141816534 19128.7116438777
"BIC" 64 20011.2098332419 19359.1866323023 19277.2081716696 20001.2095698982 19351.0465682664 19269.4553779146
"ICL" 64 20018.6751206484 19382.5767798016 19293.6996820248 20008.7363700042 19374.755845673 19286.1081652786
"AWE" 64 20314.6037247867 19704.6167313639 19641.8509810111 20287.2574091932 19679.388232286 19616.8518993155
"AIC" 65 20111.0484888125 19518.4595044568 19417.2149885967 20111.9029859823 19521.4387785813 19419.8683067474
"BIC" 65 20236.9770929508 19655.499456019 19565.3662875829 20230.4240251713 19651.0711651943 19560.6120407843
"ICL" 65 20239.7502563436 19672.3746822559 19579.4083428616 20233.0825414839 19668.9028029074 19575.1976947611
"AWE" 65 20535.6788604819 19994.4146338182 19927.5596418479 20511.6035806729 19973.5351895203 19905.9414287981
"AIC" 66 20033.5568872237 19370.8896640354 19302.2100392639 20030.2079934641 19367.758288978 19299.0778385429
"BIC" 66 20159.485491362 19507.9296155977 19450.3613382502 20148.7290326531 19497.390675591 19439.8215725798
"ICL" 66 20167.2741237486 19529.0456575485 19467.0854720789 20156.5525489542 19518.609736656 19456.6538227628
"AWE" 66 20463.202727887 19851.0856091107 19815.2367710652 20435.0735881432 19823.242123269 19787.3975567998
"AIC" 67 20011.29564587 19365.0638092476 19271.41320238 20008.8323510674 19361.8239087001 19268.2066336617
"BIC" 67 20137.2242500083 19502.1037608099 19419.5645013663 20127.3533902564 19491.456295313 19408.9503676986
"ICL" 67 20144.7369974043 19514.0281499789 19430.0898992108 20135.1547778308 19503.2902394028 19419.3940195768
"AWE" 67 20440.6656015426 19836.0681015412 19778.2411981971 20413.6758170198 19807.9226260158 19750.1377536138
"AIC" 68 19812.7270136026 19205.1426971693 19086.9129800839 19809.9395458067 19202.6398453966 19084.3515595834
"BIC" 68 19938.6556177409 19342.1826487316 19235.0642790702 19928.4605849957 19332.2722320096 19225.0952936203
"ICL" 68 19949.4494388784 19353.5300687625 19244.1258743337 19939.3130369925 19343.8336875379 19234.1317736789
"AWE" 68 20245.3780430167 19675.5700203248 19592.27717332 20217.8340761815 19648.4660741509 19564.8755077158
"AIC" 69 19606.5741139708 18988.4826631305 18883.0059091188 19607.8006116256 18989.2909845493 18883.8033793387
"BIC" 69 19732.5027181092 19125.5226146928 19031.157208105 19726.3216508146 19118.9233711622 19024.5471133756
"ICL" 69 19736.1111604379 19144.6159955734 19045.7939681735 19730.1348345959 19138.132303434 19039.056315485
"AWE" 69 20032.0397645762 19466.6559471356 19393.9452671598 20008.6558737849 19442.764690047 19369.800049522
"AIC" 70 20072.7628835024 19446.0987657315 19433.9026114439 20071.8611958523 19444.7327447147 19331.2981609437
"BIC" 70 20198.6914876407 19583.1387172938 19582.0539104301 20190.3822350413 19574.3651313277 19472.0418949807
"ICL" 70 20207.5720684747 19602.9331756104 19591.9337141554 20199.408295332 19594.2870599312 19492.3280513651
"AWE" 70 20503.500672613 19924.9731271727 19940.0850131417 20477.929334521 19898.9194465442 19823.0717854021
"AIC" 71 19645.1370254436 19035.4094294453 18923.4927247298 19917.9226339098 19035.5136000599 18923.7906492692
"BIC" 71 19771.065629582 19172.4493810076 19071.6440237161 20036.4436730988 19165.1459866729 19064.5343833061
"ICL" 71 19776.1964884282 19191.1037561849 19085.910542358 20054.1106764815 19183.530086457 19078.8758927612
"AWE" 71 20072.1250925665 19513.1437077472 19434.0618413443 20332.6317156705 19488.16247307 19409.6196267982
"AIC" 72 20290.8029537474 19502.0478677918 19381.1995756497 20288.0126112191 19499.2902350424 19378.3580533733
"BIC" 72 20416.7315578857 19639.0878193541 19529.3508746359 20406.5336504081 19628.9226216554 19519.1017874102
"ICL" 72 20427.2467242403 19659.8421493107 19545.9568519905 20417.1630425007 19649.6133514384 19535.7206811259
"AWE" 72 20723.1753283786 19981.8821008729 19894.1081509768 20695.6840816897 19954.2457380514 19866.4644151628
"AIC" 73 19909.8357325537 19337.1879438132 19238.9682297013 19911.4935182184 19337.8235108826 19239.8931909924
"BIC" 73 20035.764336692 19474.2278953754 19387.1195286875 20030.0145574074 19467.4558974955 19380.6369250294
"ICL" 73 20042.2526675623 19500.2974064593 19411.7735931825 20036.7365080056 19493.4204415785 19405.4071970264
"AWE" 73 20338.1812717006 19822.3373580216 19759.9248921687 20315.2575471946 19798.0528281915 19736.1509310633
"AIC" 74 20111.0914499416 19599.5672573408 19504.6065843913 20108.5321477262 19597.624010834 19564.8228406588
"BIC" 74 20237.0200540799 19736.607208903 19652.7578833776 20227.0531869152 19727.2563974469 19705.5665746957
"ICL" 74 20241.6257029455 19755.7689280942 19668.4883583065 20231.7188674845 19746.6874873348 19712.4927594006
"AWE" 74 20537.5543070838 20077.8088796564 20016.6396572927 20510.2399066735 20051.3198739477 20043.2364934375
"AIC" 75 19701.6700455768 18995.8184851883 18926.9951516582 19700.945140095 18995.2331239346 18926.8691758557
"BIC" 75 19827.5986497151 19132.8584367505 19075.1464506444 19819.466179284 19124.8655105476 19067.6129098927
"ICL" 75 19832.1084381003 19145.7365696556 19088.9277914559 19824.1366014581 19137.9788751773 19081.4575972072
"AWE" 75 20128.0370422386 19467.7765212179 19437.0790904422 20102.6576406471 19442.6112617903 19412.2013312442
"AIC" 76 20124.143302504 19571.0833974205 19486.765891901 20120.4542467611 19567.9196596613 19483.6240891867
"BIC" 76 20250.0719066423 19708.1233489828 19634.9171908873 20238.9752859501 19697.5520462743 19624.3678232236
"ICL" 76 20254.8720202475 19727.3626288776 19648.8675935531 20243.7483307224 19717.2831541687 19638.563736278
"AWE" 76 20550.8006243859 20049.4025804398 19997.0188925394 20522.2693699114 20021.9155407817 19969.307470315
"AIC" 77 19773.9287361108 19229.8843475712 19117.4746940629 19781.5981433233 19236.3594718375 19124.0483996749
"BIC" 77 19899.8573402491 19366.9242991334 19265.6259930492 19900.1191825123 19365.9918584504 19264.7921337118
"ICL" 77 19906.1617637877 19380.2688280585 19275.0855641985 19906.844682217 19379.5297368918 19274.2720440734
"AWE" 77 20202.0903679261 19702.3087796208 19623.2368631847 20185.365721406 19684.1621235047 19605.0157781103
"AIC" 78 20014.8843246012 19286.6852909768 19166.7255304346 20013.0572324519 19285.5538995622 19165.7464486188
"BIC" 78 20140.8129287395 19423.7252425391 19314.8768294209 20131.5782716409 19415.1862861751 19306.4901826558
"ICL" 78 20150.0510325065 19439.9769249355 19328.3384885119 20140.8373764918 19431.8979096074 19320.1076594542
"AWE" 78 20445.9796366448 19762.0168764978 19676.4897874982 20419.3584156808 19736.5302962204 19650.8513934911
"AIC" 79 19745.6705659207 19091.0817310539 18997.8849918161 19744.2406280381 19089.4915605854 18996.2753448568
"BIC" 79 19871.599170059 19228.1216826162 19146.0362908023 19862.7616672271 19219.1239471984 19137.0190788937
"ICL" 79 19882.4829506134 19245.9309755969 19159.3117085528 19873.6534355943 19237.0494640263 19150.3493411917
"AWE" 79 20178.4115547517 19567.9709271592 19507.463007539 20152.1744747833 19541.6818506393 19481.0930752287
"AIC" 80 19618.2449099335 19113.3432953358 19011.2619577012 19614.5167284578 19182.330275301 19118.2200502825
"BIC" 80 19744.1735140718 19250.3832468981 19159.4132566874 19733.0377676468 19311.962661914 19258.9637843194
"ICL" 80 19750.4523617804 19263.8164529139 19170.3083158913 19739.4371194734 19320.3213310574 19266.6982713501
"AWE" 80 20046.3809659187 19585.8564044762 19518.4596148776 20017.9581586624 19624.9537176704 19597.442005387
"AIC" 81 20029.8779354476 19336.5116088806 19306.7585275795 20032.6803972045 19340.7820939903 19237.8307309822
"BIC" 81 20155.8065395859 19473.5515604429 19454.9098265658 20151.2014363935 19470.4144806033 19378.5744650191
"ICL" 81 20159.0321138574 19495.9310392699 19461.2623643703 20154.4591384443 19493.0753960716 19397.8913150801
"AWE" 81 20454.9607179957 19817.9709908322 19809.4136633566 20432.9801776333 19797.7077826845 19728.6350491171
"AIC" 82 20145.7513891745 19472.3337742481 19351.2092646117 20142.325715415 19468.6143788049 19347.4996352261
"BIC" 82 20271.6799933128 19609.3737258104 19499.360563598 20260.846754604 19598.2467654178 19488.243369263
"ICL" 82 20278.0973722518 19624.783257662 19511.6428836538 20267.2299266952 19613.6117663561 19500.5828464967
"AWE" 82 20574.0259763901 19946.8232092243 19859.7941826401 20545.7509658842 19918.2441529691 19831.3265805337
"AIC" 83 19781.9783841122 19120.7681415114 19019.4180651925 19778.6615545901 19117.2421169797 19015.7633334129
"BIC" 83 19907.9069882505 19257.8080930737 19167.5693641787 19897.1825937791 19246.8745035926 19156.5070674498
"ICL" 83 19912.7490074121 19268.066851318 19174.6271800061 19901.96145522 19257.0318242917 19163.4844942426
"AWE" 83 20208.6776115504 19590.1068028803 19522.7784789923 20180.482494409 19561.6642109047 19494.2282282795
"AIC" 84 20156.2341479833 19495.1926380472 19392.590440117 20153.6364206239 19492.5049300797 19390.0566486465
"BIC" 84 20282.1627521216 19632.2325896095 19540.7417391032 20272.1574598129 19622.1373166926 19530.8003826834
"ICL" 84 20287.3828181122 19653.9557459554 19551.6245050934 20277.3718833065 19643.9047934051 19541.5975968231
"AWE" 84 20583.3114222505 19975.9956975177 19899.7758040796 20555.8929224955 19948.5371800181 19872.34133086
"AIC" 85 19738.8956811366 19130.7600044013 19027.02866603 19734.981955039 19127.0492967286 19023.2997982948
"BIC" 85 19864.8242852749 19267.7999559636 19175.1799650163 19853.502994228 19256.6816833416 19164.0435323317
"ICL" 85 19873.5881474898 19287.172970719 19189.6117398828 19862.2480152105 19275.9103753498 19178.3930416174
"AWE" 85 20169.5167516281 19609.2129222813 19537.763038869 20140.7690543995 19580.5427619628 19509.1367756543
"AIC" 86 19644.1624007178 18853.9561353268 18763.2753463648 19370.0754273933 18851.1244534532 18760.3591903975
"BIC" 86 19770.0910048561 18990.9960868891 18911.426645351 19488.5964665823 18980.7568400661 18901.1029244344
"ICL" 86 19783.9848006891 18999.3051656281 18918.5992704062 19493.9613678744 18989.0813358876 18908.2564779608
"AWE" 86 20079.9134048274 19321.3451171904 19266.7505693925 19772.4824070634 19293.7137225006 19239.0002119977
"AIC" 87 19938.9261390231 19320.8961546332 19239.6822773552 19936.0508055458 19319.1981647769 19237.8540477026
"BIC" 87 20064.8547431614 19457.9361061954 19387.8335763415 20054.5718447348 19448.8305513898 19378.5977817395
"ICL" 87 20070.6577126773 19469.6780073577 19399.4942134248 20060.4132952714 19461.1338842487 19390.558452801
"AWE" 87 20366.5863168157 19791.71795892 19747.645512411 20338.9343344604 19765.7662708616 19721.302186838
"AIC" 88 19742.9577533422 19212.596232964 19170.2674655121 19740.25635502 19208.8872066366 19166.5845260748
"BIC" 88 19868.8863574805 19349.6361845263 19318.4187644983 19858.777394209 19338.5195932496 19307.3282601118
"ICL" 88 19877.939758536 19366.5786765791 19332.9516120643 19867.8432126146 19355.4357188038 19321.8194952741
"AWE" 88 20173.8683626743 19688.6186281414 19681.1029110505 20146.3642518036 19660.0681054167 19652.563229311
"AIC" 89 19940.6604237426 19307.7006455426 19225.063498191 19937.6510540427 19306.0635542872 19223.6225616694
"BIC" 89 20066.5890278809 19444.7405971049 19373.2147971773 20056.1720932317 19435.6959409002 19364.3662957063
"ICL" 89 20074.2693576366 19463.7289492396 19391.7075482296 20063.7330731409 19454.2739629932 19382.7469007497
"AWE" 89 20370.1979617749 19785.7689008019 19739.8588472158 20342.2541123299 19758.9063496062 19713.4906347866
"AIC" 90 20127.8908701542 19356.5412960455 19259.1172657584 20125.2432572957 19353.639976542 19256.1413925717
"BIC" 90 20253.8194742925 19493.5812476077 19407.2685647447 20243.7642964847 19483.272363155 19396.8851266087
"ICL" 90 20262.8758848209 19509.7728095087 19418.7063249251 20252.9621121473 19499.4657573266 19408.2306942485
"AWE" 90 20558.8044889592 19831.812761071 19766.8576239113 20531.4831513363 19804.0981439395 19738.9744282854
"AIC" 91 19933.2615155378 19299.5862587286 19203.8886761232 19930.0528755392 19296.7589717838 19201.3354973299
"BIC" 91 20059.1901196761 19436.6262102909 19352.0399751094 20048.5739147282 19426.3913583968 19342.0792313669
"ICL" 91 20071.3506710085 19456.0492705842 19365.9175600115 20060.7593018465 19445.9273856737 19355.8973748591
"AWE" 91 20367.2792751468 19778.0892221464 19714.0688589978 20339.2803410355 19750.5597722866 19686.641108896
"AIC" 92 19670.7393207095 19061.0062341442 18979.7552533448 19668.1434807292 19061.3841488275 18979.8981157747
"BIC" 92 19796.6679248478 19198.0461857065 19127.9065523311 19786.6645199182 19191.0165354405 19120.6418498116
"ICL" 92 19806.8735126655 19217.8552012899 19143.7163565361 19796.7857487326 19212.4718892763 19137.660689674
"AWE" 92 20102.8021168038 19539.8951528522 19491.8676555223 20075.3067879216 19517.1042758893 19468.4044237109
