"AIC" 1 6 4 3 2
"BIC" 1 6 4 3 2
"ICL" 1 6 4 3 2
"AWE" 1 6 4 3 2
"AIC" 2 6 4 3 2
"BIC" 2 6 4 3 2
"ICL" 2 6 4 3 2
"AWE" 2 6 4 3 2
"AIC" 3 6 4 3 2
"BIC" 3 6 4 3 2
"ICL" 3 6 4 3 2
"AWE" 3 6 4 3 2
"AIC" 4 6 4 3 2
"BIC" 4 6 4 3 2
"ICL" 4 6 4 3 2
"AWE" 4 6 4 3 2
"AIC" 5 6 4 3 2
"BIC" 5 6 4 3 2
"ICL" 5 6 4 3 2
"AWE" 5 6 4 3 2
"AIC" 6 3 3 2 1
"BIC" 6 6 4 3 2
"ICL" 6 6 4 3 2
"AWE" 6 6 4 3 2
"AIC" 7 6 4 3 2
"BIC" 7 6 4 3 2
"ICL" 7 6 4 3 2
"AWE" 7 6 4 3 2
"AIC" 8 6 4 3 2
"BIC" 8 6 4 3 2
"ICL" 8 6 4 3 2
"AWE" 8 6 4 3 2
"AIC" 9 6 4 3 2
"BIC" 9 6 4 3 2
"ICL" 9 6 4 3 2
"AWE" 9 6 4 3 2
"AIC" 10 6 4 3 2
"BIC" 10 6 4 3 2
"ICL" 10 6 4 3 2
"AWE" 10 6 4 3 2
"AIC" 11 6 4 3 2
"BIC" 11 6 4 3 2
"ICL" 11 6 4 3 2
"AWE" 11 6 4 3 2
"AIC" 12 3 3 2 1
"BIC" 12 6 4 3 2
"ICL" 12 6 4 3 2
"AWE" 12 6 4 3 2
"AIC" 13 6 4 3 2
"BIC" 13 6 4 3 2
"ICL" 13 6 4 3 2
"AWE" 13 6 4 3 2
"AIC" 14 6 4 3 2
"BIC" 14 6 4 3 2
"ICL" 14 6 4 3 2
"AWE" 14 6 4 3 2
"AIC" 15 6 4 3 2
"BIC" 15 6 4 3 2
"ICL" 15 6 4 3 2
"AWE" 15 6 4 3 2
"AIC" 16 6 4 3 2
"BIC" 16 6 4 3 2
"ICL" 16 6 4 3 2
"AWE" 16 6 4 3 2
"AIC" 17 6 4 3 2
"BIC" 17 6 4 3 2
"ICL" 17 6 4 3 2
"AWE" 17 6 4 3 2
"AIC" 18 3 3 2 1
"BIC" 18 6 4 3 2
"ICL" 18 6 4 3 2
"AWE" 18 6 4 3 2
"AIC" 19 6 4 3 2
"BIC" 19 6 4 3 2
"ICL" 19 6 4 3 2
"AWE" 19 6 4 3 2
"AIC" 20 6 4 3 2
"BIC" 20 6 4 3 2
"ICL" 20 6 4 3 2
"AWE" 20 6 4 3 2
"AIC" 21 6 4 3 2
"BIC" 21 6 4 3 2
"ICL" 21 6 4 3 2
"AWE" 21 6 4 3 2
"AIC" 22 3 3 2 1
"BIC" 22 6 4 3 2
"ICL" 22 6 4 3 2
"AWE" 22 6 4 3 2
"AIC" 23 3 3 2 1
"BIC" 23 6 4 3 2
"ICL" 23 6 4 3 2
"AWE" 23 6 4 3 2
"AIC" 24 3 3 2 1
"BIC" 24 6 4 3 2
"ICL" 24 6 4 3 2
"AWE" 24 6 4 3 2
"AIC" 25 6 4 3 2
"BIC" 25 6 4 3 2
"ICL" 25 6 4 3 2
"AWE" 25 6 4 3 2
"AIC" 26 6 4 3 2
"BIC" 26 6 4 3 2
"ICL" 26 6 4 3 2
"AWE" 26 6 4 3 2
"AIC" 27 6 4 3 2
"BIC" 27 6 4 3 2
"ICL" 27 6 4 3 2
"AWE" 27 6 4 3 2
"AIC" 28 6 4 3 2
"BIC" 28 6 4 3 2
"ICL" 28 6 4 3 2
"AWE" 28 6 4 3 2
"AIC" 29 6 4 3 2
"BIC" 29 6 4 3 2
"ICL" 29 6 4 3 2
"AWE" 29 6 4 3 2
"AIC" 30 6 4 3 2
"BIC" 30 6 4 3 2
"ICL" 30 6 4 3 2
"AWE" 30 6 4 3 2
"AIC" 31 6 4 3 2
"BIC" 31 6 4 3 2
"ICL" 31 6 4 3 2
"AWE" 31 6 4 3 2
"AIC" 32 6 4 3 2
"BIC" 32 6 4 3 2
"ICL" 32 6 4 3 2
"AWE" 32 6 4 3 2
"AIC" 33 6 4 3 2
"BIC" 33 6 4 3 2
"ICL" 33 6 4 3 2
"AWE" 33 6 4 3 2
"AIC" 34 6 4 3 2
"BIC" 34 6 4 3 2
"ICL" 34 6 4 3 2
"AWE" 34 6 4 3 2
"AIC" 35 6 4 3 2
"BIC" 35 6 4 3 2
"ICL" 35 6 4 3 2
"AWE" 35 6 4 3 2
"AIC" 36 3 3 2 1
"BIC" 36 6 4 3 2
"ICL" 36 6 4 3 2
"AWE" 36 6 4 3 2
"AIC" 37 6 4 3 2
"BIC" 37 6 4 3 2
"ICL" 37 6 4 3 2
"AWE" 37 6 4 3 2
"AIC" 38 6 4 3 2
"BIC" 38 6 4 3 2
"ICL" 38 6 4 3 2
"AWE" 38 6 4 3 2
"AIC" 39 6 4 3 2
"BIC" 39 6 4 3 2
"ICL" 39 6 4 3 2
"AWE" 39 6 4 3 2
"AIC" 40 6 4 3 2
"BIC" 40 6 4 3 2
"ICL" 40 6 4 3 2
"AWE" 40 6 4 3 2
"AIC" 41 6 4 3 2
"BIC" 41 6 4 3 2
"ICL" 41 6 4 3 2
"AWE" 41 6 4 3 2
"AIC" 42 3 3 2 1
"BIC" 42 6 4 3 2
"ICL" 42 6 4 3 2
"AWE" 42 6 4 3 2
"AIC" 43 6 4 3 2
"BIC" 43 6 4 3 2
"ICL" 43 6 4 3 2
"AWE" 43 6 4 3 2
"AIC" 44 6 4 3 2
"BIC" 44 6 4 3 2
"ICL" 44 6 4 3 2
"AWE" 44 6 4 3 2
"AIC" 45 6 4 3 2
"BIC" 45 6 4 3 2
"ICL" 45 6 4 3 2
"AWE" 45 6 4 3 2
"AIC" 93 3 3 2 1
"BIC" 93 6 4 3 2
"ICL" 93 6 4 3 2
"AWE" 93 6 4 3 2
"AIC" 94 6 4 3 2
"BIC" 94 6 4 3 2
"ICL" 94 6 4 3 2
"AWE" 94 6 4 3 2
"AIC" 95 6 4 3 2
"BIC" 95 6 4 3 2
"ICL" 95 6 4 3 2
"AWE" 95 6 4 3 2
"AIC" 96 6 4 3 2
"BIC" 96 6 4 3 2
"ICL" 96 6 4 3 2
"AWE" 96 6 4 3 2
"AIC" 97 3 3 2 1
"BIC" 97 3 3 2 1
"ICL" 97 3 3 2 1
"AWE" 97 3 3 2 1
"AIC" 98 6 4 3 2
"BIC" 98 6 4 3 2
"ICL" 98 6 4 3 2
"AWE" 98 6 4 3 2
"AIC" 99 3 3 2 1
"BIC" 99 6 4 3 2
"ICL" 99 6 4 3 2
"AWE" 99 6 4 3 2
"AIC" 100 6 4 3 2
"BIC" 100 6 4 3 2
"ICL" 100 6 4 3 2
"AWE" 100 6 4 3 2
"AIC" 46 6 4 3 2
"BIC" 46 6 4 3 2
"ICL" 46 6 4 3 2
"AWE" 46 6 4 3 2
"AIC" 47 6 4 3 2
"BIC" 47 6 4 3 2
"ICL" 47 6 4 3 2
"AWE" 47 6 4 3 2
"AIC" 48 6 4 3 2
"BIC" 48 6 4 3 2
"ICL" 48 6 4 3 2
"AWE" 48 6 4 3 2
"AIC" 49 6 4 3 2
"BIC" 49 6 4 3 2
"ICL" 49 6 4 3 2
"AWE" 49 6 4 3 2
"AIC" 50 6 4 3 2
"BIC" 50 6 4 3 2
"ICL" 50 6 4 3 2
"AWE" 50 6 4 3 2
"AIC" 51 6 4 3 2
"BIC" 51 6 4 3 2
"ICL" 51 6 4 3 2
"AWE" 51 6 4 3 2
"AIC" 52 3 3 2 1
"BIC" 52 3 3 2 1
"ICL" 52 3 3 2 1
"AWE" 52 3 3 2 1
"AIC" 53 3 3 2 1
"BIC" 53 3 3 2 1
"ICL" 53 3 3 2 1
"AWE" 53 3 3 2 1
"AIC" 54 6 4 3 2
"BIC" 54 6 4 3 2
"ICL" 54 6 4 3 2
"AWE" 54 6 4 3 2
"AIC" 55 6 4 3 2
"BIC" 55 6 4 3 2
"ICL" 55 6 4 3 2
"AWE" 55 6 4 3 2
"AIC" 56 6 4 3 2
"BIC" 56 6 4 3 2
"ICL" 56 6 4 3 2
"AWE" 56 6 4 3 2
"AIC" 57 5 2 3 2
"BIC" 57 5 2 3 2
"ICL" 57 5 4 3 2
"AWE" 57 5 2 3 2
"AIC" 58 5 2 3 2
"BIC" 58 5 2 3 2
"ICL" 58 5 2 3 2
"AWE" 58 5 2 3 2
"AIC" 59 6 4 3 2
"BIC" 59 6 4 3 2
"ICL" 59 6 4 3 2
"AWE" 59 6 4 3 2
"AIC" 60 3 3 2 1
"BIC" 60 6 4 3 2
"ICL" 60 6 4 3 2
"AWE" 60 6 4 3 2
"AIC" 61 6 4 3 2
"BIC" 61 6 4 3 2
"ICL" 61 6 4 3 2
"AWE" 61 6 4 3 2
"AIC" 62 6 4 3 2
"BIC" 62 6 4 3 2
"ICL" 62 6 4 3 2
"AWE" 62 6 4 3 2
"AIC" 63 3 3 2 1
"BIC" 63 6 4 3 2
"ICL" 63 6 4 3 2
"AWE" 63 6 4 3 2
"AIC" 64 6 4 3 2
"BIC" 64 6 4 3 2
"ICL" 64 6 4 3 2
"AWE" 64 6 4 3 2
"AIC" 65 3 3 2 1
"BIC" 65 6 4 3 2
"ICL" 65 6 4 3 2
"AWE" 65 6 4 3 2
"AIC" 66 6 4 3 2
"BIC" 66 6 4 3 2
"ICL" 66 6 4 3 2
"AWE" 66 6 4 3 2
"AIC" 67 6 4 3 2
"BIC" 67 6 4 3 2
"ICL" 67 6 4 3 2
"AWE" 67 6 4 3 2
"AIC" 68 6 4 3 2
"BIC" 68 6 4 3 2
"ICL" 68 6 4 3 2
"AWE" 68 6 4 3 2
"AIC" 69 3 3 2 1
"BIC" 69 6 4 3 2
"ICL" 69 6 4 3 2
"AWE" 69 6 4 3 2
"AIC" 70 6 4 3 2
"BIC" 70 6 4 3 2
"ICL" 70 6 4 3 2
"AWE" 70 6 4 3 2
"AIC" 71 3 3 2 1
"BIC" 71 6 4 3 2
"ICL" 71 6 4 3 2
"AWE" 71 6 4 3 2
"AIC" 72 6 4 3 2
"BIC" 72 6 4 3 2
"ICL" 72 6 4 3 2
"AWE" 72 6 4 3 2
"AIC" 73 3 3 2 1
"BIC" 73 6 4 3 2
"ICL" 73 6 4 3 2
"AWE" 73 6 4 3 2
"AIC" 74 3 3 2 1
"BIC" 74 3 3 2 1
"ICL" 74 3 3 2 1
"AWE" 74 3 3 2 1
"AIC" 75 6 4 3 2
"BIC" 75 6 4 3 2
"ICL" 75 6 4 3 2
"AWE" 75 6 4 3 2
"AIC" 76 6 4 3 2
"BIC" 76 6 4 3 2
"ICL" 76 6 4 3 2
"AWE" 76 6 4 3 2
"AIC" 77 3 3 2 1
"BIC" 77 6 4 3 2
"ICL" 77 6 4 3 2
"AWE" 77 6 4 3 2
"AIC" 78 6 4 3 2
"BIC" 78 6 4 3 2
"ICL" 78 6 4 3 2
"AWE" 78 6 4 3 2
"AIC" 79 6 4 3 2
"BIC" 79 6 4 3 2
"ICL" 79 6 4 3 2
"AWE" 79 6 4 3 2
"AIC" 80 3 3 2 1
"BIC" 80 3 3 2 1
"ICL" 80 3 3 2 1
"AWE" 80 3 3 2 1
"AIC" 81 6 4 3 2
"BIC" 81 6 4 3 2
"ICL" 81 6 4 3 2
"AWE" 81 6 4 3 2
"AIC" 82 6 4 3 2
"BIC" 82 6 4 3 2
"ICL" 82 6 4 3 2
"AWE" 82 6 4 3 2
"AIC" 83 6 4 3 2
"BIC" 83 6 4 3 2
"ICL" 83 6 4 3 2
"AWE" 83 6 4 3 2
"AIC" 84 6 4 3 2
"BIC" 84 6 4 3 2
"ICL" 84 6 4 3 2
"AWE" 84 6 4 3 2
"AIC" 85 6 4 3 2
"BIC" 85 6 4 3 2
"ICL" 85 6 4 3 2
"AWE" 85 6 4 3 2
"AIC" 86 6 4 3 2
"BIC" 86 6 4 3 2
"ICL" 86 6 4 3 2
"AWE" 86 6 4 3 2
"AIC" 87 6 4 3 2
"BIC" 87 6 4 3 2
"ICL" 87 6 4 3 2
"AWE" 87 6 4 3 2
"AIC" 88 6 4 3 2
"BIC" 88 6 4 3 2
"ICL" 88 6 4 3 2
"AWE" 88 6 4 3 2
"AIC" 89 6 4 3 2
"BIC" 89 6 4 3 2
"ICL" 89 6 4 3 2
"AWE" 89 6 4 3 2
"AIC" 90 6 4 3 2
"BIC" 90 6 4 3 2
"ICL" 90 6 4 3 2
"AWE" 90 6 4 3 2
"AIC" 91 6 4 3 2
"BIC" 91 6 4 3 2
"ICL" 91 6 4 3 2
"AWE" 91 6 4 3 2
"AIC" 92 3 3 2 1
"BIC" 92 6 4 3 2
"ICL" 92 6 4 3 2
"AWE" 92 6 4 3 2
