1 -0.01555758 0.01555758 0.1858655 -0.00502342 -0.475585 -0.5459604 0.03897397 -0.1754842 -0.4534809 0.0324992 0.01147081 -0.1917003 0.0750908 0.374221 -0.7308533 -0.3378171 -0.3046592 -0.7651923 -0.7830546 0.07635656 -0.2158359 -0.1988399 -0.008738464 0.5255218 0.3088012 0.002243345 0 0 0 0 -0.1580873 0.02822252 -0.07387104 0.03675332
2 -0.4605286 0.4605286 -4.333844 0.115789 -1.930449 -1.107445 0.4360177 -1.754936 1.086875 0.2637383 0.7659056 0.7651278 0.2678066 0.9816137 -1.983421 -0.2398253 -1.991181 2.878411 2.255511 2.960244 2.615924 1.567202 -0.0319055 -0.1608738 -0.0333119 -0.5129168 0 0 0 0 0.7499993 0.05042847 0.649284 0.06154556
3 -0.4601233 0.4601233 -0.9857699 0.2030624 2.257409 -8.362212 0.2987516 4.425311 0.449088 0.2393848 0.9001209 0.5271108 0.2344458 0.9717421 -1.993879 -0.2417386 -1.981205 5.70102 3.645532 2.848473 1.472628 2.611785 5.475258 0.1773567 0.1911141 -0.3122711 0 0 0 0 0.75 -0.03119885 0.357696 0.008173249
4 -0.1907573 0.1907573 -0.3124097 0.05064274 0.964393 0.8556269 -0.01914988 0.3181545 0.331232 -0.0118406 -0.5503302 0.2679079 -0.063326 -0.5937915 0.3555772 -0.06066778 -0.4842495 -0.9149527 0.2237533 -0.5150744 -0.07535545 -0.2428298 -0.1940416 0.09412328 0.2886524 -0.07555822 0 0 0 0 0.04461745 0.07913456 0.1222096 0.01385268
5 0.0886359 -0.0886359 0.351746 0.004675671 0.246367 -0.5534826 0.01392296 -0.3385142 0.04133955 0.04381328 -0.4952215 0.4680072 -0.005479251 0.3698575 -1.306743 -0.04211818 0.6289096 1.615475 1.41766 -0.3067485 -0.2567524 -0.171793 -0.2775558 -0.1236375 0.1854714 0.5667936 0 0 0 0 0.01371114 -0.03621213 -0.01532304 0.04710627
6 -0.2545956 0.2545956 -2.360432 -0.601389 -1.449257 -1.415736 -0.6256698 -0.9845646 2.01688 0.410266 1.699364 1.212332 0.4456084 1.758516 -1.475897 -0.1676905 -1.401601 2.515883 1.85776 1.380283 1.325375 0.7765089 1.156838 -0.9326767 -0.5299579 -1.393583 0 0 0 0 0.0596746 0.0149054 0.02532364 0.03077363
7 -0.06520428 0.06520428 -0.2358529 -0.002121604 0.1334216 0.3158053 -0.03996298 0.1852186 0.5520058 -0.06275185 0.313824 0.4657568 -0.02307331 -0.02579321 0.7170204 -0.06587473 -0.2930282 0.3873124 0.246799 0.8264637 -0.09788627 -0.0984862 0.01911724 -0.2877849 -0.1852396 0.4576223 0 0 0 0 0.06747845 0.0290731 0.03132362 0.01659278
8 -0.03798471 0.03798471 0.1869382 -0.03013816 -0.9956038 -0.09387753 0.03233808 -0.6382522 0.4262006 -0.04894577 0.1050728 -0.0324071 -0.06543469 0.1844927 -0.1939892 -0.08842864 -0.4943864 0.08704964 -0.665008 0.2501006 -0.1142982 -0.03203102 0.235119 0.0274266 -0.03355122 -0.4763555 0 0 0 0 -0.1145588 0.04848948 0.08345681 0.04948831
9 -0.01932153 0.01932153 -0.4115751 -0.01537473 0.4234419 0.01637609 -0.0003767328 -0.2831619 -0.4713684 0.0116009 -0.1812243 -0.6744408 -0.0009405056 -0.03850895 -0.4265396 0.4199435 0.2504648 -0.7327417 -0.06183463 -0.7408107 -0.09814738 0.1171425 -0.06098498 -0.1923522 -0.3449336 -0.2639091 0 0 0 0 0.08010077 0.2375234 -0.01690172 -0.02666551
10 -0.03564732 0.03564732 -1.66585 -0.4749655 -0.02048253 -1.098006 -0.5089039 -0.7497557 2.281433 0.4472045 0.9912413 2.362058 0.4921045 0.8398022 -1.476352 -0.5052012 -0.3549133 0.4620568 -0.3756598 -0.79671 0.8759128 0.5688659 1.757491 -1.011379 -0.6545414 -2.086842 0 0 0 0 0.1684879 0.08880888 0.02337341 -0.01634991
11 -0.09588277 0.09588277 0.07724947 0.01234322 -0.2685246 -0.1972936 -0.006403451 0.0366063 0.1880181 0.04366193 0.5494044 0.2302018 0.01950031 0.281016 -0.114276 -0.139446 -0.04287325 0.3038367 -0.2626105 -0.2809772 -0.1807944 -0.1604256 -0.2670793 -0.1875558 -0.1032883 0.2861257 0 0 0 0 -0.03631256 -0.03867961 -0.01752161 -0.03833494
12 -0.461379 0.461379 -0.4542415 0.1902997 5.979362 -1.08533 -0.2423525 6.934156 1.449017 0.2858979 0.743656 1.0696 0.2690586 0.9316144 -1.996764 -0.2477358 -1.990333 4.247486 3.673104 2.560782 0.201234 0.06865372 1.59001 -0.1120991 0.1282928 -0.5005575 0 0 0 0 0.75 -0.007267326 0.174922 0.0442831
13 -0.3320178 0.3320178 -0.2656 0.07812247 1.012865 0.3577665 0.1712628 1.861089 1.654997 0.1882205 0.6663074 1.799963 0.1533281 0.4645855 -1.761877 -0.3952842 -1.888676 4.304158 3.20613 1.70362 -0.3310426 -0.2429875 -0.154011 -0.1076203 0.21489 -0.03392345 0 0 0 0 0.1469309 0.07842919 -0.05249018 0.06878303
14 0.1093546 -0.1093546 -0.1650526 -0.001196002 0.3343115 0.1443708 -0.00719196 -0.08070301 0.2048902 0.01253133 -0.0389609 0.6279107 -0.0698307 0.4646266 1.036075 1.232087 0.6323528 -0.01564286 0.008164026 -0.5805971 0.0163256 -0.0005111577 -0.1542171 0.2069471 -0.13314 0.231826 0 0 0 0 -0.02863266 0.07247489 -0.05396603 0.05469566
15 0.03161051 -0.03161051 0.2750285 -0.01519118 -0.02330964 -0.2143428 0.01345055 0.2534511 0.4427787 -0.02726719 -0.4542997 0.1001386 -0.04562165 0.1356235 -0.3898982 0.3265932 -0.9118018 0.1469447 0.5883927 -0.7093276 -0.0186881 0.1245159 0.1444885 -0.2144756 -0.04065051 -0.5321858 0 0 0 0 0.03767528 -0.05842888 -0.05375498 -0.01868417
16 0.04226697 -0.04226697 -0.6038839 -0.02231951 -0.4326612 0.1711885 -3.431184e-05 -0.1827382 0.1245014 -0.03974453 -0.201345 -0.1273429 0.05068869 0.2083982 -0.5783764 -0.3306483 -0.3067367 -0.8421473 -0.08595937 -0.5300783 0.006703208 0.1094125 0.07015746 -0.1821971 -0.02565307 0.4260984 0 0 0 0 -0.0577339 -0.06106154 -0.03392782 0.06587306
17 0.002929193 -0.002929193 -0.334184 0.02966588 0.3653556 -0.1737915 0.05521194 -0.1193293 0.3320834 -0.001598243 0.5530248 0.4687679 -0.07784324 0.4647488 0.1742488 -0.4388793 -0.2527571 0.4625202 0.249317 -0.4731339 0.03663654 0.06162312 -0.2658048 0.1120254 -0.2581186 -0.9014499 0 0 0 0 -0.1495124 0.2741129 0.04652794 -0.007747077
18 -0.3488345 0.3488345 0.163747 0.1260117 1.799853 1.739871 0.1497898 4.63817 0.9875766 0.1709722 1.378333 0.9573512 0.1621484 0.5287546 -1.378392 -0.21755 -1.943215 3.290267 4.071094 5.298072 0.1598274 0.347993 0.1742919 0.02689741 0.1248522 -0.480641 0 0 0 0 0.2004277 -0.003851597 0.1837458 0.007521331
19 0.0372334 -0.0372334 0.5188264 -0.01658761 -0.3600609 0.6242025 -0.03204528 0.1122452 -0.07881864 -0.04462979 -0.06099895 -0.5299613 -0.01205326 0.0696354 -0.3199873 -0.5190069 0.3130825 0.8438939 0.1925584 -0.1309516 -0.1460059 -0.1710464 0.007690856 -0.3145821 -0.3174666 -0.7141037 0 0 0 0 -0.01160695 -0.09290925 -0.0180223 -0.04850145
20 0.1008859 -0.1008859 -0.4815009 -0.008312886 0.192778 -0.5176159 0.01387532 0.006678045 -1.149131 0.05890485 -0.3522697 -0.1518449 0.1374805 0.1903484 -0.3978046 -0.1191981 -0.03665728 -0.4860844 -0.09743199 -1.565724 0.03695831 -0.06731435 0.03076854 -0.5451531 -0.6006336 -1.211412 0 0 0 0 -0.2470871 0.1680529 0.5754223 -0.04012926
21 0.1032115 -0.1032115 0.1082699 0.006139973 -0.2112582 0.320912 -0.04134101 -0.2357734 0.2409277 -0.03423654 0.04489835 -0.6658782 0.08777698 0.7079843 -0.815286 -0.6411228 -0.564828 -0.8312185 -0.8027844 0.06671161 0.187051 0.3002022 0.4195615 0.1776596 0.3222158 0.5004853 0 0 0 0 -0.04488615 0.2281627 8.549502e-05 0.02146611
22 0.08972405 -0.08972405 0.03240521 0.0355702 -0.2249908 0.07902236 0.05495783 0.09884513 0.3672304 -0.06655446 -0.08857605 -0.2495559 -0.005650596 0.09378336 -0.3425703 0.08239963 -0.4556681 -0.366217 1.2191 0.3530389 0.03424549 -0.03390592 0.1367408 0.1684815 0.255682 0.706971 0 0 0 0 -0.04474775 0.1729698 -0.04439905 0.009742771
23 -0.03215405 0.03215405 -0.6065037 0.04620755 0.3103138 -0.3137149 0.007292589 0.6185735 0.4267386 -0.01457759 -0.4013486 -0.4332467 0.04616522 -0.2386114 -0.6731856 -0.3141655 -1.326598 0.2130312 0.6234728 -0.2341189 0.1146343 0.3620424 0.7965894 0.02400078 0.1149426 0.4014868 0 0 0 0 -0.02196004 -0.1325846 0.02682374 -0.05585407
24 -0.004793977 0.004793977 -0.04420127 0.005358618 -0.07987947 0.1703106 0.01979401 0.08803025 -0.6603655 0.09045429 0.02104634 -0.9616575 0.1839568 -0.2174417 0.5588306 0.7263321 -0.6016446 -0.5210045 0.1507532 0.3920476 -0.04984763 -0.1464371 -0.1944103 -0.1461862 -0.09613569 -0.04553465 0 0 0 0 -0.01540547 -0.003772309 -0.06870214 -0.03937012
25 0.007150811 -0.007150811 0.1740774 -0.01296695 -0.4238908 0.1852764 -0.001315776 -0.3754023 -0.155754 0.0266265 0.2683178 0.01935879 0.05430934 0.5216766 -0.6329285 -0.7458314 -1.063601 -0.9205787 -0.2050981 -1.137959 0.006726934 0.06529931 -0.05908858 0.0810965 0.3250328 0.1601684 0 0 0 0 0.1548045 0.2821714 0.02272411 0.01340564
26 -0.1043004 0.1043004 -2.451882 -0.4128635 -2.165584 -2.623463 -0.3575686 -0.7337085 1.487993 0.5411855 0.9891537 1.212453 0.5488559 0.5486904 -1.436932 -0.2726023 -1.45272 0.4920687 0.5042867 -0.5049169 0.006108811 0.1192997 -0.1618383 -1.125286 -0.7199443 -1.992142 0 0 0 0 0.6603449 0.05444503 0.1487038 -0.1182289
27 0.1284562 -0.1284562 -0.05820382 -0.0005152419 0.229525 -0.06834621 -0.01821366 0.7066852 0.01189828 0.01605226 0.08706714 -0.1832901 0.1068376 -0.4020386 -0.31243 0.04816331 -0.4665607 -0.9801203 -0.09259863 -0.7268678 -0.18445 -0.07187695 -0.09763441 0.2122574 0.1396008 0.224254 0 0 0 0 -0.04197661 -0.1589727 -0.05610627 0.01160712
28 -0.3819901 0.3819901 1.690026 0.0713973 1.786071 -0.4418104 -0.1336753 3.560943 0.752623 0.2289273 0.3896478 0.6848291 0.1971222 1.299677 -1.98257 -0.1696996 -1.558083 3.24727 3.451809 3.592908 0.1080269 -0.1921665 0.02341948 0.03285658 0.00501895 -0.7659625 0 0 0 0 0.4223275 0.03180277 0.05170101 0.02989407
29 0.0637582 -0.0637582 -0.2634454 -0.01394299 0.2341516 -0.1736109 -0.02843093 0.1526603 0.4867933 0.02369203 0.4239345 -0.3915664 0.08015009 -0.02327451 -0.4471562 -0.03666704 -0.1465857 0.5464723 0.4616059 0.2431536 -0.190927 -0.1777558 -0.2076681 0.524968 0.9213864 1.271909 0 0 0 0 -0.02553394 -0.05815327 -0.01031077 0.01143175
30 0.03869641 -0.03869641 -0.006541413 0.02986099 -0.1443957 -0.02078893 0.03639721 -0.2398797 0.6569932 -0.04759355 0.0004310213 0.5471724 0.0003865443 0.2957257 -0.1916483 0.668299 -0.4719046 0.8198033 0.5253203 0.1521257 -0.1184883 -0.2048732 -0.2712571 0.2972175 0.0978408 -0.5208236 0 0 0 0 -0.05159705 0.1429421 0.0410901 -0.01483964
31 -0.4401841 0.4401841 1.284451 -0.7744783 -2.151555 -2.117005 -0.3230446 2.278598 0.4997839 0.213391 0.5271901 0.8209839 0.1861284 0.3165644 -1.99088 -0.2616894 -1.966358 3.431247 4.494795 4.565094 0.6433068 -1.252051 2.312461 0.005491254 0.213086 -0.7820985 0 0 0 0 0.75 -0.03700001 0.1155117 0.03594622
32 0.03123271 -0.03123271 0.1306845 -0.004514854 0.7058153 -0.2783171 0.02651725 0.1801919 -0.09310388 0.0489934 -0.3588041 -0.192089 0.09916344 -0.01322249 -0.8213843 -0.01447178 -0.5231427 0.02077043 0.8864664 -0.6284845 0.05420242 0.1351468 0.1173355 0.1955957 0.189426 0.6890769 0 0 0 0 -0.03256948 -0.05429896 -0.01123082 0.007669558
33 -0.4006909 0.4006909 4.118935 -0.01642887 -1.942905 -2.665291 0.2163754 -0.8606403 0.7925197 0.2276039 0.507756 0.651815 0.2394248 0.8252139 -1.925268 -0.1027056 -1.684147 3.557941 4.103793 3.87266 0.6326073 -0.132614 -0.09073608 0.04721429 0.1726284 -0.5524642 0 0 0 0 0.3490642 0.02045681 0.005926887 0.04104708
34 -0.4643058 0.4643058 -7.921593 -0.0893258 -1.479819 -0.5772079 -1.469441 -9.003532 1.484161 0.1436837 1.101129 1.295271 0.121069 0.5999872 -1.867326 -0.1389095 -1.834505 5.336025 4.092666 2.25018 2.1405 0.7881838 2.592804 0.238685 0.3945346 0.09353989 0 0 0 0 0.75 -0.03502216 0.3295728 0.03151827
35 -0.1598143 0.1598143 -0.09733941 -0.03120597 -0.3601804 0.2332953 0.007788839 0.1263717 0.6798769 -0.0729493 0.3587609 0.3679909 -0.02149118 0.04166584 -0.9507736 0.1452675 -0.8400718 -0.6939331 -0.01017443 -0.9971181 0.08320763 0.4149015 0.09262557 0.09256743 0.1183842 0.1461659 0 0 0 0 -0.01955108 0.02773417 0.134096 0.006418843
36 0.02471049 -0.02471049 0.09570505 0.0007528216 -0.3884223 0.3836159 -0.002071553 0.3752766 0.2772007 -0.02424392 0.2962961 0.6502959 -0.09273065 -0.01976402 0.4780212 0.1152743 -0.02915948 1.002828 0.3176328 0.2903315 0.01813925 0.1807832 0.3237253 0.01421254 -0.1554173 0.1854763 0 0 0 0 0.04917032 -0.1633661 0.04870426 -0.02706945
37 0.02667711 -0.02667711 -0.3977819 -0.004357357 0.01752292 -0.7307693 0.01133473 0.6428297 0.4301146 -0.05290942 -0.6819427 0.5473826 -0.04368458 -0.133362 -0.7006539 0.1335844 -0.6906583 -1.645945 -0.6195253 -0.8016952 0.005989649 -0.1713733 -0.2508145 0.02324009 0.1115929 0.1032897 0 0 0 0 0.1104531 -0.1076231 -0.03104195 0.003296045
38 0.008995723 -0.008995723 -0.09201911 0.01522827 -0.4582153 -0.2342761 -0.02598138 -0.4378579 -0.3226141 -0.02261155 -0.1581323 -0.8604572 0.02505439 0.4665511 -0.3331889 0.1405316 -0.6373176 -0.4821818 -0.414896 0.3215306 -0.1306051 -0.02143927 -0.3822659 0.08797071 0.06598391 0.50656 0 0 0 0 0.003994072 -0.2038846 -0.05634077 -0.06190659
39 0.006724756 -0.006724756 -0.07113946 -0.02046203 -0.3548489 -0.6757681 0.04162274 0.2775498 0.3098362 0.005256636 -0.675912 0.7224838 -0.01811359 0.1591661 -0.5297414 -0.8987011 -0.6148953 0.3576228 -0.2905879 -0.6786309 -0.2188749 -0.135452 -0.2140562 0.6660947 0.3385149 0.8826658 0 0 0 0 0.004842503 0.3970686 0.01251619 0.03347872
40 0.03645665 -0.03645665 0.4035711 0.004875208 -0.2785819 -0.5552854 0.04666921 -0.4454202 0.00821648 0.08645706 0.007985917 -0.5921586 0.1625389 0.426357 -0.5864193 -0.2564556 -0.7668518 -0.5708547 0.5966778 -0.800017 -0.0006361347 0.09289392 0.2364002 -0.3747049 -0.225232 -0.4783278 0 0 0 0 -0.1526198 0.02423387 -0.01665237 -0.00370382
41 0.02338353 -0.02338353 -0.1660267 -0.00632824 0.3561244 0.5443693 -0.02196243 0.2534293 0.6558868 -0.02897718 -0.1296872 -0.1845178 -0.02631943 0.4824729 0.04546739 0.4451456 0.1949579 -0.6733464 -0.05397656 -0.401923 -0.1308171 -0.08694998 -0.07397685 -0.04148189 -0.1915757 0.5854187 0 0 0 0 -0.1289765 0.0406264 -0.02472396 0.05329546
42 -0.04711822 0.04711822 -0.6369664 0.02338058 0.9210631 0.3703743 0.03154393 -0.07190125 1.212296 -0.03599948 0.4914154 0.1133434 0.02002674 -0.1210889 -1.004179 -0.05579057 -0.4618936 1.326779 1.239706 0.2885136 -0.02226371 -0.02485307 0.2273304 0.2025518 0.09128601 -0.01814543 0 0 0 0 -0.2480872 0.1236047 0.7923947 0.03003735
43 -0.4601619 0.4601619 0.7352714 -0.7026847 10.67009 3.940986 -0.9372178 12.58737 0.9719376 0.3632847 0.7312998 0.6158659 0.3528201 0.9720778 -1.98053 -0.2390579 -1.975586 4.686652 3.1977 3.431017 5.564318 2.829954 6.38722 -0.4401549 -0.0515454 -0.9266896 0 0 0 0 0.75 0.06271278 0.4271479 0.1233188
44 0.1407514 -0.1407514 -0.05335005 -0.01210571 -0.28925 0.1127629 0.002873286 -0.1800094 0.3903539 -0.02039265 -0.1697562 0.5726338 0.01808401 -0.1043315 0.2638009 -0.3085798 -0.174856 -0.4074665 0.4489503 -0.7628126 0.04507428 -6.260579e-05 0.09554458 0.1377394 0.004386086 0.07399009 0 0 0 0 -0.05137567 -0.1329112 0.008436764 0.04323609
45 -0.1203905 0.1203905 -2.086465 -0.5372428 -1.096744 -1.968285 -0.4308187 -1.067525 1.991475 0.5031777 0.504722 1.255029 0.5120803 1.10953 -1.299978 -0.4798543 -0.8105974 -0.4637682 0.09496462 0.4604495 1.004451 1.009604 2.26809 -0.9042928 -0.6719304 -1.798951 0 0 0 0 0.7487205 -0.01740774 0.7627413 -0.05069186
46 -0.04221655 0.04221655 0.3334477 -0.01693114 -0.06312935 0.04176966 -0.01171215 -0.2018962 -0.03543916 -0.004616056 0.2335513 0.329672 -0.09113015 -0.1586916 -0.3430738 -0.7523419 -0.3786407 -0.4297114 -0.1520198 -0.9472524 0.2778403 0.04628952 -0.3108375 0.08166577 0.2072838 -0.2733288 0 0 0 0 -0.0340505 0.09294796 0.07342556 -0.03418654
47 -0.02815557 0.02815557 -0.01737925 -0.05731182 0.1719536 0.9763449 -0.1259596 0.9416321 0.09626227 -0.005501915 -0.2559964 -0.1090301 -0.03277379 -0.835864 -0.4274377 -0.05221108 1.140719 1.442347 -0.2965296 0.1131188 -0.06357337 0.107688 0.5375295 0.2869049 0.3227648 0.1814499 0 0 0 0 -0.126838 0.09020804 0.01952487 -0.01775813
48 -0.4049973 0.4049973 -0.03074487 -0.4054463 0.09692437 -1.134927 -0.5007626 -0.04318123 1.199912 0.2533602 0.7901877 0.6608047 0.3281222 0.7869021 0.02839792 -0.1279718 -1.984121 3.820141 3.077332 2.433095 -0.6404643 -1.180182 0.6828467 0.08877045 0.2107287 -0.7291098 0 0 0 0 0.5411069 -0.02692784 -0.03159188 0.04319044
49 0.06146238 -0.06146238 0.2526504 -0.007228233 0.7241094 0.1279861 -0.01718931 0.6114474 -0.4414202 0.03475929 0.0774372 0.5616629 -0.04966318 0.1793776 -0.3972519 -0.3037529 -0.1108863 0.6327932 -0.4088686 -1.280698 -0.2628221 -0.04695841 -0.1389751 -0.3010918 -0.3219598 -0.6163097 0 0 0 0 0.07331878 -0.02396178 -0.01689572 -0.06097798
50 0.07213261 -0.07213261 0.6133582 -0.05986004 0.3371228 0.5190301 -0.067048 0.1941698 0.1756638 0.02814448 0.2073765 -0.3289923 0.1139943 -0.1408162 -0.901894 -0.7703029 -0.9057351 -0.0937835 -0.4085423 -0.7230776 -0.07596892 -0.02007882 -0.1011831 0.6581342 0.4758474 0.4344781 0 0 0 0 0.1086729 -0.1487836 -0.01232735 -0.03612397
51 -0.01183079 0.01183079 0.3528155 0.03333027 -0.05401995 -0.5655745 -0.006742169 0.3097342 -0.3949707 0.04371761 -0.1501465 -0.4779612 0.03887284 0.4482777 -0.5341661 -0.02460639 0.4755038 -0.3956998 0.9032475 0.8642215 -0.0156891 0.002373968 0.02087226 0.03936297 -0.2255637 -0.1400784 0 0 0 0 0.02562828 0.006179302 -0.03318124 0.02885223
52 0.04122854 -0.04122854 -1.906188 -0.5423679 -0.3778297 -1.532278 -0.5116691 -0.2313452 2.624298 0.5361179 1.446931 1.646472 0.5119866 2.076602 -0.2644318 -0.9681747 -1.148168 -0.2606906 -0.7154837 -1.100111 0.6750021 0.5842865 1.986424 -0.9025413 -0.6426635 -1.720681 0 0 0 0 0.01252498 -0.02192125 -0.02746907 0.02073185
53 -0.07562509 0.07562509 0.4631623 -0.01870399 0.5775763 -0.4303298 0.01902092 -0.0385754 0.3798731 0.03121524 0.07350007 0.3219677 0.002668435 -0.308521 -1.106991 -0.4037086 0.01780135 -0.3364434 -0.07491048 -0.907876 -0.3811887 -0.2561395 -0.3666656 0.1591178 0.2065753 -0.03943911 0 0 0 0 0.09244515 -0.07284176 0.007030162 -0.02171204
54 0.08225388 -0.08225388 0.1423411 -0.0440045 0.2926766 -0.07312462 0.001556116 0.4425675 0.5104062 -0.0448519 0.00384703 0.3791127 -0.07609076 -0.2583431 0.1790727 0.7193132 0.1182449 -0.3916999 0.4923369 -0.2094374 0.1177841 -0.01771695 -0.0288975 0.1568928 0.04738465 -0.07286348 0 0 0 0 0.1896383 -0.1158262 0.008580503 0.05531791
55 0.05107965 -0.05107965 -0.8985994 0.05088996 0.3920667 0.2333424 0.03122614 -0.148813 -0.2242479 0.094344 -0.1608006 -0.2797033 0.09618426 -0.009555293 0.167182 -0.08551472 -0.8382971 0.2183173 0.2658488 0.8869773 0.9726771 0.03111712 -0.08249212 -0.07389892 -0.06072927 -0.3561074 0 0 0 0 0.0227335 -0.06676277 0.03287539 0.06101172
56 0.09398805 -0.09398805 0.4093795 0.004650166 -0.1775977 0.7038309 0.01961263 -0.1697748 -0.08834195 0.02766059 -0.1650652 0.07200915 -0.02850023 -0.1146093 0.693391 0.4579123 -0.1773931 -0.7563723 0.07940298 -1.543552 0.0209746 -0.01918086 -0.08997862 0.03133628 -0.1590423 -0.0993428 0 0 0 0 0.1108598 -0.02526245 -0.05613922 0.04208031
57 0.06578607 -0.06578607 -0.1912148 0.03506752 0.2427171 -0.1298034 0.01496732 0.3552795 -0.02631783 0.02434888 0.07029996 -0.4779154 0.1318289 0.07389006 -0.3574495 0.1186292 -0.5047056 -0.2918716 -0.4821185 0.4561128 0.1080587 0.2657417 0.3093493 0.04726661 0.1265733 0.3419193 0 0 0 0 0.08232357 -0.06573886 0.04666658 0.01332328
58 0.06917064 -0.06917064 -0.1646555 -0.03884418 -0.05332825 0.2444423 -0.05249869 0.08633821 -0.3183477 -0.02032797 0.4112114 0.04936602 0.04676899 0.4777772 -0.6680934 -0.4648845 -0.7738615 -0.5280916 -0.1696828 -0.6930498 0.1771579 0.2980198 0.3621038 -0.1631268 0.1730116 0.8427032 0 0 0 0 0.08873673 0.01344442 -0.04086149 0.009762794
59 -0.001450429 0.001450429 -0.1374854 -0.005594317 0.1627133 0.1802355 -0.00552282 -0.2190893 0.7663362 -0.02857532 0.1318355 0.5188589 -0.03087523 -0.2038987 -0.4348639 0.2574057 -0.009057239 -0.1307371 0.3383172 -1.033412 -0.03085428 -0.06054366 -0.2705065 0.5184889 0.3784313 0.4759951 0 0 0 0 -0.045737 -0.07234009 0.02952844 0.05996827
60 0.01272981 -0.01272981 -0.3683636 -0.01992814 0.1978096 -0.187375 -0.003760488 -0.0697264 -0.558138 -0.03572406 0.2625402 0.3339064 -0.02876645 0.6282401 -0.5648163 0.1610633 1.244462 -0.8318355 -0.4805665 0.1474175 -0.02764502 0.08815543 0.06896577 0.05412481 0.03271048 -0.2955332 0 0 0 0 0.03125483 -0.02685761 0.02525872 0.05231256
61 -0.02871965 0.02871965 0.005127726 -0.005268134 0.1134438 0.5322608 -0.07062956 0.6483581 0.6260513 0.01041262 -0.09351962 0.05212892 0.05368471 0.3727222 0.3085109 0.9012249 0.08374168 0.1201779 0.3137979 -0.1148379 0.1106756 0.1032604 0.1487611 -0.04741302 0.08768695 -0.1437435 0 0 0 0 -0.04508886 0.1115384 0.03833628 -0.02702828
62 -0.3648157 0.3648157 0.8428943 -0.6602394 -1.436235 -3.313084 -0.5771396 0.6608811 1.246334 0.309965 1.17863 0.7369893 0.3196818 1.406109 -1.987782 -0.2417214 -1.986527 3.260232 3.181693 1.67425 0.3228343 0.1222329 0.4621031 0.05326022 0.2035142 -0.650503 0 0 0 0 0.3213983 -0.03923955 -0.02402921 0.09842479
63 -0.09860973 0.09860973 0.3915303 0.006168816 -0.1932985 0.4069895 0.02602472 0.1356628 0.1021964 0.02890372 0.2348944 0.8866218 -0.01448873 0.8949102 -0.3700305 -0.5612405 -0.5274619 -0.9951936 -0.02840087 0.7384968 0.01419253 -0.005957881 -0.2175394 -0.1706524 -0.1514653 0.4764255 0 0 0 0 0.0004428533 -0.02771667 -0.01068624 0.04638331
64 0.09339356 -0.09339356 0.5117565 -0.02916947 -0.01550541 0.1141742 -0.06943708 0.08872678 0.1840649 -0.03534306 0.2130443 -0.6285328 0.05569194 0.2690716 -0.326922 0.1136327 -0.2494976 -0.1366125 -1.019466 -0.8871125 -0.1538958 -0.08789436 -0.3245395 -0.1449508 -0.06993449 -0.3918965 0 0 0 0 0.09101616 -0.1079138 -0.02957878 -0.005877889
65 -0.06030373 0.06030373 0.376092 -0.02883508 0.02827864 -0.00645356 -0.02517068 -0.2659136 0.1918638 -0.01561408 0.0804195 -0.0443124 -0.02979223 -0.5736601 0.2729788 0.133673 -0.4745424 -1.139735 -0.5323097 -0.1742487 0.0421983 -0.07674702 0.1179169 0.4137279 0.1904356 -0.4435201 0 0 0 0 -0.1592694 0.01249686 -0.0223741 -0.004808941
66 0.02031853 -0.02031853 0.7463703 -0.02194777 -0.63495 0.5815249 0.006481651 -0.3344068 0.05906744 -0.04524058 -0.1188971 -0.1168814 -0.03125862 -0.2462404 -0.3317686 -0.4530817 -1.088152 -0.9888543 -0.5256736 -0.09840435 0.1453204 0.1398287 0.09320743 0.333047 0.5212933 0.8353018 0 0 0 0 -0.02602569 -0.08237394 0.03124737 -0.04587054
67 -0.07254439 0.07254439 0.07607128 -0.02285146 0.0663327 -0.3061161 0.001326359 -0.1124942 -0.5105386 -0.03081773 -0.1078646 -0.04836879 -0.08574437 -0.09512948 -0.535099 0.2404337 -0.8435916 -0.6192651 -0.1617486 -0.2841357 -0.03270085 -0.04492049 -0.1303986 -0.4604315 -0.6495185 -0.7696443 0 0 0 0 0.1361542 0.01713699 -0.05915508 -0.05501978
68 -0.388761 0.388761 2.069162 -0.1678795 0.6238007 -0.2373617 -0.2045333 5.595184 0.9398734 0.2575065 0.4842594 0.8325097 0.2796336 0.3327789 0.6057957 -0.857282 -1.823066 1.807819 2.42548 3.019447 0.9340068 -0.1210542 1.883419 -0.2558757 -0.1527908 -0.7944894 0 0 0 0 0.75 0.1525852 0.1244531 0.1921076
69 -0.001093568 0.001093568 -1.686304 -0.471276 -1.529701 -1.474018 -0.4598909 -0.4801645 2.015292 0.5374166 1.067384 1.051279 0.4947048 1.383978 -0.696088 0.7260156 -0.09555788 0.1117566 -0.2967227 0.8777451 0.9688905 0.2590224 1.234958 -0.9344322 -0.4794212 -1.802303 0 0 0 0 0.04676874 -0.09134444 -0.00379201 0.2930106
70 -0.05508665 0.05508665 0.2135632 -0.01830214 -0.3057563 0.0595835 0.02629136 0.4740524 -0.1857946 0.04966396 -0.1113359 -0.1897696 0.03542702 -0.2789109 -0.5864632 -0.3880112 -1.102817 0.6523159 0.9563647 -0.3634929 -0.2502303 -0.1517533 -0.5733475 -0.04461081 0.03040529 -0.17779 0 0 0 0 0.7499116 0.07815717 0.4125247 0.04236825
71 -0.4604976 0.4604976 3.109313 0.1587416 0.08484549 5.470344 0.2698162 -1.62763 1.0685 0.2789721 0.8423994 0.7670719 0.305021 0.6274605 -1.99523 -0.2488808 -1.994278 4.015472 4.012621 3.541371 0.5186371 -0.3629172 -0.2275083 -0.03629231 -0.02560643 -0.4621809 0 0 0 0 0.75 -0.04167976 0.2189101 -0.001063208
72 -0.445963 0.445963 -6.929592 -0.2154687 1.02175 0.6213671 -0.4093055 2.169908 1.50089 0.3504861 1.117005 0.5977901 0.3779545 1.129379 -1.984607 -0.2443662 -1.988559 2.114955 3.060798 2.335373 4.905385 1.935214 2.907552 -0.5048162 -0.2993832 -1.370426 0 0 0 0 0.7499962 0.216322 0.2281549 0.1455303
73 -0.03084686 0.03084686 0.2105353 -0.01424781 -0.2327583 0.3578993 -0.0238735 0.2104149 -0.4899429 0.1535016 0.4958371 0.101715 0.1464303 0.4741211 -1.335349 -0.1944146 -0.4402305 0.3922233 0.00922755 -0.5767255 -0.1364271 -0.005770825 0.1502601 0.2717872 0.2185026 0.2252011 0 0 0 0 0.1162676 0.1516319 -0.00795032 0.01551491
74 -0.01834096 0.01834096 -0.5429346 0.04187885 0.4234551 0.2844461 -0.0244686 0.383169 -0.5599513 0.02489727 -0.002427791 -0.5148762 0.02531801 0.418553 -0.05191014 -0.2659513 -1.551018 -0.6786604 -0.02951676 -0.5210324 -0.1999304 0.009017458 0.3976687 0.1757687 0.2742298 0.4746852 0 0 0 0 -0.07583628 0.1655158 0.256543 0.0141788
75 -0.05173967 0.05173967 -0.342567 0.07299252 0.6179332 0.5732383 -0.02247369 -0.2827351 -0.04524229 0.003542667 -0.3522577 -0.630436 0.08161564 -0.1504066 -0.2548985 0.05011891 -0.9803127 0.3514972 0.3959047 -0.4142449 -0.004318264 0.1843434 -0.01082347 -0.2669118 -0.1286153 0.06855993 0 0 0 0 0.006439712 0.205166 0.1053907 0.02930306
76 -0.3997454 0.3997454 -6.314407 -0.8076119 -5.196496 6.785571 -0.8878956 4.06616 1.321406 0.3500128 0.3299965 0.5873326 0.3671877 0.3265161 -0.02799575 1.387821 -0.624124 4.835677 4.011359 3.322448 2.192033 0.4480385 2.955911 0.1028091 0.209192 -0.8927265 0 0 0 0 0.5100334 -0.1299031 0.1814806 0.01084249
77 0.0732668 -0.0732668 0.1836683 0.0002263741 -0.06128628 -0.4859037 0.01800727 -0.5194539 -0.2357449 0.0003996136 0.008969482 -0.4275351 0.02075248 -0.8880138 -0.6598562 -0.07107302 0.3327528 -0.4963179 -0.3290614 1.832919 0.07650032 0.08534577 0.02403099 -0.09953149 -0.02385437 0.1821944 0 0 0 0 0.08840758 0.1276514 0.009710013 0.08813741
78 -0.002450068 0.002450068 0.06161717 -0.003422426 0.6448826 -0.4014714 0.008015351 -0.3843132 -0.6845662 -0.00479838 0.1645094 -0.2925893 0.0004090229 0.2958744 0.05127478 0.9048708 0.1071354 -0.03604096 0.3029161 -0.2634141 -0.02571006 -0.1906468 -0.4376945 -0.1825349 -0.2504387 0.08308505 0 0 0 0 -0.08689177 -0.007558682 -0.02401832 -0.007622959
79 -0.4403063 0.4403063 4.334248 -0.0194736 1.512411 2.049957 -0.1316968 -3.525549 0.6741814 0.2986783 1.026426 0.8765184 0.3104627 0.2449916 -1.98853 -0.2354173 -1.969175 4.272663 3.086682 2.243535 1.535734 0.4606858 0.5569706 -0.2031496 0.3466971 0.01996575 0 0 0 0 0.75 -0.06878245 0.2530093 0.07396147
80 0.1049522 -0.1049522 -0.4084382 0.01536704 0.8495875 -0.5214646 0.04580175 0.6731587 -0.2030405 0.03639994 -0.3408928 -0.1349009 0.02013685 -0.8534661 0.6537761 -0.2383792 -0.006624767 -0.8783332 -0.5852103 -1.018257 0.1210466 0.1451446 -0.1710181 0.3609983 0.1904138 1.302184 0 0 0 0 0.01541688 0.01574634 0.06746558 0.03684405
81 -0.0636537 0.0636537 0.1699066 0.01200608 -0.01313281 0.3756986 0.03763686 -0.9410137 -0.1266099 0.003558306 0.2761727 -0.4208872 0.02084949 -0.2219565 -0.5778918 0.2045287 0.5856023 -0.2601407 -0.1509941 0.1238064 -0.04559298 -0.1499318 0.04344138 0.154174 0.1362292 0.1840461 0 0 0 0 0.06327874 0.1317512 -0.016598 -0.01436553
82 0.003808736 -0.003808736 -0.1248517 0.01819216 0.1013996 0.3489766 -0.0166289 -1.09649 0.3885198 -0.07065594 0.3776187 -0.08811326 -0.01482533 0.1024047 -0.2516893 0.3752056 1.421626 -1.170077 -0.2670573 -0.8567204 -0.03881873 0.01122187 0.1851471 -0.2777255 0.02791435 0.1517454 0 0 0 0 -0.002971742 -0.0967894 -0.01901126 0.01698561
83 0.04633903 -0.04633903 -0.2658298 0.009493303 0.6180726 -0.1234056 0.01245288 -0.1691588 0.5103126 -0.0475244 -0.4930441 0.3715641 -0.09930459 0.1172557 -0.7644624 -0.379182 -1.215824 0.1761557 -0.3653701 -1.31027 0.1271727 0.06910599 -0.0472131 0.1211154 0.2761852 0.2732615 0 0 0 0 0.01858264 -0.04870514 -0.04188177 0.008295727
84 -0.009604567 0.009604567 -0.522888 -0.01850495 0.1714899 -0.1973352 0.01552984 0.266604 0.3141541 -0.05917816 0.7398575 0.1948098 -0.02767423 0.1472817 0.4856569 0.3881225 0.433928 -0.5670649 0.5578536 -0.1023264 -0.06590674 0.05982757 0.06268098 -0.09215702 0.08220078 -0.04413343 0 0 0 0 -0.06192377 0.1218485 -0.03747464 0.011039
85 -0.02552502 0.02552502 -0.2332599 -0.05392442 0.2125485 -0.5059045 -0.002120511 -0.5361944 -0.2697138 0.0383369 -0.1599334 -0.4712636 0.02549519 0.5174229 -0.3027782 -0.9159719 -0.1371976 0.02010379 0.8084309 0.7369096 0.08374148 0.1261747 0.2203041 0.1742197 0.1410144 -0.323192 0 0 0 0 0.1354602 0.004129361 -0.0274803 -0.02490944
86 -0.4600268 0.4600268 -9.925224 -0.4805188 3.080156 0.05212323 0.104043 -2.452971 0.9974115 0.301432 0.6615511 0.4690679 0.2577877 -0.06765463 -1.952367 -0.2489536 -1.989071 4.625154 3.392617 2.897036 5.813736 -0.6663377 -0.197817 -0.168448 0.006290322 -0.449369 0 0 0 0 0.75 -0.01229143 0.567844 0.01959285
87 -0.09087815 0.09087815 0.4647832 0.0120578 -0.6805044 -0.03608668 0.02549173 -0.2338807 -0.1110387 -0.03367048 -0.5601084 0.02085413 0.03342937 0.1451515 -1.240673 -0.2143606 -0.5674023 -0.9428793 0.4763215 1.094235 0.1054436 0.01138544 0.09691771 -0.3076245 -0.1522728 -0.8556979 0 0 0 0 -0.126652 0.08123501 0.02119567 -0.02913629
88 -0.09041089 0.09041089 -0.1115744 0.03035706 0.701228 -0.5425891 0.09876106 -0.1756648 0.4957601 -0.03310896 0.4307946 0.9396755 -0.09600048 -0.158744 -1.030867 -0.0202639 -1.048569 1.290685 1.127621 -0.05738746 -0.2028948 -0.3146112 -0.5274061 -0.1635347 -0.3023913 -0.07474764 0 0 0 0 0.2150334 -0.1264327 -0.06600066 -0.05818187
89 -0.0635675 0.0635675 -0.1799702 0.0234135 0.3209717 -1.115699 0.08467296 -0.1703853 0.1323527 0.0005400736 -0.07711389 -0.004477026 0.01431543 -0.009475987 0.7450945 0.1983922 -0.6863604 0.7837516 -0.009647878 -0.6754017 0.1095205 0.07133989 -0.07881785 -0.493629 -0.2635928 0.1929391 0 0 0 0 -0.08697872 -0.05293271 -0.03120279 -0.03525207
90 -0.0417916 0.0417916 -0.4159492 -0.007773503 0.08741379 0.1098773 0.03556859 -0.5435765 -0.296177 -0.01201004 0.2574708 -0.1971063 0.02131021 0.5439526 0.06988563 0.6120358 1.283335 -0.7467838 -0.4527835 -0.7641006 0.1728496 0.06685485 0.2443249 -0.1192092 -0.220675 -0.5561927 0 0 0 0 -0.031835 -0.09513781 -0.006067441 -0.07588974
91 0.04435471 -0.04435471 1.356605 -0.04922769 -0.5529177 0.4970594 -0.002371009 -0.4027731 -0.0326637 0.07326211 -0.27002 -1.080983 0.1588756 -0.862979 -0.7602026 -0.04316797 0.3949194 0.4086271 0.7776611 -0.2699891 -0.04109305 -0.1464709 0.02006154 -0.09051535 0.2055371 0.3641417 0 0 0 0 -0.02620958 0.01874476 -0.08959888 -0.03163162
92 -0.1180869 0.1180869 0.3807413 -0.01404588 -0.6614488 0.3910345 0.09034488 -0.2118228 -0.08431742 -0.02849059 0.7105769 0.07820457 -0.03172572 -0.3569061 -0.1321658 -0.1088781 -0.5721211 -0.06602782 -0.0268151 1.898357 -0.2105131 -0.1390075 0.1608862 0.1279392 -0.3620543 -0.9642372 0 0 0 0 -0.1370473 0.08896806 0.03231826 -0.01517305
93 -0.09099709 0.09099709 0.01033009 -0.03475547 -0.147422 0.2278122 -0.03921233 -0.5419916 0.3950682 0.01066136 0.002776467 0.3497445 -0.05089233 0.4879176 -0.8211677 -0.08341071 0.02358741 0.1317388 0.72986 0.5068233 -0.0671696 -0.1791415 -0.2318937 0.1540421 0.1910409 -0.13588 0 0 0 0 0.01981083 -0.09322111 -0.02214849 -0.005260284
94 0.05399446 -0.05399446 0.4842634 -0.0995813 -0.1721163 -0.2585782 -0.05807903 -0.2652053 -0.4067524 0.0433398 -0.2780846 -0.2809184 0.0340375 0.05631211 1.223954 0.7596668 0.4412224 0.2356759 1.801932 1.369693 -0.05842663 -0.2047777 -0.07418508 -0.002949863 -0.3172267 -0.5675982 0 0 0 0 -0.06090161 0.01198054 -0.06401806 -0.01373516
95 -0.4404438 0.4404438 2.725874 -0.3972382 4.492991 2.257994 -0.5962105 0.5228743 1.240892 0.2099881 0.9224158 0.7119484 0.2403768 0.3179441 -1.986935 -0.2376933 -1.974155 5.918355 3.782482 3.839321 1.096388 -0.4000722 0.4081608 0.3018871 0.6328316 0.7076275 0 0 0 0 0.75 -0.09280623 0.1301083 0.09532697
96 0.01511967 -0.01511967 0.2310456 0.01627752 -0.001019382 -0.2589494 -0.05187886 0.1746892 0.8227298 0.001643987 0.1582078 -0.1085841 0.04958905 -0.927181 -0.3576102 0.05282106 0.180016 -0.4902171 0.2987656 0.3671921 0.1400507 0.005218728 -0.349768 -0.1782466 -0.1386222 -0.1023306 0 0 0 0 -0.1417953 0.2179457 0.02539747 -0.02453154
97 -0.4376545 0.4376545 -0.04407869 -0.7243681 -0.5986295 3.67979 -0.8979613 4.401907 1.456716 0.2452752 0.69627 0.5547815 0.2483962 0.2934409 -1.997092 -0.2495868 -1.989889 3.786261 3.364281 2.674683 0.3043013 -0.623852 2.220821 0.1363697 0.5118706 0.5840277 0 0 0 0 0.75 0.08199515 0.3735767 0.05749765
98 -0.03902737 0.03902737 -0.591267 0.04782889 0.1609325 -0.3980051 0.01405612 0.007574038 -0.432432 -0.007474182 0.2237416 -0.2504678 0.01726825 0.2316697 -0.8763158 0.06694 0.629206 -0.3950907 0.204335 -0.2238869 -0.1587312 -0.1087633 -0.1820131 0.02629898 0.3168013 0.05566683 0 0 0 0 0.05745781 0.01799333 0.04290727 0.01767215
99 -0.1089509 0.1089509 0.07609053 0.04101917 -0.1723792 -0.4576213 0.03749223 0.1830605 0.17089 0.01642028 -0.1170709 -0.3786237 0.06108219 -0.5912132 -0.5595778 0.09210419 0.8038549 -0.5745397 0.1165528 0.8565278 -0.004889819 0.1352811 -0.1922737 -0.1491802 -0.05667432 -0.3225599 0 0 0 0 0.06312363 0.04911579 0.02643373 -0.04878586
100 -0.4201703 0.4201703 0.7460976 0.1338004 -5.993831 0.1105152 0.2665554 -3.574647 1.007323 0.1859681 0.491723 1.329315 0.1390705 0.3476174 -1.707183 0.01494092 -1.759082 6.271101 4.548586 3.306897 0.3207138 0.4318067 -0.5057284 0.2227791 0.1622024 -0.1042377 0 0 0 0 0.2493565 -0.09054762 -0.08343903 0.009919923
