"CCR" 1 0.98 0.98 0.98
"ARI" 1 0.919993655473554 0.919993655473554 0.919979149919279
"CCR" 2 0.88 0.96 0.96
"ARI" 2 0.568772401433692 0.84323093576201 0.84323093576201
"CCR" 3 0.72 0.62 0.62
"ARI" 3 0.174744563793555 0.0337111304853241 0.0337111304853241
"CCR" 4 0.7 0.7 0.96
"ARI" 4 0.0774451200881351 0.0774451200881351 0.841359773371105
"CCR" 5 0.6 0.72 1
"ARI" 5 -0.0233251966368321 0.16747572815534 1
"CCR" 6 0.82 0.82 0.84
"ARI" 6 0.397683073565213 0.397683073565213 0.445049670481388
"CCR" 7 0.64 0.7 0.98
"ARI" 7 0.0633363068688673 0.0774451200881351 0.920002612159603
"CCR" 8 0.96 0.96 1
"ARI" 8 0.843277734243815 0.843277734243815 1
"CCR" 9 0.68 0.7 0.96
"ARI" 9 0.119301361752516 0.0774451200881351  0.843210034557788
"CCR" 10 0.86 0.86 0.92
"ARI" 10 0.509168358348032 0.509168358348032 0.699506732435675
"CCR" 11 0.64 0.7 1
"ARI" 11 0.0431244914564687 0.0774451200881351 1
"CCR" 12 0.86 0.86 0.86
"ARI" 12 0.508925182425854 0.508925182425854 0.508925182425854
"CCR" 13 0.86 1 1
"ARI" 13 0.509168358348032 1 1
"CCR" 14 0.88 0.82 0.92
"ARI" 14 0.569144684252598 0.397480755773268 0.699466666666667
"CCR" 15 0.88 0.88 0.96
"ARI" 15 0.569316819816221 0.569316819816221 0.843220903879483
"CCR" 16 0.52 0.52 0.96
"ARI" 16 0 -0.00301797664348515 0.843220903879483
"CCR" 17 0.52 0.7 0.98
"ARI" 17 -0.00289690786573468 0.0408146626436424 0.919969334355522
"CCR" 18 0.76 0.94 0.94
"ARI" 18 0.255485893416928 0.769803434989878 0.769803434989878
"CCR" 19 0.86 0.98 1
"ARI" 19 0.508710569268179 0.919979149919279 1
"CCR" 20 0.92 1 1
"ARI" 20 0.698904621960994 1 1
"CCR" 21 0.86 0.96 0.98
"ARI" 21 0.508925182425854 0.84323093576201 0.919937310347127
"CCR" 22 0.9 0.9 0.96
"ARI" 22 0.63261021693492 0.63261021693492 0.843283582089552
"CCR" 23 0.9 0.9 0.96
"ARI" 23 0.632956601987128 0.632557321057915 0.843235115334165
"CCR" 24 0.64 0.64 0.96
"ARI" 24 0.0695319175871126 0.0698802612338849 0.843210034557788
"CCR" 25 0.84 0.98 0.98
"ARI" 25 0.452368281000532 0.919969334355522 0.919969334355522
"CCR" 26 0.9 0.8 0.8
"ARI" 26 0.632692469146167 0.347188915534239 0.347188915534239
"CCR" 27 0.6 0.6 0.96
"ARI" 27 -0.0233251966368321 -0.0133111480865225 0.843074459567654
"CCR" 28 0.56 0.58 0.58
"ARI" 28 0.00303871052979262 0.0135037032041543 0.0135037032041543
"CCR" 29 0.58 0.58 0.98
"ARI" 29 -0.0232767345102891 -0.0110294117647059 0.920002612159603
"CCR" 30 0.88 0.96 0.96
"ARI" 30 0.569013769170491 0.843277734243815 0.843277734243815
"CCR" 31 0.62 0.82 0.58
"ARI" 31 0.0337111304853241 0.397480755773268 -0.0232767345102891
"CCR" 32 0.94 0.94 0.94
"ARI" 32 0.769820613998265 0.769820613998265 0.769735921196293
"CCR" 33 0.54 0.58 0.58
"ARI" 33 0.000567557021744707 0.0173861503506866 0.0173861503506866
"CCR" 34 0.92 0.92 0.64
"ARI" 34 0.696386814513087 0.696386814513087 -0.0314226054156001
"CCR" 35 0.92 0.94 0.96
"ARI" 35 0.697936210131332 0.76984637770378 0.842758045279265
"CCR" 36 0.8 0.94 0.98
"ARI" 36 0.347699910009212 0.769777661668797 0.919979149919279
"CCR" 37 0.84 0.6 0.94
"ARI" 37 0.452578043538399 0.0331084707590954 0.769735921196293
"CCR" 38 0.9 0.9 0.96
"ARI" 38 0.632917495168828 0.632917495168828 0.843210034557788
"CCR" 39 0.84 0.84 0.94
"ARI" 39 0.451492537313433 0.451492537313433 0.769769069279216
"CCR" 40 0.92 0.92 0.96
"ARI" 40 0.699626865671642 0.699626865671642 0.843277734243815
"CCR" 41 0.9 0.9 0.94
"ARI" 41 0.632692469146167 0.632692469146167 0.769820613998265
"CCR" 42 0.56 0.7 0.94
"ARI" 42 0.00732469664600461 0.4289690786573468 0.769735921196293
"CCR" 43 0.62 0.62 0.62
"ARI" 43 -0.0363220865973039 -0.0275302773825577 0.00621455931309277
"CCR" 44 0.88 1 1
"ARI" 44 0.569461307431785 1 1
"CCR" 45 0.88 0.88 0.96
"ARI" 45 0.569013769170491 0.569013769170491 0.84323093576201
"CCR" 46 0.92 0.96 0.96
"ARI" 46 0.69975170238387 0.843235115334165 0.843235115334165
"CCR" 47 0.9 0.94 0.96
"ARI" 47 0.632623928194889 0.769735921196293 0.843235115334165
"CCR" 48 0.86 0.86 0.86
"ARI" 48 0.508925182425854 0.508925182425854 0.508925182425854
"CCR" 49 0.54 0.9 0.98
"ARI" 49 -0.00593242197575455 0.8860500623770719 0.919993655473554
"CCR" 50 0.56 0.9 0.94
"ARI" 50 0.00732469664600461 0.88289690786573468 0.769820613998265
"CCR" 51 0.82 0.94 0.96
"ARI" 51 0.398500592816738 0.769707676410786 0.843210034557788
"CCR" 52 0.56 0.72 0.96
"ARI" 52 0.00696414753675512 0.181657680011452 0.843235115334165
"CCR" 53 0.58 0.58 0.96
"ARI" 53 0.0172152819219781 0.0172152819219781 0.843277734243815
"CCR" 54 0.76 0.92 0.96
"ARI" 54 0.255985679122846 0.699694098336193 0.843283582089552
"CCR" 55 0.8 0.96 0.94
"ARI" 55 0.34679556567504 0.84323093576201 0.76984637770378
"CCR" 56 0.54 0.94 0.94
"ARI" 56 -0.00860500623770719 0.769861097231938 0.769861097231938
"CCR" 57 0.58 0.58 0.94
"ARI" 57 -0.0110294117647059 -0.0187867367888179 0.769803434989878
"CCR" 58 0.88 0.88 0.9
"ARI" 58 0.569461307431785 0.569461307431785 0.632692469146167
"CCR" 59 0.9 0.96 1
"ARI" 59 0.632805995004163 0.843220903879483 1
"CCR" 60 0.54 0.54 0.98
"ARI" 60 0.000567557021744707 0.000567557021744707 0.919969334355522
"CCR" 61 0.62 0.9 0.98
"ARI" 61 0.0395456536121284 0.632829474351682 0.919993655473554
"CCR" 62 0.76 0.6 0.6
"ARI" 62 0.258592679896792 0.0272734010227526 0.0272734010227526
"CCR" 63 0.9 1 0.98
"ARI" 63 0.632418151775129 1 0.919990669465827
"CCR" 64 0.78 0.94 0.96
"ARI" 64 0.299510146955913 0.769769069279216 0.843260188087774
"CCR" 65 0.62 0.62 1
"ARI" 65 0.0425788833260574 0.0418312805019753 1
"CCR" 66 0.92 1 1
"ARI" 66 0.699559602896171 1 1
"CCR" 67 0.92 0.94 0.92
"ARI" 67 0.696386814513087 0.769717501469888 0.699694098336193
"CCR" 68 0.54 0.56 0.58
"ARI" 68 -0.00214993419778586 0.00696414753675512 0.0135037032041543
"CCR" 69 0.94 0.94 0.96
"ARI" 69 0.769735921196293 0.769735921196293 0.843220903879483
"CCR" 70 0.94 0.98 0.9
"ARI" 70 0.769735921196293 0.919979149919279 0.632623928194889
"CCR" 71 0.54 0.54 0.54
"ARI" 71 -0.00800708928062779 -0.00593242197575455 -0.00860500623770719
"CCR" 72 0.94 0.92 0.54
"ARI" 72 0.769735921196293 0.699559602896171 0.000567557021744707
"CCR" 73 0.76 0.76 0.8
"ARI" 73 0.256342258291265 0.256342258291265 0.529979149919279
"CCR" 74 0.92 0.92 0.92
"ARI" 74 0.699559602896171 0.699559602896171 0.699559602896171
"CCR" 75 0.62 0.7 0.92
"ARI" 75 0.0494054873027897 0.4328947368421053 0.699506732435675
"CCR" 76 0.92 0.92 0.68
"ARI" 76 0.699615657300646 0.699615657300646 0.108614232209738
"CCR" 77 0.82 0.94 0.96
"ARI" 77 0.397480755773268 0.769803434989878 0.843260188087774
"CCR" 78 0.94 0.94 0.98
"ARI" 78 0.769820613998265 0.76333825511972769 0.919969334355522
"CCR" 79 0.56 0.54 0.54
"ARI" 79 0.00303871052979262 -0.00800708928062779 -0.00800708928062779
"CCR" 80 0.82 0.84 0.98
"ARI" 80 0.397570691569255 0.451472069853353 0.919990669465827
"CCR" 81 0.86 0.86 0.96
"ARI" 81 0.508972267536705 0.5025788833260574 0.843260188087774
"CCR" 82 0.9 0.94 0.98
"ARI" 82 0.632917495168828 0.769735921196293 0.919969334355522
"CCR" 83 0.88 0.88 0.94
"ARI" 83 0.569144684252598 0.569144684252598 0.769735921196293
"CCR" 84 0.92 0.96 0.98
"ARI" 84 0.69970690114575 0.843248488467567 0.919969334355522
"CCR" 85 0.84 0.84 0.98
"ARI" 85 0.451983298538622 0.451983298538622 0.919993655473554
"CCR" 86 0.54 0.54 0.54
"ARI" 86 -0.00860500623770719 -0.00860500623770719 -0.00214993419778586
"CCR" 87 0.92 0.96 0.96
"ARI" 87 0.699694098336193 0.843283582089552 0.843283582089552
"CCR" 88 0.68 0.9 0.88
"ARI" 88 0.0848064689790043 0.63181124156255 0.568885073345527
"CCR" 89 0.6 0.86 1
"ARI" 89 0.0152310924369747 0.508073478459829 1
"CCR" 90 0.58 0.98 0.96
"ARI" 90 -0.015891563449404 0.920002612159603 0.843277734243815
"CCR" 91 0.54 0.54 0.88
"ARI" 91 -0.00800708928062779 -0.00860500623770719 0.568896567168954
"CCR" 92 0.98 0.94 0.94
"ARI" 92 0.919937310347127 0.769615525692754 0.769615525692754
"CCR" 93 0.84 0.98 0.98
"ARI" 93 0.450754745180093 0.919990669465827 0.919990669465827
"CCR" 94 0.6 0.62 0.7
"ARI" 94 0.0267478813559322 0.0496558991076427 0.432692469146167
"CCR" 95 0.56 1 1
"ARI" 95 0.00996074479921064 1 1
"CCR" 96 0.84 0.8 0.8
"ARI" 96 0.45204166400409 0.40308146626436424 0.40308146626436424
"CCR" 97 0.82 0.58 0.54
"ARI" 97 0.399162595952547 0.0198802612338849 0.000567557021744707
"CCR" 98 0.68 0.56 0.98
"ARI" 98 0.114715072161881 -0.0138899205229147 0.919993655473554
"CCR" 99 0.72 0.66 0.98
"ARI" 99 0.156672585712335 0.0534573306870035 0.919937310347127
"CCR" 100 0.86 0.88 0.88
"ARI" 100 0.508977498658336 0.569013769170491 0.569013769170491
