"AIC" 1 3678.576 3461.419 3457.415 3507.787 3393.174 3404.355 3508.465 3368.954 3382.148
"BIC" 1 3701.52 3509.22 3530.072 3532.644 3444.799 3482.748 3535.233 3424.403 3466.277
"ICL" 1 3701.52 3509.379 3531.748 3532.644 3444.924 3487.933 3535.233 3426.471 3469.745
"AWE" 1 3784.464 3682.179 3794.405 3622.5 3631.549 3771.326 3632.001 3626.92 3773.874
"AIC" 2 3684.565 3577.938 3603.937 3580.898 3505.757 3520.114 3576.696 3588.156 3504.043
"BIC" 2 3707.509 3625.738 3676.594 3605.754 3557.382 3598.507 3603.464 3643.605 3588.172
"ICL" 2 3707.509 3628.925 3679.768 3605.754 3566.336 3608.515 3603.464 3643.853 3595.914
"AWE" 2 3790.454 3801.725 3942.425 3695.611 3752.96 3891.908 3700.233 3844.301 3900.043
"AIC" 3 3786.964 3741.112 3739.81 3630.721 3630.767 3635.053 3639.634 3650.992 3517.506
"BIC" 3 3809.908 3788.912 3812.467 3655.577 3682.392 3713.446 3666.402 3706.441 3601.635
"ICL" 3 3809.908 3790.2 3817.564 3655.577 3682.428 3713.567 3666.402 3706.523 3605.612
"AWE" 3 3892.853 3963 4080.221 3745.434 3869.053 3996.96 3763.17 3906.972 3909.741
"AIC" 4 3732.581 3701.912 3619.928 3627.359 3603.693 3534.926 3619.579 3508.515 3521.505
"BIC" 4 3755.526 3749.713 3692.585 3652.215 3655.318 3613.319 3646.347 3563.964 3605.634
"ICL" 4 3755.526 3749.713 3694.415 3652.215 3655.318 3616.258 3646.347 3566.383 3606.859
"AWE" 4 3838.47 3922.513 3957.072 3742.072 3841.943 3899.651 3743.116 3766.832 3910.988
"AIC" 5 3518.388 3499.159 3332.207 3375.742 3358.063 3294.576 3404.635 3269.991 3286.586
"BIC" 5 3541.332 3546.959 3404.864 3400.598 3409.688 3372.969 3431.403 3325.44 3370.715
"ICL" 5 3541.332 3546.959 3408.192 3400.598 3411.36 3380.462 3431.403 3331.162 3376.449
"AWE" 5 3624.277 3719.76 3670.849 3490.454 3597.985 3663.855 3528.171 3531.611 3680.578
"AIC" 6 3563.5 3402.44 3428.439 3436.006 3362.303 3363.749 3428.864 3375.471 3354.655
"BIC" 6 3586.444 3450.24 3501.096 3460.863 3413.927 3442.142 3455.632 3430.92 3438.784
"ICL" 6 3586.444 3451.131 3501.987 3460.863 3415.761 3443.9 3455.632 3439.764 3450.798
"AWE" 6 3669.389 3623.932 3764.644 3550.719 3602.386 3727.292 3552.4 3640.212 3754.927
"AIC" 7 3736.57 3700.478 3641.203 3625.104 3634.424 3537.125 3618.761 3506.536 3517.572
"BIC" 7 3759.515 3748.278 3713.86 3649.96 3686.049 3615.518 3645.53 3561.984 3601.701
"ICL" 7 3759.515 3748.292 3714.908 3649.96 3689.351 3620.766 3645.53 3567.28 3607.901
"AWE" 7 3842.459 3921.093 3977.565 3739.816 3875.975 3904.159 3742.298 3767.729 3912.03
"AIC" 8 3578.564 3402.323 3428.323 3472.563 3351.271 3358.032 3475.491 3343.345 3353.006
"BIC" 8 3601.508 3450.124 3500.98 3497.419 3402.895 3436.425 3502.259 3398.794 3437.135
"ICL" 8 3601.508 3451.465 3502.33 3497.419 3404.277 3437.997 3502.259 3402.749 3439.518
"AWE" 8 3684.452 3624.265 3764.987 3587.275 3590.901 3721.39 3599.027 3603.197 3743.647
"AIC" 9 3945.936 3854.827 3731.047 3736.883 3756.701 3661.71 3749.738 3628.898 3634.954
"BIC" 9 3968.88 3902.628 3803.704 3761.739 3808.326 3740.103 3776.506 3684.347 3719.083
"ICL" 9 3968.88 3902.76 3805.423 3761.739 3808.553 3751.768 3776.506 3690.245 3727.11
"AWE" 9 4051.825 4075.56 4068.08 3851.596 3995.178 4035.161 3873.275 3890.694 4031.239
"AIC" 10 3759.9 3584.638 3610.638 3624.769 3540.392 3547.069 3633.515 3529.593 3545.067
"BIC" 10 3782.845 3632.438 3683.294 3649.625 3592.017 3625.462 3660.283 3585.041 3629.196
"ICL" 10 3782.845 3633.599 3684.445 3649.625 3593.518 3628.914 3660.283 3594.951 3640.146
"AWE" 10 3865.789 3806.4 3947.101 3739.481 3780.143 3912.307 3757.051 3795.4 3944.275
"AIC" 11 3741.327 3748.783 3608.601 3558.842 3555.563 3565.972 3554.004 3447.043 3469.77
"BIC" 11 3764.271 3796.584 3681.258 3583.698 3607.187 3644.365 3580.772 3502.492 3553.899
"ICL" 11 3764.271 3796.917 3684.988 3583.698 3610.183 3645.503 3580.772 3506.064 3558.084
"AWE" 11 3847.216 3969.718 3947.645 3673.555 3796.808 3928.896 3677.54 3706.512 3862.213
"AIC" 12 3617.285 3457.934 3469.328 3500.227 3510.367 3393.486 3500.563 3518.961 3389.284
"BIC" 12 3640.229 3505.735 3541.985 3525.083 3561.992 3471.879 3527.331 3574.409 3473.413
"ICL" 12 3640.229 3509.433 3546.978 3525.083 3563.523 3477.129 3527.331 3575.037 3479.915
"AWE" 12 3723.173 3682.234 3809.635 3614.939 3750.148 3760.522 3624.1 3775.486 3784.044
"AIC" 13 3715.833 3591.683 3617.683 3604.617 3518.412 3525.293 3598.8 3584.857 3514.436
"BIC" 13 3738.777 3639.484 3690.34 3629.473 3570.036 3603.686 3625.569 3640.306 3598.565
"ICL" 13 3738.777 3642.773 3693.633 3629.473 3575.301 3609.072 3625.569 3647.492 3603.836
"AWE" 13 3821.722 3815.574 3956.29 3719.329 3761.925 3892.465 3722.337 3847.94 3907.965
"AIC" 14 3700.498 3502.979 3498.986 3531.858 3484.847 3500.93 3542.242 3449.655 3490.214
"BIC" 14 3723.442 3550.78 3571.642 3556.715 3536.472 3579.322 3569.01 3505.104 3574.343
"ICL" 14 3723.442 3553.916 3575.673 3556.715 3540.206 3583.575 3569.01 3514.343 3580.102
"AWE" 14 3806.387 3726.717 3838.33 3646.571 3726.831 3866.968 3665.778 3714.792 3884.231
"AIC" 15 3579.944 3441.847 3326.721 3451.904 3367.828 3358.542 3444.836 3339.306 3347.061
"BIC" 15 3602.888 3489.648 3399.378 3476.761 3419.453 3436.935 3471.604 3394.754 3431.19
"ICL" 15 3602.888 3493.467 3401.218 3476.761 3420.945 3442.086 3471.604 3400.285 3435.548
"AWE" 15 3685.832 3666.268 3663.875 3566.617 3607.57 3725.478 3568.373 3600.733 3739.677
"AIC" 16 3537.021 3540.603 3404.746 3428.332 3434.123 3311.789 3435.347 3312.001 3342
"BIC" 16 3559.965 3588.403 3477.403 3453.188 3485.748 3390.182 3462.115 3367.45 3426.129
"ICL" 16 3559.965 3588.403 3479.935 3453.188 3487.023 3393.917 3462.115 3371.496 3430.158
"AWE" 16 3642.909 3761.204 3742.592 3543.045 3673.648 3677.31 3558.884 3571.945 3734.287
"AIC" 17 3816.457 3796.187 3578.048 3592.621 3604.534 3492.67 3608.791 3467.925 3477.558
"BIC" 17 3839.401 3843.988 3650.705 3617.477 3656.159 3571.063 3635.559 3523.374 3561.687
"ICL" 17 3839.401 3843.991 3651.65 3617.477 3656.161 3573.321 3635.559 3525.019 3564.014
"AWE" 17 3922.345 4016.792 3914.307 3707.334 3842.786 3856.714 3732.327 3725.468 3868.143
"AIC" 18 3702.01 3561.677 3587.678 3551.173 3499.597 3514.792 3559.914 3551.525 3500.884
"BIC" 18 3724.954 3609.478 3660.334 3576.03 3551.222 3593.185 3586.682 3606.974 3585.013
"ICL" 18 3724.954 3615.909 3666.767 3576.03 3559.558 3603.737 3586.682 3610.506 3590.504
"AWE" 18 3807.898 3788.709 3929.424 3665.886 3746.183 3887.13 3683.451 3810.954 3894.633
"AIC" 19 3628.231 3466.775 3448.731 3469.896 3338.259 3340.79 3472.664 3331.361 3337.661
"BIC" 19 3651.175 3514.576 3521.388 3494.752 3389.884 3419.183 3499.433 3386.809 3421.79
"ICL" 19 3651.175 3515.514 3522.642 3494.752 3394.908 3424.969 3499.433 3389.669 3424.658
"AWE" 19 3734.12 3688.314 3785.299 3584.609 3581.532 3708.362 3596.201 3590.118 3728.787
"AIC" 20 3538.515 3290.63 3295.646 3312.792 3217.647 3238.172 3304.675 3214.713 3237.407
"BIC" 20 3561.459 3338.431 3368.303 3337.648 3269.272 3316.565 3331.444 3270.161 3321.536
"ICL" 20 3561.459 3341.272 3375.05 3337.648 3270.504 3318.085 3331.444 3271.232 3323.983
"AWE" 20 3644.404 3514.073 3637.707 3427.505 3457.128 3601.478 3428.212 3471.681 3628.112
"AIC" 21 3792.308 3554.041 3541.253 3592.904 3505.082 3523.921 3592.956 3487.143 3508.653
"BIC" 21 3815.252 3601.842 3613.91 3617.761 3556.707 3602.314 3619.724 3542.592 3592.782
"ICL" 21 3815.252 3602.08 3614.336 3617.761 3561.327 3606.968 3619.724 3547.149 3597.359
"AWE" 21 3898.196 3774.881 3876.993 3707.617 3747.952 3890.361 3716.493 3747.597 3901.488
"AIC" 22 3838.484 3601.208 3605.659 3642.97 3667.103 3559.153 3651.326 3518.596 3532.828
"BIC" 22 3861.429 3649.008 3678.316 3667.826 3718.728 3637.546 3678.094 3574.045 3616.957
"ICL" 22 3861.429 3651.577 3681.042 3667.826 3719.85 3640.699 3678.094 3579.988 3620.37
"AWE" 22 3944.373 3824.377 3943.698 3757.683 3906.475 3924.092 3774.862 3780.436 3924.499
"AIC" 23 3614.781 3500.165 3489.759 3515.064 3392.913 3409.481 3512.441 3382.794 3397.279
"BIC" 23 3637.725 3547.966 3562.416 3539.92 3444.537 3487.874 3539.209 3438.242 3481.408
"ICL" 23 3637.725 3550.593 3568.463 3539.92 3449.315 3492.774 3539.209 3442.095 3485.136
"AWE" 23 3720.67 3723.393 3831.12 3629.777 3635.94 3776.167 3635.978 3642.544 3789.265
"AIC" 24 3717.883 3735.621 3526.543 3537.668 3570.03 3467.709 3528.781 3435.545 3445.216
"BIC" 24 3740.827 3783.421 3599.2 3562.525 3621.655 3546.102 3555.55 3490.994 3529.345
"ICL" 24 3740.827 3794.66 3602.153 3562.525 3630.777 3547.475 3555.55 3501.794 3539.234
"AWE" 24 3823.771 3967.461 3864.81 3652.381 3817.402 3830.868 3652.318 3702.242 3843.363
"AIC" 25 3854.68 3705.458 3697.361 3695.953 3620.085 3634.38 3695.563 3609.371 3627.075
"BIC" 25 3877.624 3753.259 3770.017 3720.81 3671.71 3712.773 3722.331 3664.82 3711.204
"ICL" 25 3877.624 3755.431 3776.238 3720.81 3676.031 3717.484 3722.331 3668.491 3717.602
"AWE" 25 3960.569 3928.232 4038.895 3810.666 3862.656 4000.877 3819.099 3868.939 4021.731
"AIC" 26 3730.834 3509.149 3535.149 3526.774 3519.398 3424.455 3548.791 3421.085 3422.34
"BIC" 26 3753.778 3556.95 3607.806 3551.63 3571.022 3502.848 3575.559 3476.534 3506.469
"ICL" 26 3753.778 3557.264 3608.124 3551.63 3571.87 3504.791 3575.559 3478.274 3507.103
"AWE" 26 3836.723 3730.064 3870.781 3641.487 3758.495 3788.184 3672.327 3678.723 3811.232
"AIC" 27 3479.947 3463.603 3320.843 3343.069 3346.364 3253.435 3375.32 3227.454 3239.52
"BIC" 27 3502.891 3511.404 3393.5 3367.926 3397.988 3331.828 3402.088 3282.902 3323.649
"ICL" 27 3502.891 3511.45 3394.087 3367.926 3397.988 3336.066 3402.088 3287.623 3329.353
"AWE" 27 3585.835 3684.251 3656.744 3457.782 3584.613 3619.459 3498.857 3488.072 3633.482
"AIC" 28 3743.132 3739.953 3661.334 3624.722 3631.955 3557.552 3618.882 3618.576 3541.228
"BIC" 28 3766.076 3787.754 3733.99 3649.578 3683.58 3635.945 3645.651 3674.025 3625.357
"ICL" 28 3766.076 3791.064 3738.265 3649.578 3686.941 3646.19 3645.651 3675.965 3633.799
"AWE" 28 3849.02 3963.865 4000.922 3739.434 3873.566 3929.583 3742.419 3876.413 3937.928
"AIC" 29 3611.915 3609.819 3459.289 3451.166 3456.126 3392.604 3466.143 3365.316 3378.555
"BIC" 29 3634.859 3657.619 3531.946 3476.022 3507.751 3470.997 3492.911 3420.765 3462.684
"ICL" 29 3634.859 3658.881 3533.209 3476.022 3507.885 3477.551 3492.911 3425.541 3466.258
"AWE" 29 3717.803 3831.681 3795.866 3565.878 3694.509 3760.944 3589.68 3625.99 3770.387
"AIC" 30 3755.347 3529.993 3555.993 3534.331 3449.654 3462.938 3555.149 3431.415 3452
"BIC" 30 3778.291 3577.793 3628.65 3559.187 3501.278 3541.331 3581.917 3486.864 3536.129
"ICL" 30 3778.291 3579.616 3630.451 3559.187 3506.432 3546.669 3581.917 3489.44 3539.413
"AWE" 30 3861.236 3752.417 3893.108 3649.043 3693.057 3830.062 3678.685 3689.889 3843.542
"AIC" 31 3644.964 3644.477 3526.07 3498.186 3423.351 3411.343 3485.936 3486.701 3393.467
"BIC" 31 3667.908 3692.278 3598.727 3523.042 3474.976 3489.736 3512.705 3542.15 3477.596
"ICL" 31 3667.908 3692.314 3601.045 3523.042 3480.904 3497.038 3512.705 3542.417 3482.497
"AWE" 31 3750.853 3865.115 3863.701 3612.898 3667.528 3780.431 3609.473 3742.866 3786.626
"AIC" 32 3621.334 3455.423 3481.423 3476.828 3398.446 3417.536 3492.842 3387.297 3407.848
"BIC" 32 3644.278 3503.224 3554.08 3501.684 3450.07 3495.929 3519.61 3442.746 3491.977
"ICL" 32 3644.278 3504.682 3555.536 3501.684 3451.361 3498.909 3519.61 3448.681 3499.691
"AWE" 32 3727.223 3677.483 3818.193 3591.541 3637.985 3782.302 3616.378 3649.129 3803.82
"AIC" 33 3751.534 3730.217 3674.797 3624.676 3626.077 3569.992 3624.449 3616.872 3548.757
"BIC" 33 3774.478 3778.017 3747.454 3649.533 3677.701 3648.385 3651.218 3672.321 3632.886
"ICL" 33 3774.478 3778.029 3748.621 3649.533 3677.853 3656.589 3651.218 3674.031 3635.1
"AWE" 33 3857.422 3950.829 4011.278 3739.389 3864.477 3939.982 3747.986 3874.48 3939.229
"AIC" 34 3768.013 3643.752 3669.751 3620.431 3524.956 3537.029 3608.768 3618.936 3529.903
"BIC" 34 3790.957 3691.552 3742.407 3645.288 3576.58 3615.422 3635.537 3674.384 3614.032
"ICL" 34 3790.957 3693.346 3744.133 3645.288 3577.534 3617.1 3635.537 3675.438 3620.564
"AWE" 34 3873.901 3866.147 4006.79 3735.144 3764.159 3900.493 3732.305 3875.887 3924.693
"AIC" 35 3647.632 3517.482 3442.999 3535.104 3411.038 3431.572 3532.199 3412.285 3408.557
"BIC" 35 3670.576 3565.282 3515.656 3559.96 3462.663 3509.965 3558.968 3467.734 3492.686
"ICL" 35 3670.576 3566.69 3516.889 3559.96 3467.146 3515.326 3558.968 3469.202 3496.778
"AWE" 35 3753.521 3739.49 3779.546 3649.816 3653.77 3798.719 3655.736 3669.651 3800.907
"AIC" 36 3551.013 3456.435 3465.85 3490.896 3385.662 3396.611 3498.513 3374.195 3383.268
"BIC" 36 3573.958 3504.236 3538.507 3515.752 3437.287 3475.003 3525.281 3429.644 3467.397
"ICL" 36 3573.958 3507.114 3541.697 3515.752 3440.441 3480.35 3525.281 3432.836 3470.824
"AWE" 36 3656.902 3679.914 3804.354 3605.608 3627.065 3763.743 3622.049 3633.285 3774.953
"AIC" 37 3640.697 3524.313 3533.695 3544.74 3534.831 3548.698 3538.847 3400.243 3421.882
"BIC" 37 3663.642 3572.114 3606.352 3569.596 3586.456 3627.091 3565.616 3455.691 3506.011
"ICL" 37 3663.642 3573.433 3607.765 3569.596 3588.409 3630.973 3565.616 3461.298 3511.605
"AWE" 37 3746.586 3746.234 3870.422 3659.452 3775.034 3914.366 3662.384 3661.747 3815.734
"AIC" 38 3558.333 3363.516 3328.294 3426.979 3297.325 3314.149 3449.635 3289.442 3307.421
"BIC" 38 3581.278 3411.317 3400.951 3451.835 3348.95 3392.542 3476.403 3344.891 3391.55
"ICL" 38 3581.278 3411.51 3401.095 3451.835 3349.13 3398.943 3476.403 3347.766 3395.766
"AWE" 38 3664.222 3584.311 3663.751 3541.691 3535.754 3682.336 3573.172 3548.215 3699.895
"AIC" 39 4011.76 3737.204 3739.247 3774.427 3768.076 3702.129 3793.741 3686.723 3691.964
"BIC" 39 4034.704 3785.005 3811.904 3799.284 3819.701 3780.522 3820.509 3742.172 3776.093
"ICL" 39 4034.704 3787.659 3814.05 3799.284 3820.612 3788.809 3820.509 3746.822 3782.366
"AWE" 39 4117.649 3960.46 4076.707 3889.14 4007.237 4072.202 3917.278 3947.27 4086.495
"AIC" 40 3498.242 3334.058 3360.057 3341.878 3330.188 3272.311 3328.423 3243.518 3261.538
"BIC" 40 3521.186 3381.858 3432.714 3366.734 3381.812 3350.704 3355.191 3298.967 3345.667
"ICL" 40 3521.186 3383.676 3434.561 3366.734 3383.717 3352.723 3355.191 3303.261 3349.875
"AWE" 40 3604.13 3556.476 3697.217 3456.59 3570.342 3636.116 3451.96 3503.71 3654.004
"AIC" 41 3619.873 3392.264 3351.094 3471.367 3342.645 3348.049 3488.924 3334.66 3350.5
"BIC" 41 3642.818 3440.065 3423.75 3496.223 3394.269 3426.442 3515.692 3390.108 3434.629
"ICL" 41 3642.818 3441.013 3425.356 3496.223 3395.411 3430.257 3515.692 3395.621 3439.77
"AWE" 41 3725.762 3613.813 3688.013 3586.079 3582.036 3713.65 3612.461 3596.07 3743.899
"AIC" 42 3663.363 3626.315 3440.684 3523.482 3521.269 3417.437 3516.049 3388.101 3404.518
"BIC" 42 3686.307 3674.116 3513.341 3548.338 3572.893 3495.83 3542.817 3443.55 3488.647
"ICL" 42 3686.307 3674.148 3516.31 3548.338 3572.899 3498.824 3542.817 3446.033 3494.535
"AWE" 42 3769.252 3846.949 3778.966 3638.194 3759.524 3782.217 3639.585 3646.481 3798.664
"AIC" 43 3551.496 3540.889 3447.696 3448.285 3461.919 3383.112 3452.895 3463.328 3352.473
"BIC" 43 3574.441 3588.689 3520.353 3473.141 3513.544 3461.505 3479.663 3518.777 3436.602
"ICL" 43 3574.441 3588.743 3522.637 3473.141 3514.022 3469.879 3479.663 3519.144 3442.095
"AWE" 43 3657.385 3761.544 3785.294 3562.998 3700.647 3753.272 3576.432 3719.593 3746.224
"AIC" 44 3465.067 3339.15 3365.15 3365.499 3281.74 3295.263 3367.252 3272.176 3279.879
"BIC" 44 3488.012 3386.95 3437.807 3390.355 3333.365 3373.656 3394.02 3327.624 3364.008
"ICL" 44 3488.012 3390.943 3441.787 3390.355 3337.178 3377.951 3394.02 3329.509 3366.258
"AWE" 44 3570.956 3563.744 3704.444 3480.211 3523.803 3661.344 3490.788 3529.958 3670.387
"AIC" 45 3505.294 3380.428 3406.428 3425.372 3405.695 3317.049 3426.853 3293.521 3305.084
"BIC" 45 3528.238 3428.229 3479.085 3450.228 3457.319 3395.442 3453.621 3348.97 3389.213
"ICL" 45 3528.238 3431.441 3482.304 3450.228 3459.46 3396.741 3453.621 3349.232 3392.485
"AWE" 45 3611.183 3604.242 3744.961 3540.084 3646.085 3680.134 3550.389 3549.681 3696.614
"AIC" 46 3772.124 3600.264 3534.655 3578.221 3474.671 3484.621 3583.075 3469.604 3491.63
"BIC" 46 3795.068 3648.064 3607.312 3603.077 3526.295 3563.014 3609.844 3525.052 3575.759
"ICL" 46 3795.068 3648.829 3610.176 3603.077 3530.334 3567.815 3609.844 3526.79 3577.813
"AWE" 46 3878.013 3821.629 3872.833 3692.933 3716.959 3851.208 3706.612 3727.239 3881.942
"AIC" 47 3826.467 3645.772 3678.744 3625.09 3545.481 3558.406 3619.929 3523.593 3540.707
"BIC" 47 3849.411 3693.573 3751.401 3649.947 3597.106 3636.799 3646.697 3579.042 3624.836
"ICL" 47 3849.411 3695.739 3753.519 3649.947 3601.929 3642.748 3646.697 3583.39 3630.561
"AWE" 47 3932.356 3868.54 4016.176 3739.803 3788.554 3926.141 3743.465 3783.839 3934.69
"AIC" 48 3653.716 3493.058 3519.058 3529.911 3434.693 3445.325 3526.145 3510.423 3410.382
"BIC" 48 3676.661 3540.859 3591.715 3554.767 3486.318 3523.718 3552.913 3565.871 3494.511
"ICL" 48 3676.661 3541.849 3592.705 3554.767 3487.192 3525.72 3552.913 3567.991 3498.367
"AWE" 48 3759.605 3714.65 3855.362 3644.624 3673.816 3809.113 3649.682 3768.44 3802.496
"AIC" 49 3675.395 3685.07 3482.124 3488.469 3496.418 3389.86 3499.53 3353.975 3370.53
"BIC" 49 3698.339 3732.871 3554.781 3513.325 3548.043 3468.253 3526.298 3409.423 3454.659
"ICL" 49 3698.339 3732.878 3556.524 3513.325 3548.149 3470.618 3526.298 3412.232 3457.47
"AWE" 49 3781.284 3905.678 3819.181 3603.182 3734.774 3754.011 3623.067 3612.681 3761.599
"AIC" 50 3598.768 3570.556 3464.102 3476.628 3476.325 3407.37 3502.522 3386.673 3404.364
"BIC" 50 3621.712 3618.356 3536.759 3501.485 3527.95 3485.763 3529.29 3442.121 3488.493
"ICL" 50 3621.712 3619.318 3541.182 3501.485 3528.017 3491.721 3529.29 3445.977 3493.043
"AWE" 50 3704.656 3792.119 3803.839 3591.341 3714.641 3775.114 3626.059 3646.426 3797.172
"AIC" 51 3708.704 3569.642 3565.828 3588.722 3500.603 3534.024 3590.542 3484.027 3506.69
"BIC" 51 3731.648 3617.443 3638.485 3613.579 3552.227 3612.417 3617.31 3539.476 3590.819
"ICL" 51 3731.648 3620.034 3640.858 3613.579 3559.112 3614.775 3617.31 3545.554 3599.505
"AWE" 51 3814.593 3792.835 3903.515 3703.435 3745.737 3898.168 3714.078 3746.002 3903.634
"AIC" 52 3747.487 3749.206 3621.146 3630.768 3570.704 3489.259 3620.184 3461.531 3468.566
"BIC" 52 3770.431 3797.007 3693.802 3655.624 3622.329 3567.652 3646.952 3516.98 3552.695
"ICL" 52 3770.431 3797.008 3694.124 3655.624 3623.341 3569.441 3646.952 3518.031 3554.243
"AWE" 52 3853.375 3969.809 3956.781 3745.48 3809.966 3852.834 3743.72 3718.48 3858.372
"AIC" 53 3588.507 3584.736 3479.593 3465.792 3480.259 3359.044 3473.219 3346.215 3350.823
"BIC" 53 3611.451 3632.537 3552.249 3490.649 3531.884 3437.437 3499.987 3401.663 3434.952
"ICL" 53 3611.451 3632.546 3557.113 3490.649 3533.412 3443.508 3499.987 3405.773 3439.4
"AWE" 53 3694.395 3805.346 3819.77 3580.505 3720.037 3726.901 3596.755 3606.222 3743.529
"AIC" 54 3639.78 3554.799 3572.672 3567.03 3486.592 3500.941 3564.838 3472.102 3490.949
"BIC" 54 3662.724 3602.6 3645.329 3591.887 3538.217 3579.334 3591.607 3527.55 3575.078
"ICL" 54 3662.724 3605.747 3648.607 3591.887 3540.755 3582.263 3591.607 3535.405 3582.869
"AWE" 54 3745.668 3778.548 3911.264 3681.743 3727.379 3865.656 3688.375 3735.853 3886.998
"AIC" 55 3487.319 3365.187 3369.06 3403.363 3323.637 3331.932 3405.937 3366.704 3321.202
"BIC" 55 3510.263 3412.988 3441.717 3428.219 3375.262 3410.325 3432.705 3422.153 3405.331
"ICL" 55 3510.263 3415.779 3445.481 3428.219 3380.569 3415.404 3432.705 3431.684 3408.66
"AWE" 55 3593.207 3588.58 3708.138 3518.075 3567.193 3698.797 3529.474 3632.133 3712.789
"AIC" 56 3765.91 3763.652 3629.554 3622.205 3624.938 3535.341 3619.301 3507.05 3521.406
"BIC" 56 3788.855 3811.453 3702.211 3647.061 3676.562 3613.734 3646.069 3562.499 3605.535
"ICL" 56 3788.855 3811.828 3704.258 3647.061 3676.922 3621.186 3646.069 3568.667 3612.183
"AWE" 56 3871.799 3984.629 3966.915 3736.917 3863.547 3904.579 3742.837 3769.116 3916.312
"AIC" 57 3562.231 3571.006 3482.023 3473.827 3476.58 3393.055 3487.306 3390.408 3402.03
"BIC" 57 3585.176 3618.807 3554.68 3498.683 3528.205 3471.448 3514.074 3445.857 3486.159
"ICL" 57 3585.176 3618.808 3557.844 3498.683 3528.589 3477.938 3514.074 3452.172 3491.419
"AWE" 57 3668.12 3791.609 3820.501 3588.539 3715.214 3761.33 3610.842 3652.62 3795.548
"AIC" 58 3759.527 3605.311 3606.019 3628.745 3558.471 3567.23 3629.7 3531.278 3542.752
"BIC" 58 3782.471 3653.112 3678.676 3653.602 3610.096 3645.623 3656.469 3586.726 3626.881
"ICL" 58 3782.471 3655.735 3682.089 3653.602 3612.596 3649.442 3656.469 3595.07 3634.61
"AWE" 58 3865.416 3828.536 3944.746 3743.458 3799.221 3932.835 3753.237 3795.519 3938.739
"AIC" 59 3536.305 3392.775 3418.775 3440.881 3348.906 3357.918 3448.635 3342.866 3356.297
"BIC" 59 3559.249 3440.575 3491.432 3465.738 3400.53 3436.311 3475.403 3398.315 3440.426
"ICL" 59 3559.249 3442.05 3492.903 3465.738 3407.413 3444.425 3475.403 3402.35 3445.744
"AWE" 59 3642.193 3614.851 3755.56 3555.594 3594.038 3727.818 3572.171 3602.799 3749.873
"AIC" 60 3563.955 3570.851 3462.789 3491.782 3497.187 3392.924 3494.993 3377.658 3380.322
"BIC" 60 3586.899 3618.652 3535.446 3516.638 3548.812 3471.317 3521.761 3433.107 3464.451
"ICL" 60 3586.899 3621.604 3537.748 3516.638 3549.205 3473.639 3521.761 3437.693 3467.109
"AWE" 60 3669.843 3794.404 3800.405 3606.495 3735.83 3757.032 3618.53 3638.142 3771.238
"AIC" 61 3784.044 3601.201 3619.196 3600.886 3548.113 3558.908 3601.387 3531.303 3543.304
"BIC" 61 3806.989 3649.001 3691.853 3625.742 3599.738 3637.301 3628.156 3586.751 3627.433
"ICL" 61 3806.989 3653.482 3696.935 3625.742 3604.808 3645.901 3628.156 3595.212 3635.945
"AWE" 61 3889.933 3826.283 3959.592 3715.599 3791.432 3929.293 3724.924 3795.66 3940.075
"AIC" 62 3556.573 3487.871 3420.046 3467.235 3450.318 3388.814 3460.099 3454.794 3368.837
"BIC" 62 3579.517 3535.671 3492.703 3492.091 3501.942 3467.207 3486.867 3510.243 3452.966
"ICL" 62 3579.517 3536.702 3495.158 3492.091 3505.71 3472.867 3486.867 3512.698 3457.567
"AWE" 62 3662.461 3709.503 3757.815 3581.948 3692.335 3756.259 3583.635 3713.146 3761.696
"AIC" 63 3665.279 3547.296 3553.111 3566.419 3454.731 3476.247 3554.125 3439.271 3454.043
"BIC" 63 3688.223 3595.097 3625.767 3591.276 3506.356 3554.64 3580.893 3494.719 3538.172
"ICL" 63 3688.223 3596.841 3629.306 3591.276 3509.032 3558.456 3580.893 3496.928 3542.148
"AWE" 63 3771.167 3769.641 3891.962 3681.132 3695.656 3841.849 3677.662 3697.377 3846.277
"AIC" 64 3565.902 3410.358 3513.012 3424.631 3323.546 3321.784 3448.475 3310.162 3318.983
"BIC" 64 3588.846 3458.159 3585.668 3449.487 3375.17 3400.177 3475.243 3365.61 3403.112
"ICL" 64 3588.846 3461.856 3594.201 3449.487 3380.51 3406.356 3475.243 3370.143 3406.384
"AWE" 64 3671.791 3634.656 3856.858 3539.344 3567.135 3689.748 3572.012 3570.591 3710.513
"AIC" 65 3691.848 3657.024 3530.711 3543.638 3524.961 3532.885 3540.817 3425.677 3440.509
"BIC" 65 3714.793 3704.825 3603.368 3568.495 3576.586 3611.278 3567.585 3481.126 3524.638
"ICL" 65 3714.793 3704.875 3604.944 3568.495 3579.35 3613.864 3567.585 3486.617 3526.046
"AWE" 65 3797.737 3877.676 3867.601 3658.351 3765.975 3897.257 3664.353 3687.066 3830.175
"AIC" 66 3700.577 3527.506 3553.506 3538.141 3413.888 3425.175 3553.282 3397.273 3414.991
"BIC" 66 3723.522 3575.307 3626.163 3562.998 3465.513 3503.568 3580.05 3452.722 3499.12
"ICL" 66 3723.522 3577.33 3628.172 3562.998 3465.929 3505.943 3580.05 3453.022 3500.357
"AWE" 66 3806.466 3750.131 3890.829 3652.854 3652.554 3789.336 3676.818 3653.471 3804.486
"AIC" 67 3907.547 3771.345 3797.344 3726.963 3613.903 3616.481 3704.827 3579.693 3589.55
"BIC" 67 3930.491 3819.145 3870.001 3751.819 3665.528 3694.874 3731.595 3635.141 3673.679
"ICL" 67 3930.491 3820.829 3871.695 3751.819 3674.218 3703.251 3731.595 3641.488 3679.056
"AWE" 67 4013.435 3993.629 4134.352 3841.675 3860.843 3986.644 3828.363 3841.937 3983.185
"AIC" 68 3638.348 3647.9 3524.731 3575.709 3586.803 3508.218 3581.497 3597.074 3508.606
"BIC" 68 3661.293 3695.7 3597.388 3600.566 3638.427 3586.61 3608.265 3652.523 3592.735
"ICL" 68 3661.293 3696.804 3599.766 3600.566 3638.429 3593.668 3608.265 3657.406 3600.478
"AWE" 68 3744.237 3869.605 3862.422 3690.422 3825.054 3877.061 3705.034 3857.855 3904.607
"AIC" 69 3585.128 3415.025 3441.025 3456.67 3337.186 3358.614 3454.311 3332.094 3356.215
"BIC" 69 3608.072 3462.825 3513.682 3481.526 3388.811 3437.007 3481.079 3387.542 3440.344
"ICL" 69 3608.072 3465.135 3516.003 3481.526 3392.361 3442.211 3481.079 3390.88 3444.53
"AWE" 69 3691.017 3637.936 3778.66 3571.382 3578.986 3725.603 3577.847 3591.329 3748.659
"AIC" 70 3529.597 3409.401 3332.662 3433.508 3343.787 3354.659 3437.377 3351.438 3343.278
"BIC" 70 3552.541 3457.202 3405.319 3458.364 3395.411 3433.052 3464.146 3406.886 3427.407
"ICL" 70 3552.541 3458.922 3407.023 3458.364 3399.76 3438.452 3464.146 3409.161 3433.602
"AWE" 70 3635.485 3631.723 3669.68 3548.22 3586.384 3721.845 3560.914 3609.61 3737.731
"AIC" 71 3730.098 3723.665 3608.144 3565.835 3581.987 3492.004 3573.789 3586.721 3479.926
"BIC" 71 3753.042 3771.465 3680.801 3590.692 3633.612 3570.397 3600.557 3642.169 3564.056
"ICL" 71 3753.042 3771.809 3687.874 3590.692 3633.631 3575.535 3600.557 3642.409 3568.49
"AWE" 71 3835.986 3944.61 3950.531 3680.548 3820.255 3858.928 3697.325 3842.857 3872.619
"AIC" 72 3587.538 3442.53 3468.572 3490.272 3365.536 3379.418 3500.15 3504.408 3374.309
"BIC" 72 3610.482 3490.33 3541.228 3515.128 3417.161 3457.811 3526.918 3559.857 3458.438
"ICL" 72 3610.482 3493.553 3544.592 3515.128 3421.51 3463.108 3526.918 3561.144 3460.688
"AWE" 72 3693.426 3666.354 3807.249 3604.985 3608.135 3746.501 3623.686 3761.593 3764.817
"AIC" 73 3833.64 3693.653 3719.653 3683.576 3700.411 3664.363 3683.513 3625.406 3701.471
"BIC" 73 3856.584 3741.454 3792.31 3708.432 3752.036 3742.756 3710.281 3680.855 3785.6
"ICL" 73 3856.584 3743.976 3794.837 3708.432 3752.055 3755.331 3710.281 3689.049 3789.028
"AWE" 73 3939.528 3916.777 4057.494 3798.289 3938.68 4038.724 3807.05 3889.498 4093.157
"AIC" 74 3730.42 3496.543 3439.858 3547.664 3415.106 3433.459 3563.759 3415.671 3433.791
"BIC" 74 3753.364 3544.343 3512.514 3572.52 3466.731 3511.852 3590.527 3471.119 3517.92
"ICL" 74 3753.364 3544.749 3514.354 3572.52 3466.92 3513.648 3590.527 3471.767 3520.942
"AWE" 74 3836.308 3717.55 3777.011 3662.376 3653.545 3797.041 3687.296 3672.216 3825.071
"AIC" 75 3720.587 3669.955 3559.997 3601.949 3580.433 3473.744 3603.95 3462.883 3479.314
"BIC" 75 3743.532 3717.755 3632.654 3626.806 3632.058 3552.137 3630.719 3518.332 3563.443
"ICL" 75 3743.532 3718.079 3633.468 3626.806 3633.017 3566.222 3630.719 3522.991 3567.317
"AWE" 75 3826.476 3890.88 3896.125 3716.662 3819.641 3849.614 3727.487 3723.439 3871.446
"AIC" 76 3652.522 3416.478 3442.478 3465.32 3364.843 3366.001 3473.374 3460.939 3350.615
"BIC" 76 3675.466 3464.279 3515.135 3490.177 3416.468 3444.394 3500.142 3516.388 3434.744
"ICL" 76 3675.466 3464.648 3515.505 3490.177 3418.015 3447.006 3500.142 3516.946 3438.147
"AWE" 76 3758.411 3637.449 3778.161 3580.033 3604.64 3730.399 3596.91 3717.394 3742.276
"AIC" 77 3667.467 3531.175 3557.175 3569.669 3494.687 3509.996 3572.721 3481.585 3488.952
"BIC" 77 3690.411 3578.975 3629.832 3594.525 3546.312 3588.389 3599.49 3537.034 3573.081
"ICL" 77 3690.411 3581.004 3631.947 3594.525 3556.34 3599.953 3599.49 3546.07 3579.534
"AWE" 77 3773.355 3753.804 3894.604 3684.381 3742.964 3883.346 3696.258 3746.519 3883.663
"AIC" 78 3620.765 3444.961 3470.961 3479.422 3493.702 3373.43 3485.505 3344.465 3363.006
"BIC" 78 3643.709 3492.762 3543.618 3504.278 3545.326 3451.823 3512.274 3399.913 3447.135
"ICL" 78 3643.709 3493.648 3544.497 3504.278 3545.421 3454.676 3512.274 3404.726 3451.9
"AWE" 78 3726.654 3666.448 3807.153 3594.134 3732.046 3738.069 3609.042 3605.175 3756.029
"AIC" 79 3516.475 3498.082 3414.72 3437.395 3437.518 3323.211 3430.857 3438.486 3322.373
"BIC" 79 3539.42 3545.882 3487.377 3462.252 3489.142 3401.604 3457.626 3493.935 3406.503
"ICL" 79 3539.42 3546.695 3492.363 3462.252 3489.414 3403.444 3457.626 3494.295 3408.41
"AWE" 79 3622.364 3719.496 3755.02 3552.108 3676.038 3686.837 3554.394 3694.743 3712.539
"AIC" 80 3678.087 3519.269 3466.409 3531.61 3454.116 3452.21 3567.06 3423.071 3441.941
"BIC" 80 3701.032 3567.07 3539.066 3556.466 3505.74 3530.603 3593.828 3478.52 3526.07
"ICL" 80 3701.032 3573.042 3545.338 3556.466 3509.28 3537.627 3593.828 3483.406 3532.732
"AWE" 80 3783.976 3745.843 3807.994 3646.323 3695.905 3821.02 3690.596 3683.855 3836.861
"AIC" 81 3916.686 3774.832 3779.213 3767.591 3782.634 3694.958 3755.542 3654.352 3671.781
"BIC" 81 3939.631 3822.632 3851.87 3792.447 3834.259 3773.351 3782.31 3709.801 3755.91
"ICL" 81 3939.631 3823.023 3853.045 3792.447 3835.621 3782.263 3782.31 3716.99 3763.033
"AWE" 81 4022.575 3995.823 4115.702 3882.303 4022.246 4065.656 3879.078 3917.439 4067.162
"AIC" 82 3601.581 3478.71 3476.556 3505.884 3361.135 3366.849 3497.854 3341.37 3358.667
"BIC" 82 3624.526 3526.511 3549.213 3530.74 3412.76 3445.242 3524.622 3396.819 3442.796
"ICL" 82 3624.526 3529.139 3549.596 3530.74 3414.462 3448.199 3524.622 3400.656 3445.178
"AWE" 82 3707.47 3701.94 3812.253 3620.596 3601.087 3731.592 3621.391 3601.104 3749.307
"AIC" 83 3698.524 3521.109 3547.11 3543.369 3547.321 3434.138 3549.177 3400.211 3418.794
"BIC" 83 3721.469 3568.91 3619.766 3568.225 3598.945 3512.531 3575.945 3455.659 3502.923
"ICL" 83 3721.469 3569.607 3620.47 3568.225 3599.119 3518.498 3575.945 3459.672 3507.241
"AWE" 83 3804.413 3742.407 3883.126 3658.081 3785.744 3801.89 3672.713 3660.12 3811.37
"AIC" 84 3727.373 3550.044 3576.044 3572.67 3479.976 3486.883 3568.562 3456.194 3471.323
"BIC" 84 3750.318 3597.845 3648.701 3597.526 3531.601 3565.276 3595.33 3511.643 3555.452
"ICL" 84 3750.318 3599.968 3650.824 3597.526 3539.043 3571.677 3595.33 3519.109 3563.179
"AWE" 84 3833.262 3772.769 3913.481 3687.383 3725.668 3855.07 3692.099 3719.558 3867.308
"AIC" 85 3827.116 3756.106 3767.535 3676.899 3663.058 3673.004 3668.2 3602.331 3620.85
"BIC" 85 3850.06 3803.907 3840.192 3701.756 3714.683 3751.397 3694.968 3657.779 3704.979
"ICL" 85 3850.06 3807.973 3844.894 3701.756 3715.779 3756.961 3694.968 3667.589 3715.509
"AWE" 85 3933.004 3980.774 4107.551 3791.612 3902.404 4040.354 3791.737 3868.037 4019.638
"AIC" 86 3737.271 3726.608 3543.71 3558.791 3562.614 3454.836 3580.36 3585.496 3518.915
"BIC" 86 3760.215 3774.409 3616.366 3583.647 3614.238 3533.229 3607.128 3640.944 3603.044
"ICL" 86 3760.215 3774.415 3617.94 3583.647 3614.273 3540.677 3607.128 3640.966 3606.109
"AWE" 86 3843.159 3947.215 3880.597 3673.504 3800.898 3824.07 3703.897 3841.415 3910.238
"AIC" 87 3712.552 3554.512 3542.75 3546.524 3430.746 3435.436 3541.349 3412.026 3427.03
"BIC" 87 3735.496 3602.313 3615.407 3571.38 3482.37 3513.829 3568.117 3467.474 3511.159
"ICL" 87 3735.496 3604.177 3619.525 3571.38 3483.709 3520.749 3568.117 3469.97 3514.32
"AWE" 87 3818.441 3776.978 3882.182 3661.236 3670.333 3804.142 3664.885 3670.419 3818.449
"AIC" 88 3776.887 3731.355 3683.142 3647.765 3533.151 3541.333 3645.525 3513.435 3521.545
"BIC" 88 3799.831 3779.155 3755.799 3672.621 3584.775 3619.726 3672.293 3568.883 3605.674
"ICL" 88 3799.831 3779.156 3757.44 3672.621 3595.076 3627.531 3672.293 3574.216 3607.506
"AWE" 88 3882.776 3951.956 4020.097 3762.477 3781.701 3910.924 3769.062 3774.665 3911.635
"AIC" 89 3656.303 3664.307 3510.28 3514.052 3425.719 3398.506 3502.764 3381.854 3399.746
"BIC" 89 3679.247 3712.108 3582.937 3538.908 3477.344 3476.899 3529.532 3437.302 3483.875
"ICL" 89 3679.247 3712.109 3587.046 3538.908 3481.019 3489.364 3529.532 3442.699 3489.282
"AWE" 89 3762.191 3884.909 3849.702 3628.765 3667.644 3772.757 3626.3 3643.148 3793.411
"AIC" 90 3740.033 3556.975 3593.12 3545.104 3453.716 3469.706 3541.821 3435.228 3457.818
"BIC" 90 3762.977 3604.776 3665.777 3569.96 3505.34 3548.099 3568.589 3490.676 3541.947
"ICL" 90 3762.977 3608.346 3668.542 3569.96 3507.973 3550.786 3568.589 3492.807 3544.897
"AWE" 90 3845.922 3781.146 3931.199 3659.817 3694.597 3834.179 3665.357 3693.256 3849.026
"AIC" 91 3803.636 3785.798 3620.832 3571.642 3575.757 3518.178 3564.656 3479.303 3501.432
"BIC" 91 3826.58 3833.599 3693.489 3596.498 3627.382 3596.57 3591.424 3534.752 3585.561
"ICL" 91 3826.58 3833.815 3696.273 3596.498 3628.543 3598.975 3591.424 3546.662 3596.574
"AWE" 91 3909.525 4006.616 3958.93 3686.354 3815.168 3882.368 3688.193 3747.111 3900.703
"AIC" 92 3821.561 3637.433 3520.151 3661.029 3675.017 3541.384 3652.908 3510.781 3522.576
"BIC" 92 3844.505 3685.234 3592.808 3685.885 3726.642 3619.777 3679.676 3566.23 3606.705
"ICL" 92 3844.505 3686.675 3595.739 3685.885 3726.963 3620.625 3679.676 3567.657 3608.749
"AWE" 92 3927.45 3859.475 3858.396 3775.742 3913.588 3904.018 3776.444 3768.105 3912.878
"AIC" 93 3599.377 3514.227 3540.228 3496.502 3427.602 3436.158 3484.891 3404.155 3417.338
"BIC" 93 3622.321 3562.028 3612.885 3521.359 3479.227 3514.551 3511.66 3459.603 3501.467
"ICL" 93 3622.321 3563.159 3614.022 3521.359 3487.421 3523.668 3511.66 3465.692 3507.478
"AWE" 93 3705.266 3735.96 3876.678 3611.215 3674.046 3807.061 3608.428 3666.141 3811.607
"AIC" 94 3713.484 3504.225 3511.385 3498.31 3494.679 3446.595 3496.823 3435.262 3447.019
"BIC" 94 3736.428 3552.026 3584.042 3523.166 3546.304 3524.988 3523.591 3490.711 3531.148
"ICL" 94 3736.428 3557.729 3592.845 3523.166 3547.565 3531.038 3523.591 3503.604 3541.235
"AWE" 94 3819.372 3730.53 3855.502 3613.022 3734.19 3814.431 3620.359 3704.053 3845.364
"AIC" 95 3651.837 3638.639 3523.304 3578.599 3432.767 3454.143 3579.648 3596.062 3443.645
"BIC" 95 3674.781 3686.44 3595.961 3603.455 3484.392 3532.536 3606.416 3651.511 3527.774
"ICL" 95 3674.781 3686.441 3597.977 3603.455 3487.58 3535.992 3606.416 3653.359 3531.327
"AWE" 95 3757.725 3859.241 3860.633 3693.312 3674.205 3819.385 3703.185 3853.807 3835.456
"AIC" 96 3851.605 3667.343 3598.651 3598.542 3620.269 3521.093 3603.703 3494.427 3504.286
"BIC" 96 3874.549 3715.143 3671.308 3623.398 3671.893 3599.486 3630.471 3549.876 3588.415
"ICL" 96 3874.549 3721.041 3673.171 3623.398 3672.054 3601.187 3630.471 3552.886 3590.68
"AWE" 96 3957.493 3893.842 3935.828 3713.255 3858.678 3884.58 3727.24 3753.335 3894.809
"AIC" 97 3824.43 3688.35 3714.35 3713.093 3700.101 3694.156 3713.32 3713.728 3612.166
"BIC" 97 3847.375 3736.15 3787.007 3737.949 3751.726 3772.549 3740.088 3769.176 3696.295
"ICL" 97 3847.375 3737.746 3788.594 3737.949 3751.747 3775.48 3740.088 3770.665 3704.337
"AWE" 97 3930.319 3910.547 4051.251 3827.806 3938.371 4058.873 3836.857 3971.114 4008.466
"AIC" 98 3629.352 3588.583 3525.105 3529.952 3537.524 3421.591 3530.759 3412.332 3415.483
"BIC" 98 3652.296 3636.383 3597.762 3554.809 3589.148 3499.984 3557.528 3467.781 3499.612
"ICL" 98 3652.296 3636.718 3600.605 3554.809 3589.254 3506.275 3557.528 3470.95 3502.89
"AWE" 98 3735.24 3809.518 3863.261 3644.665 3775.878 3789.668 3654.296 3671.398 3807.019
"AIC" 99 3828.872 3778.429 3599.215 3646.612 3642.16 3573.855 3630.475 3531.682 3549.105
"BIC" 99 3851.816 3826.229 3671.872 3671.469 3693.785 3652.248 3657.243 3587.131 3633.234
"ICL" 99 3851.816 3826.443 3673.427 3671.469 3693.815 3659.851 3657.243 3590.297 3637.502
"AWE" 99 3934.76 3999.244 3936.084 3761.325 3880.439 3943.244 3754.011 3790.745 3941.631
"AIC" 100 3692.879 3600.149 3626.149 3573.531 3489.426 3501.506 3565.88 3560.837 3491.702
"BIC" 100 3715.823 3647.95 3698.806 3598.388 3541.051 3579.899 3592.648 3616.285 3575.831
"ICL" 100 3715.823 3651.728 3702.587 3598.388 3545.162 3587.28 3592.648 3617.16 3581.797
"AWE" 100 3798.768 3824.529 3965.244 3688.244 3731.786 3870.673 3689.417 3817.609 3885.926
