"AIC" 1 3 2 2 3 2
"BIC" 1 2 2 2 3 2
"ICL" 1 2 2 2 3 2
"AWE" 1 2 1 2 3 2
"AIC" 2 2 2 3 2 1
"BIC" 2 2 2 3 2 1
"ICL" 2 2 2 3 2 1
"AWE" 2 1 1 1 2 1
"AIC" 3 3 1 3 2 2
"BIC" 3 2 1 3 2 2
"ICL" 3 2 1 3 2 2
"AWE" 3 1 1 1 2 2
"AIC" 4 3 2 2 3 2
"BIC" 4 3 2 2 3 2
"ICL" 4 3 2 2 3 2
"AWE" 4 1 1 1 3 2
"AIC" 5 3 2 2 3 2
"BIC" 5 3 2 2 3 2
"ICL" 5 3 2 2 3 2
"AWE" 5 1 1 1 3 2
"AIC" 6 2 2 3 2 2
"BIC" 6 2 2 2 2 2
"ICL" 6 2 2 2 2 2
"AWE" 6 2 1 1 2 1
"AIC" 7 3 2 2 3 2
"BIC" 7 3 2 2 3 2
"ICL" 7 3 2 2 3 2
"AWE" 7 1 1 1 3 2
"AIC" 8 2 2 2 3 2
"BIC" 8 2 2 2 3 2
"ICL" 8 2 2 2 3 2
"AWE" 8 2 1 1 2 2
"AIC" 9 3 3 2 3 2
"BIC" 9 3 3 2 3 2
"ICL" 9 3 3 2 3 2
"AWE" 9 1 1 1 3 2
"AIC" 10 2 2 2 3 2
"BIC" 10 2 2 2 3 2
"ICL" 10 2 2 2 2 2
"AWE" 10 2 1 1 2 2
"AIC" 11 3 2 2 3 2
"BIC" 11 3 1 2 3 2
"ICL" 11 3 1 2 3 2
"AWE" 11 1 1 1 3 2
"AIC" 12 2 3 3 1 1
"BIC" 12 2 3 3 1 1
"ICL" 12 2 3 3 1 1
"AWE" 12 2 1 1 1 1
"AIC" 13 2 2 3 2 2
"BIC" 13 2 2 3 2 1
"ICL" 13 2 2 3 2 1
"AWE" 13 2 1 1 2 1
"AIC" 14 3 2 2 3 2
"BIC" 14 2 2 2 3 2
"ICL" 14 2 2 2 3 2
"AWE" 14 2 1 1 3 2
"AIC" 15 3 3 2 3 2
"BIC" 15 3 2 2 3 2
"ICL" 15 3 2 2 3 2
"AWE" 15 3 1 1 3 2
"AIC" 16 3 3 2 3 2
"BIC" 16 3 3 2 3 2
"ICL" 16 3 3 2 3 2
"AWE" 16 1 1 1 3 2
"AIC" 17 3 3 2 3 2
"BIC" 17 3 3 2 3 2
"ICL" 17 3 3 2 3 2
"AWE" 17 3 1 2 3 2
"AIC" 18 2 2 3 2 2
"BIC" 18 2 2 3 2 2
"ICL" 18 2 2 1 2 2
"AWE" 18 2 1 1 2 1
"AIC" 19 3 2 2 3 2
"BIC" 19 2 2 2 3 2
"ICL" 19 2 2 2 3 2
"AWE" 19 2 2 2 2 2
"AIC" 20 2 2 2 3 2
"BIC" 20 2 2 2 2 2
"ICL" 20 2 2 2 2 2
"AWE" 20 2 1 1 2 2
"AIC" 21 3 2 2 3 2
"BIC" 21 2 2 2 3 2
"ICL" 21 2 2 2 3 2
"AWE" 21 2 1 1 3 2
"AIC" 22 2 3 2 3 2
"BIC" 22 2 3 2 3 2
"ICL" 22 2 3 2 3 2
"AWE" 22 2 1 1 3 2
"AIC" 23 3 2 2 3 2
"BIC" 23 2 2 2 3 2
"ICL" 23 2 2 2 3 2
"AWE" 23 1 1 1 2 2
"AIC" 24 3 3 2 3 2
"BIC" 24 3 3 2 3 2
"ICL" 24 3 3 2 3 2
"AWE" 24 1 1 1 3 2
"AIC" 25 3 2 2 3 2
"BIC" 25 2 2 2 3 2
"ICL" 25 2 2 2 3 2
"AWE" 25 2 1 1 2 2
"AIC" 26 2 3 2 3 2
"BIC" 26 2 3 2 3 2
"ICL" 26 2 3 2 3 2
"AWE" 26 2 1 1 3 2
"AIC" 27 3 3 2 3 2
"BIC" 27 3 3 2 3 2
"ICL" 27 3 3 2 3 2
"AWE" 27 1 1 2 3 2
"AIC" 28 3 3 3 3 2
"BIC" 28 3 3 3 3 2
"ICL" 28 3 3 3 3 2
"AWE" 28 1 1 1 2 2
"AIC" 29 3 3 2 3 2
"BIC" 29 3 3 2 3 2
"ICL" 29 3 1 2 3 2
"AWE" 29 1 1 1 3 2
"AIC" 30 2 2 2 3 2
"BIC" 30 2 2 2 3 2
"ICL" 30 2 2 2 3 2
"AWE" 30 2 1 1 3 2
"AIC" 31 3 3 3 2 2
"BIC" 31 3 2 3 2 2
"ICL" 31 3 2 3 2 2
"AWE" 31 1 1 1 2 2
"AIC" 32 2 2 2 3 2
"BIC" 32 2 2 2 3 2
"ICL" 32 2 2 2 3 2
"AWE" 32 2 1 1 2 2
"AIC" 33 3 3 3 3 2
"BIC" 33 3 3 3 3 2
"ICL" 33 3 1 3 3 2
"AWE" 33 1 1 1 2 2
"AIC" 34 2 2 3 2 2
"BIC" 34 2 2 3 2 2
"ICL" 34 2 2 3 2 2
"AWE" 34 2 1 1 2 1
"AIC" 35 3 2 3 2 2
"BIC" 35 3 2 2 2 2
"ICL" 35 3 2 2 2 2
"AWE" 35 2 1 1 2 2
"AIC" 36 2 2 2 3 2
"BIC" 36 2 2 2 3 2
"ICL" 36 2 2 2 3 2
"AWE" 36 1 1 1 2 2
"AIC" 37 2 2 2 3 2
"BIC" 37 2 1 2 3 2
"ICL" 37 2 1 2 3 2
"AWE" 37 2 1 2 3 2
"AIC" 38 3 2 2 3 2
"BIC" 38 3 2 2 3 2
"ICL" 38 3 2 2 3 2
"AWE" 38 2 2 2 2 2
"AIC" 39 2 3 2 3 2
"BIC" 39 2 3 2 3 2
"ICL" 39 2 3 2 3 2
"AWE" 39 2 1 1 3 2
"AIC" 40 2 3 2 3 2
"BIC" 40 2 3 2 3 2
"ICL" 40 2 3 2 3 2
"AWE" 40 2 1 1 3 2
"AIC" 41 3 2 2 3 2
"BIC" 41 3 2 2 3 2
"ICL" 41 3 2 2 2 2
"AWE" 41 2 2 2 2 2
"AIC" 42 3 3 2 3 2
"BIC" 42 3 3 2 3 2
"ICL" 42 3 3 2 3 2
"AWE" 42 1 1 1 3 2
"AIC" 43 3 3 3 2 2
"BIC" 43 3 3 3 2 2
"ICL" 43 3 3 3 2 2
"AWE" 43 1 1 1 2 2
"AIC" 44 2 2 2 3 2
"BIC" 44 2 2 2 3 2
"ICL" 44 2 2 2 3 2
"AWE" 44 2 1 1 2 2
"AIC" 45 2 3 2 3 2
"BIC" 45 2 3 2 3 2
"ICL" 45 2 3 2 3 2
"AWE" 45 2 1 2 3 2
"AIC" 46 3 2 2 3 2
"BIC" 46 3 2 2 3 2
"ICL" 46 3 2 2 3 2
"AWE" 46 2 1 1 2 2
"AIC" 47 2 2 2 3 2
"BIC" 47 2 2 2 3 2
"ICL" 47 2 2 2 3 2
"AWE" 47 2 1 1 3 2
"AIC" 48 2 2 3 2 1
"BIC" 48 2 2 3 2 1
"ICL" 48 2 2 3 2 1
"AWE" 48 2 1 1 2 1
"AIC" 49 3 3 2 3 2
"BIC" 49 3 3 2 3 2
"ICL" 49 3 3 2 3 2
"AWE" 49 1 1 2 3 2
"AIC" 50 3 3 2 3 2
"BIC" 50 3 3 2 3 2
"ICL" 50 3 3 2 3 2
"AWE" 50 1 1 1 3 2
"AIC" 51 3 2 2 3 2
"BIC" 51 2 2 2 3 2
"ICL" 51 2 2 2 3 2
"AWE" 51 2 1 1 2 2
"AIC" 52 3 3 2 3 2
"BIC" 52 3 3 2 3 2
"ICL" 52 3 3 2 3 2
"AWE" 52 1 1 2 3 2
"AIC" 53 3 3 2 3 2
"BIC" 53 3 3 2 3 2
"ICL" 53 3 3 2 3 2
"AWE" 53 1 1 1 3 2
"AIC" 54 2 2 2 3 2
"BIC" 54 2 2 2 3 2
"ICL" 54 2 2 2 3 2
"AWE" 54 1 1 1 2 2
"AIC" 55 2 2 3 2 1
"BIC" 55 2 2 3 2 1
"ICL" 55 2 2 3 2 1
"AWE" 55 2 1 1 2 1
"AIC" 56 3 3 2 3 2
"BIC" 56 3 3 2 3 2
"ICL" 56 3 3 2 3 2
"AWE" 56 1 1 1 3 2
"AIC" 57 3 3 2 3 2
"BIC" 57 3 3 2 3 2
"ICL" 57 3 3 2 3 2
"AWE" 57 1 1 1 3 2
"AIC" 58 2 2 2 3 2
"BIC" 58 2 2 2 3 2
"ICL" 58 2 2 2 3 2
"AWE" 58 2 1 1 3 2
"AIC" 59 2 2 2 3 2
"BIC" 59 2 2 2 3 2
"ICL" 59 2 2 2 3 2
"AWE" 59 2 1 1 2 2
"AIC" 60 3 3 2 3 2
"BIC" 60 3 3 2 3 2
"ICL" 60 3 3 2 3 2
"AWE" 60 1 1 1 3 2
"AIC" 61 2 2 2 3 2
"BIC" 61 2 2 2 3 2
"ICL" 61 2 2 2 3 2
"AWE" 61 2 1 1 2 2
"AIC" 62 3 3 3 2 2
"BIC" 62 3 3 3 2 2
"ICL" 62 3 3 3 2 2
"AWE" 62 1 1 1 2 1
"AIC" 63 2 2 2 3 2
"BIC" 63 2 2 2 3 2
"ICL" 63 2 2 2 3 2
"AWE" 63 2 1 1 2 2
"AIC" 64 2 3 2 3 2
"BIC" 64 2 2 2 3 2
"ICL" 64 2 2 2 3 2
"AWE" 64 2 1 2 2 2
"AIC" 65 3 2 2 3 2
"BIC" 65 3 1 2 3 2
"ICL" 65 3 1 2 3 2
"AWE" 65 1 1 1 3 2
"AIC" 66 2 2 2 3 2
"BIC" 66 2 2 2 3 2
"ICL" 66 2 2 2 3 2
"AWE" 66 2 2 2 2 2
"AIC" 67 2 2 2 3 2
"BIC" 67 2 2 2 3 2
"ICL" 67 2 2 2 3 2
"AWE" 67 2 1 1 3 2
"AIC" 68 3 3 3 2 2
"BIC" 68 3 3 3 2 2
"ICL" 68 3 3 3 2 2
"AWE" 68 1 1 1 2 2
"AIC" 69 2 2 2 3 2
"BIC" 69 2 2 2 3 2
"ICL" 69 2 2 2 3 2
"AWE" 69 2 1 1 2 2
"AIC" 70 3 2 3 2 2
"BIC" 70 3 2 2 2 2
"ICL" 70 3 2 2 2 2
"AWE" 70 2 1 1 2 2
"AIC" 71 3 3 3 2 2
"BIC" 71 3 3 3 2 2
"ICL" 71 3 3 3 2 2
"AWE" 71 1 1 1 2 2
"AIC" 72 2 2 3 2 1
"BIC" 72 2 2 3 2 1
"ICL" 72 2 2 3 2 1
"AWE" 72 2 1 1 2 1
"AIC" 73 2 3 2 3 2
"BIC" 73 2 1 2 3 2
"ICL" 73 2 1 2 3 2
"AWE" 73 2 1 1 3 2
"AIC" 74 3 2 2 2 2
"BIC" 74 3 2 2 2 2
"ICL" 74 3 2 2 2 2
"AWE" 74 2 2 2 2 2
"AIC" 75 3 3 2 3 2
"BIC" 75 3 3 2 3 2
"ICL" 75 3 3 2 3 2
"AWE" 75 1 1 2 3 2
"AIC" 76 2 2 3 2 1
"BIC" 76 2 2 3 2 1
"ICL" 76 2 2 3 2 1
"AWE" 76 2 1 1 2 1
"AIC" 77 2 2 2 3 2
"BIC" 77 2 2 2 3 2
"ICL" 77 2 2 2 3 2
"AWE" 77 2 1 1 2 2
"AIC" 78 2 3 2 3 2
"BIC" 78 2 3 2 3 2
"ICL" 78 2 3 2 3 2
"AWE" 78 2 1 2 3 2
"AIC" 79 3 3 3 2 2
"BIC" 79 3 3 3 2 2
"ICL" 79 3 3 3 2 2
"AWE" 79 1 1 1 2 2
"AIC" 80 3 3 2 3 2
"BIC" 80 3 2 2 3 2
"ICL" 80 3 2 2 3 2
"AWE" 80 2 1 2 3 2
"AIC" 81 2 3 2 3 2
"BIC" 81 2 3 2 3 2
"ICL" 81 2 3 2 3 2
"AWE" 81 2 1 1 3 2
"AIC" 82 3 2 2 3 2
"BIC" 82 2 2 2 3 2
"ICL" 82 2 2 2 3 2
"AWE" 82 2 2 2 2 2
"AIC" 83 2 3 2 3 2
"BIC" 83 2 3 2 3 2
"ICL" 83 2 3 2 3 2
"AWE" 83 2 1 2 3 2
"AIC" 84 2 2 2 3 2
"BIC" 84 2 2 2 3 2
"ICL" 84 2 2 2 3 2
"AWE" 84 2 1 1 3 2
"AIC" 85 2 2 2 3 2
"BIC" 85 2 1 2 3 2
"ICL" 85 2 1 2 3 2
"AWE" 85 1 1 1 3 2
"AIC" 86 3 3 3 2 2
"BIC" 86 3 3 3 2 2
"ICL" 86 3 3 3 2 2
"AWE" 86 1 1 1 2 2
"AIC" 87 3 2 2 3 2
"BIC" 87 2 2 2 3 2
"ICL" 87 2 2 2 3 2
"AWE" 87 2 1 1 2 2
"AIC" 88 3 2 2 3 2
"BIC" 88 3 2 2 3 2
"ICL" 88 3 2 2 3 2
"AWE" 88 1 1 1 3 2
"AIC" 89 3 3 2 3 2
"BIC" 89 3 3 2 3 2
"ICL" 89 3 2 2 3 2
"AWE" 89 1 1 1 3 2
"AIC" 90 2 2 2 3 2
"BIC" 90 2 2 2 3 2
"ICL" 90 2 2 2 3 2
"AWE" 90 2 1 1 3 2
"AIC" 91 3 3 2 3 2
"BIC" 91 3 1 2 3 2
"ICL" 91 3 1 2 3 2
"AWE" 91 1 1 1 3 2
"AIC" 92 3 3 2 3 2
"BIC" 92 3 3 2 3 2
"ICL" 92 3 3 2 3 2
"AWE" 92 3 1 2 3 2
"AIC" 93 2 2 2 3 2
"BIC" 93 2 2 2 3 2
"ICL" 93 2 2 2 3 2
"AWE" 93 1 1 1 3 2
"AIC" 94 2 3 2 3 2
"BIC" 94 2 1 2 3 2
"ICL" 94 2 1 2 3 2
"AWE" 94 2 1 1 3 2
"AIC" 95 3 2 3 2 2
"BIC" 95 3 2 3 2 2
"ICL" 95 3 2 3 2 2
"AWE" 95 1 2 1 2 2
"AIC" 96 3 3 2 3 2
"BIC" 96 3 3 2 3 2
"ICL" 96 3 3 2 3 2
"AWE" 96 2 1 1 3 2
"AIC" 97 2 3 3 1 1
"BIC" 97 2 1 3 1 1
"ICL" 97 2 1 3 1 1
"AWE" 97 2 1 1 1 1
"AIC" 98 3 3 2 3 2
"BIC" 98 3 3 2 3 2
"ICL" 98 3 3 2 3 2
"AWE" 98 1 1 1 3 2
"AIC" 99 3 3 2 3 2
"BIC" 99 3 3 2 3 2
"ICL" 99 3 3 2 3 2
"AWE" 99 1 1 1 3 2
"AIC" 100 2 2 3 2 2
"BIC" 100 2 2 3 2 2
"ICL" 100 2 2 3 2 2
"AWE" 100 1 1 1 2 2
