"CCR" 26 0.87 0.87 0.96
"ARI" 26 0.543180646516335 0.543180646516335 0.844837314274967
"CCR" 27 0.86 0.91 0.91
"ARI" 27 0.513920289386991 0.669063680537903 0.669063680537903
"CCR" 28 0.88 0.96 0.96
"ARI" 28 0.573333333333333 0.844848484848485 0.844848484848485
"CCR" 29 0.88 0.88 0.96
"ARI" 29 0.57349375294655 0.57349375294655 0.844833894390069
"CCR" 30 0.82 0.82 0.92
"ARI" 30 0.404283658886473 0.404283658886473 0.702644903068213
"CCR" 31 0.89 0.95 0.97
"ARI" 31 0.604639619596423 0.808080808080808 0.882417792858427
"CCR" 32 0.93 0.8 0.8
"ARI" 32 0.736995458051247 0.40808721249959678 0.4046209450716167
"CCR" 33 0.87 0.93 0.93
"ARI" 33 0.543180646516335 0.736948053760897 0.736948053760897
"CCR" 34 0.84 0.96 0.94
"ARI" 34 0.457445855905096 0.84484200053907 0.7721069260785
"CCR" 35 0.9 0.94 0.96
"ARI" 35 0.635243217857313 0.771820828594925 0.844643968405056
"CCR" 36 0.55 0.55 0.55
"ARI" 36 -0.00646464646464646 -0.00646464646464646 -0.00646464646464646
"CCR" 37 0.85 0.97 0.97
"ARI" 37 0.485017970210722 0.882414567810171 0.882414567810171
"CCR" 38 0.86 0.98 0.98
"ARI" 38 0.513207547169811 0.920806516492357 0.920806516492357
"CCR" 39 0.91 0.91 0.97
"ARI" 39 0.669166520456502 0.669166520456502 0.882416564289475
"CCR" 40 0.91 0.9 0.99
"ARI" 40 0.668972021376926 0.636212732015435 0.959998276019977
"CCR" 41 0.82 0.94 0.96
"ARI" 41 0.403636363636364 0.772121212121212 0.844848484848485
"CCR" 42 0.52 0.52 0.52
"ARI" 42 -0.0022703549567798 -0.0022703549567798 -0.0022703549567798
"CCR" 43 0.94 0.95 0.63
"ARI" 43 0.772035468988152 0.808087575240689 0.0510770077968524
"CCR" 44 0.83 0.98 0.98
"ARI" 44 0.430247224469599 0.92080703362836 0.920805637345652
"CCR" 45 0.89 0.89 0.98
"ARI" 45 0.604483184995654 0.604483184995654 0.920801293040114
"CCR" 46 0.76 0.76 0.97
"ARI" 46 0.261944840088049 0.26551371043174305 0.8823823075947
"CCR" 47 0.84 0.94 0.94
"ARI" 47 0.457394878821615 0.772099782385414 0.772099782385414
"CCR" 48 0.81 0.94 0.84
"ARI" 48 0.378155018128727 0.772121212121212 0.456918630365243
"CCR" 49 0.89 0.98 0.98
"ARI" 49 0.604458391917126 0.920805637345652 0.92080703362836
"CCR" 50 0.83 0.95 0.95
"ARI" 50 0.429957058552468 0.808068275042958 0.808070280439013
"CCR" 51 0.87 0.97 0.55
"ARI" 51 0.543336255159078 0.882414567810171 0.00812589897129257
"CCR" 52 0.87 0.94 0.96
"ARI" 52 0.543067898178442 0.772114180933406 0.844843697656787
"CCR" 53 0.58 0.58 0.87
"ARI" 53 -0.00551371043174305 -0.00551371043174305 0.541816783674864
"CCR" 54 0.59 0.61 0.66
"ARI" 54 0.00761417154859794 0.0263905252061758 0.0841495992876224
"CCR" 55 0.94 0.94 0.9
"ARI" 55 0.772154539256456 0.772154539256456 0.636348438763444
"CCR" 56 0.9 0.9 0.91
"ARI" 56 0.63644340292892 0.63644340292892 0.669188117357618
"CCR" 57 0.85 0.94 0.96
"ARI" 57 0.485314301399945 0.772099782385414 0.844833894390069
"CCR" 58 0.9 0.9 0.95
"ARI" 58 0.636363636363636 0.636363636363636 0.808080808080808
"CCR" 59 0.89 0.88 0.96
"ARI" 59 0.604476987017413 0.57339037131491 0.844837314274967
"CCR" 60 0.85 0.96 0.52
"ARI" 60 0.48526863084922 0.844832653061224 0.000808721249959678
"CCR" 61 0.85 0.98 0.53
"ARI" 61 0.485151059065379 0.9208 0.00242709610087009
"CCR" 62 0.86 0.98 0.58
"ARI" 62 0.513748964642163 0.920805637345652 0.0187720809238396
"CCR" 63 0.52 0.91 0.54
"ARI" 63 0.000808721249959678 0.669166520456502 0.00485601903559458
"CCR" 64 0.53 0.53 0.53
"ARI" 64 -0.00372211436738432 -0.00372211436738432 -0.00421231674011089
"CCR" 65 0.84 0.96 0.97
"ARI" 65 0.456969696969697 0.844838758181107 0.882412724846021
"CCR" 66 0.9 0.99 0.98
"ARI" 66 0.636397826320096 0.959996081648646 0.920800633594931
"CCR" 67 0.6 0.6 0.62
"ARI" 67 0.00877236457352422 0.00877236457352422 0.0286876214015544
"CCR" 68 0.88 0.95 0.96
"ARI" 68 0.573333333333333 0.808080808080808 0.844848484848485
"CCR" 69 0.88 0.57 0.96
"ARI" 69 0.573333333333333 0.0096969696969697 0.844848484848485
"CCR" 70 0.58 0.58 0.97
"ARI" 70 -0.0141009385229474 -0.0102134528149612 0.882352335826195
"CCR" 71 0.85 0.99 0.58
"ARI" 71 0.483190137388513 0.959985733511599 -0.0102134528149612
"CCR" 72 0.9 0.98 0.97
"ARI" 72 0.636511924367066 0.920802379161181 0.882414567810171
"CCR" 73 0.89 0.89 0.99
"ARI" 73 0.604567354964783 0.604567354964783 0.959997805817815
"CCR" 74 0.71 0.71 0.98
"ARI" 74 0.157146989635241 0.157146989635241 0.920738518972022
"CCR" 75 0.82 0.88 0.95
"ARI" 75 0.404252571077996 0.573573917525319 0.808089078989188
"CCR" 76 0.87 0.87 0.98
"ARI" 76 0.543067898178442 0.543067898178442 0.920805637345652
"CCR" 77 0.83 0.96 0.98
"ARI" 77 0.430414493549273 0.844838758181107 0.920800633594931
"CCR" 78 0.91 0.95 0.94
"ARI" 78 0.668669012271518 0.807904694257803 0.771948431820766
"CCR" 79 0.92 0.92 0.95
"ARI" 79 0.702702702702703 0.702702702702703 0.808065016184986
"CCR" 80 0.55 0.55 0.98
"ARI" 80 -0.00646464646464646 -0.00363636363636364 0.920808080808081
"CCR" 81 0.54 0.54 0.97
"ARI" 81 -0.00511931398849629 -0.00296339244012807 0.882428388200086
"CCR" 82 0.89 0.89 0.94
"ARI" 82 0.604484734459863 0.604484734459863 0.772111688291758
"CCR" 83 0.52 0.96 0.97
"ARI" 83 -0.00192093232362755 0.844837314274967 0.882424242424242
"CCR" 84 0.87 0.94 0.96
"ARI" 84 0.543255781168084 0.772101679972572 0.844837314274967
"CCR" 85 0.86 0.95 0.96
"ARI" 85 0.513588952548847 0.807854962674218 0.84452296819788
"CCR" 86 0.64 0.63 0.98
"ARI" 86 0.0231643862015804 -0.0156234233367126 0.920433996383363
"CCR" 87 0.85 0.98 0.99
"ARI" 87 0.484848484848485 0.920808080808081 0.96
"CCR" 88 0.52 0.52 0.96
"ARI" 88 -0.00153897946424283 -0.00153897946424283 0.844854335459404
"CCR" 89 0.88 0.54 0.97
"ARI" 89 0.573573917525319 0.00487873097637254 0.882412724846021
"CCR" 90 0.87 0.96 0.98
"ARI" 90 0.543180646516335 0.844854335459404 0.920802379161181
"CCR" 91 0.91 0.91 0.98
"ARI" 91 0.669090909090909 0.669090909090909 0.920808080808081
"CCR" 92 0.86 0.87 0.98
"ARI" 92 0.513771497568776 0.543298704159172 0.9208
"CCR" 93 0.87 0.95 0.96
"ARI" 93 0.543030303030303 0.808080808080808 0.844848484848485
"CCR" 94 0.9 0.95 0.96
"ARI" 94 0.636454973295965 0.808087575240689 0.844846433231073
"CCR" 95 0.57 0.57 0.98
"ARI" 95 -0.0122984405772961 -0.0122984405772961 0.920808080808081
"CCR" 96 0.91 0.97 0.99
"ARI" 96 0.669154424960106 0.882424242424242 0.959997805817815
"CCR" 97 0.51 0.51 0.98
"ARI" 97 -0.00670329847403272 -0.000761125514354388 0.920800633594931
"CCR" 98 0.58 0.58 0.97
"ARI" 98 0.0187720809238396 0.0187720809238396 0.882428388200086
"CCR" 99 0.9 0.9 0.96
"ARI" 99 0.636363636363636 0.636363636363636 0.844848484848485
"CCR" 100 0.88 0.89 0.93
"ARI" 100 0.573401233963373 0.604483184995654 0.736943930841099
"CCR" 1 0.99 0.99 0.99
"ARI" 1 0.959997805817815 0.959997805817815 0.959997805817815
"CCR" 2 0.89 0.89 0.89
"ARI" 2 0.604599361131849 0.604599361131849 0.604599361131849
"CCR" 3 0.86 0.97 0.98
"ARI" 3 0.513920289386991 0.882414567810171 0.920802379161181
"CCR" 4 0.89 0.97 0.98
"ARI" 4 0.604444444444444 0.882424242424242 0.920808080808081
"CCR" 5 0.54 0.58 0.98
"ARI" 5 -0.00848789550379269 0.0187720809238396 0.920809360656797
"CCR" 6 0.82 0.82 0.96
"ARI" 6 0.404038268407421 0.404038268407421 0.844850992307195
"CCR" 7 0.89 0.89 0.89
"ARI" 7 0.604520368786256 0.604520368786256 0.604520368786256
"CCR" 8 0.89 0.95 0.62
"ARI" 8 0.600533265277961 0.807091453542207 -0.01075483988214
"CCR" 9 0.89 0.95 0.51
"ARI" 9 0.604628781585518 0.808074040443667 -0.000761125514354388
"CCR" 10 0.86 0.95 0.95
"ARI" 10 0.51391624561103 0.808065016184986 0.808065016184986
"CCR" 11 0.59 0.61 0.97
"ARI" 11 0.0138206195460366 0.0308481310245628 0.882406274016526
"CCR" 12 0.56 0.55 1
"ARI" 12 0.0115302025954627 0.00743159389897658 1
"CCR" 13 0.87 0.97 0.98
"ARI" 13 0.543118015421098 0.882417792858427 0.920802379161181
"CCR" 14 0.82 0.93 0.94
"ARI" 14 0.403786156205383 0.735016851462902 0.770203157595297
"CCR" 15 0.87 0.87 0.97
"ARI" 15 0.543067898178442 0.543067898178442 0.882420096356015
"CCR" 16 0.57 0.57 0.93
"ARI" 16 -0.0147781864723893 -0.0122984405772961 0.736978971540397
"CCR" 17 0.9 0.68 0.6
"ARI" 17 0.635670082453871 0.111902641733452 0.0160258576477651
"CCR" 18 0.89 0.89 1
"ARI" 18 0.604458391917126 0.604458391917126 1
"CCR" 19 0.84 0.96 0.94
"ARI" 19 0.45726872246696 0.844850992307195 0.772124894951193
"CCR" 20 0.57 0.9 0.96
"ARI" 20 -0.00491035742834302 0.7900949426356325 0.844814436176263
"CCR" 21 0.53 0.53 0.94
"ARI" 21 -0.00437151178730411 -0.00372211436738432 0.772121212121212
"CCR" 22 0.93 0.8 0.86
"ARI" 22 0.736969696969697 0.696969696969697 0.513535353535354
"CCR" 23 0.54 0.94 0.94
"ARI" 23 -0.00351583958981881 0.77511931398849629 0.772118198808138
"CCR" 24 0.93 0.93 0.98
"ARI" 24 0.736557866034101 0.736557866034101 0.920767517916325
"CCR" 25 0.87 0.87 0.99
"ARI" 25 0.54334340703038 0.54334340703038 0.959997805817815
