"AIC" 26 7513.138 7190.25 7182.473 7190.404 7208.771 7022.866 7192.047 6977.44 6997.431
"BIC" 26 7544.4 7255.38 7281.469 7224.271 7279.11 7129.678 7228.519 7052.989 7112.058
"ICL" 26 7544.4 7263.883 7287.799 7224.271 7279.64 7148.583 7228.519 7069.686 7128.867
"AWE" 26 7635.662 7454.012 7576.795 7323.138 7484.979 7460.395 7334.991 7290.236 7463.495
"AIC" 27 7431.078 7123.18 7120.044 7216.521 6984.152 6997.045 7232.189 6932.228 6981.611
"BIC" 27 7462.34 7188.309 7219.041 7250.388 7054.491 7103.857 7268.662 6922.778 7096.238
"ICL" 27 7462.34 7190.068 7221.029 7250.388 7067.804 7117.954 7268.662 7099.722 7122.43
"AWE" 27 7553.602 7380.197 7510.025 7349.255 7273.143 7429.766 7375.134 7520.272 7457.058
"AIC" 28 7480.31 7171.585 7165.831 7220.104 7013.296 7060.443 7237.629 7245.296 6995.455
"BIC" 28 7511.572 7236.714 7264.827 7253.971 7083.636 7167.255 7274.101 6920.846 7110.082
"ICL" 28 7511.572 7240.035 7268.26 7253.971 7099.113 7175.184 7274.101 6820.91 7124.758
"AWE" 28 7602.834 7430.165 7557.257 7352.838 7304.453 7486.996 7380.574 7541.46 7459.386
"AIC" 29 7277.623 6955.033 6912.372 6990.68 7000.276 6769.162 6996.28 6742.13 6746.508
"BIC" 29 7308.885 7020.162 7011.368 7024.547 7070.615 6875.974 7032.752 6817.68 6861.135
"ICL" 29 7308.885 7030.843 7021.214 7024.547 7070.707 6893.476 7032.752 6834.137 6877.817
"AWE" 29 7400.147 7220.973 7310.21 7123.414 7276.047 7205.288 7139.225 7054.686 7212.445
"AIC" 30 7517.578 7252.184 7266.35 7278.076 7278.259 7096.109 7271.607 7052.452 7063.131
"BIC" 30 7548.84 7317.314 7365.346 7311.943 7348.599 7202.921 7308.079 7128.002 7177.759
"ICL" 30 7548.84 7321.442 7372.528 7311.943 7349.553 7223.107 7308.079 7147.884 7199.368
"AWE" 30 7640.102 7511.571 7661.524 7410.81 7554.893 7534.919 7414.552 7368.434 7533.995
"AIC" 31 7173.988 6863.556 6839.809 6959.223 6707.369 6711.171 6964.05 6686.71 6705.37
"BIC" 31 7205.25 6928.685 6938.806 6993.09 6777.709 6817.983 7000.522 6762.26 6819.998
"ICL" 31 7205.25 6935.576 6946.242 6993.09 6787.418 6829.124 7000.522 6769.9 6827.622
"AWE" 31 7296.512 7125.705 7235.239 7091.957 6992.758 7140.936 7106.995 6990.45 7162.249
"AIC" 32 7393.122 6972.584 6973.691 7062.701 7078.406 6822.208 7060.973 6728.105 6775.17
"BIC" 32 7424.384 7037.713 7072.687 7096.568 7148.746 6929.02 7097.445 6803.655 6889.797
"ICL" 32 7424.384 7040.059 7075.95 7096.568 7149.036 6934.107 7097.445 6808.139 6894.804
"AWE" 32 7515.646 7230.189 7364.947 7195.435 7354.376 7245.919 7203.918 7328.689 7229.432
"AIC" 33 7247.709 6953.625 6979.625 7031.745 6852.481 6851.212 7042.384 7039.848 6842.098
"BIC" 33 7278.971 7018.754 7078.622 7065.612 6922.82 6958.024 7078.856 7115.398 6956.726
"ICL" 33 7278.971 7024.661 7084.55 7065.612 6940.511 6976.074 7078.856 7116.087 6976.384
"AWE" 33 7370.233 7214.79 7373.546 7164.479 7145.85 7287.886 7185.328 7336.637 7311.012
"AIC" 34 7474.93 7143.001 7098.309 7242.455 7017.354 7024.514 7251.393 6963.517 6974.922
"BIC" 34 7506.192 7208.13 7197.305 7276.323 7087.693 7131.325 7287.865 7039.066 7089.549
"ICL" 34 7506.192 7212.231 7207.019 7276.323 7107.409 7152.868 7287.865 7059.617 7110.227
"AWE" 34 7597.454 7402.361 7496.015 7375.19 7312.748 7464.68 7394.337 7280.166 7444.854
"AIC" 35 7235.714 7001.377 6959.042 7070.682 6807.679 6821.214 7046.264 6785.257 6802.357
"BIC" 35 7266.976 7066.506 7058.039 7104.55 6878.018 6928.026 7082.736 6860.807 6916.985
"ICL" 35 7266.976 7071.524 7061.612 7104.55 6887.567 6938.301 7082.736 6869.329 6926.132
"AWE" 35 7358.238 7261.653 7350.608 7203.417 7092.907 7250.113 7189.208 7089.879 7260.759
"AIC" 36 7552.921 7557.315 7160.344 7188.697 7193.508 7041.071 7198.034 7201.033 7013.058
"BIC" 36 7584.183 7622.444 7259.341 7222.565 7263.848 7147.883 7234.507 7276.583 7127.686
"ICL" 36 7584.183 7622.519 7262.003 7222.565 7263.911 7161.561 7234.507 7276.607 7147.798
"AWE" 36 7675.445 7812.648 7551 7321.432 7469.25 7473.373 7340.979 7497.157 7482.426
"AIC" 37 7471.16 7104.861 6939.841 7148.213 6936.153 6938.631 7157.791 6900.234 6915.256
"BIC" 37 7502.422 7169.99 7038.837 7182.08 7006.492 7045.443 7194.263 6975.784 7029.884
"ICL" 37 7502.422 7175.401 7047.617 7182.08 7019.662 7061.218 7194.263 6987.331 7043.001
"AWE" 37 7593.684 7365.531 7336.613 7280.947 7225.001 7373.03 7300.736 7207.881 7377.628
"AIC" 38 7532.053 7272.705 7038.399 7273.077 7049.846 7071.782 7248.697 7005.131 7025.932
"BIC" 38 7563.315 7337.835 7137.395 7306.944 7120.186 7178.594 7285.169 7080.681 7140.56
"ICL" 38 7563.315 7342.657 7145.866 7306.944 7134.749 7194.302 7285.169 7094.351 7158.365
"AWE" 38 7654.577 7532.786 7434.863 7405.812 7340.089 7506.114 7391.642 7314.901 7492.993
"AIC" 39 6887.259 6579.533 6605.533 6756.814 6746.846 6488.014 6771.294 6470.618 6468.743
"BIC" 39 6918.521 6644.662 6704.53 6790.681 6817.185 6594.826 6807.767 6546.168 6583.37
"ICL" 39 6918.521 6649.664 6709.54 6790.681 6817.186 6602.937 6807.767 6551.514 6591.012
"AWE" 39 7009.783 6839.793 6998.536 6889.549 7022.526 6914.749 6914.239 6772.064 6925.639
"AIC" 40 7621.706 7198.837 6970.335 7197.086 6989.066 6971.35 7193.394 6942.117 6937.952
"BIC" 40 7652.968 7263.967 7069.331 7230.953 7059.406 7078.162 7229.866 7017.667 7052.58
"ICL" 40 7652.968 7267.648 7075.852 7230.953 7063.356 7098.747 7229.866 7030.201 7073.403
"AWE" 40 7744.23 7457.778 7364.848 7329.821 7268.695 7410.559 7336.338 7250.751 7408.03
"AIC" 41 7409.922 7040.553 6874.624 7042.113 6873.845 6887.937 7076.941 6836.185 6859.427
"BIC" 41 7441.184 7105.682 6973.62 7075.98 6944.185 6994.749 7113.414 6911.735 6974.055
"ICL" 41 7441.184 7111.961 6982.86 7075.98 6967.211 7018.175 7113.414 6926.901 6989.753
"AWE" 41 7532.446 7302.09 7271.856 7174.848 7172.551 7329.987 7219.886 7147.451 7324.38
"AIC" 42 6981.359 6973.955 6738.986 6784.198 6791.483 6628.772 6802.456 6810.061 6607.938
"BIC" 42 7012.621 7039.084 6837.982 6818.065 6861.822 6735.584 6838.928 6885.611 6722.565
"ICL" 42 7012.621 7039.096 6849.698 6818.065 6861.882 6753.852 6838.928 6885.661 6739.864
"AWE" 42 7103.883 7229.225 7138.695 6916.932 7067.221 7065.664 6945.4 7106.211 7074.491
"AIC" 43 7371.747 7108.268 7090.886 7147.941 6893.669 6904.723 7145.414 7122.933 6890.251
"BIC" 43 7403.009 7173.398 7189.882 7181.808 6964.009 7011.535 7181.886 7198.482 7004.879
"ICL" 43 7403.009 7180.942 7195.556 7181.808 6976.061 7024.005 7181.886 7200.502 7016.962
"AWE" 43 7494.271 7371.071 7484.552 7280.675 7181.4 7335.817 7288.359 7421.052 7351.589
"AIC" 44 7475.965 7237.826 7237.242 7206.773 7023.536 7037.215 7202.087 6979.119 7006.442
"BIC" 44 7507.227 7302.955 7336.238 7240.64 7093.875 7144.027 7238.56 7054.669 7121.069
"ICL" 44 7507.227 7310.11 7346.084 7240.64 7116.553 7165.989 7238.56 7070.274 7139.913
"AWE" 44 7598.489 7500.239 7635.08 7339.507 7321.892 7477.801 7345.032 7290.824 7474.54
"AIC" 45 7182.966 6832.041 6656.048 6895.368 6906.837 6679.114 6913.533 6636.814 6650.137
"BIC" 45 7214.228 6897.171 6755.044 6929.235 6977.176 6785.925 6950.005 6712.364 6764.765
"ICL" 45 7214.228 6900.297 6762.528 6929.235 6977.349 6798.774 6950.005 6723.256 6774.631
"AWE" 45 7305.49 7090.426 7051.525 7028.102 7182.689 7110.586 7056.478 6943.806 7109.259
"AIC" 46 7382.065 7078.247 7104.247 7107.771 7121.568 6929.548 7134.562 6878.917 6893.653
"BIC" 46 7413.327 7143.376 7203.244 7141.638 7191.908 7036.36 7171.034 6954.467 7008.281
"ICL" 46 7413.327 7149.813 7209.693 7141.638 7191.993 7052.83 7171.034 6968.259 7020.677
"AWE" 46 7504.589 7339.942 7498.69 7240.506 7397.333 7364.642 7277.507 7188.809 7355.304
"AIC" 47 7366.527 7078.956 7075.15 7102.989 6926.299 6934.987 7109.963 7106.382 6894.913
"BIC" 47 7397.789 7144.085 7174.146 7136.856 6996.639 7041.799 7146.435 7181.932 7009.54
"ICL" 47 7397.789 7147.284 7177.588 7136.856 7012.133 7056.606 7146.435 7181.944 7024.15
"AWE" 47 7489.051 7337.413 7466.585 7235.723 7217.473 7368.418 7252.907 7402.493 7358.778
"AIC" 48 7395.82 7046.083 7072.082 7064.23 6901.853 6905.915 7107.149 6945.78 6879.861
"BIC" 48 7427.082 7111.212 7171.079 7098.097 6972.193 7012.727 7143.622 7021.33 6994.489
"ICL" 48 7427.082 7119.471 7179.375 7098.097 6989.237 7031.447 7143.622 7029.856 7007.769
"AWE" 48 7518.344 7309.6 7468.371 7196.964 7194.577 7343.259 7250.094 7250.406 7342.397
"AIC" 49 7395.485 7035.29 6846.616 7022.214 6849.036 6869.506 7041.211 6812.518 6824.682
"BIC" 49 7426.747 7100.419 6945.613 7056.081 6919.376 6976.318 7077.684 6888.068 6939.309
"ICL" 49 7426.747 7106.292 6950.132 7056.081 6937.609 6994.389 7077.684 6900.934 6953.764
"AWE" 49 7518.009 7296.421 7239.128 7154.949 7142.949 7306.2 7184.156 7121.484 7288.391
"AIC" 50 7240.712 6983.414 6977.539 7007.477 6804.069 6812.264 7024.223 6780.761 6799.401
"BIC" 50 7271.974 7048.543 7076.536 7041.344 6874.409 6919.076 7060.696 6856.311 6914.028
"ICL" 50 7271.974 7060.531 7088.599 7041.344 6889.363 6933.43 7060.696 6868.134 6949.576
"AWE" 50 7363.236 7250.66 7377.595 7140.211 7094.702 7245.242 7167.168 7088.684 7284.203
"AIC" 51 7575.744 7195.961 7197.197 7192.941 6972.126 6984.701 7205.029 7192.032 6947.405
"BIC" 51 7607.006 7261.09 7296.194 7226.808 7042.465 7091.513 7241.501 7267.582 7062.033
"ICL" 51 7607.006 7264.837 7300.086 7226.808 7061.538 7109.799 7241.501 7268.811 7071.397
"AWE" 51 7698.268 7454.966 7589.082 7325.675 7266.877 7421.611 7347.974 7489.361 7406.024
"AIC" 52 7411.629 6986.388 6795.12 7038.81 6809.518 6818.878 7074.793 6778.559 6789.958
"BIC" 52 7442.891 7051.517 6894.116 7072.678 6879.857 6925.69 7111.265 6854.109 6904.586
"ICL" 52 7442.891 7054.873 6899.104 7072.678 6894.428 6938.579 7111.265 6864.326 6913.609
"AWE" 52 7534.153 7245.002 7188.1 7171.545 7099.767 7250.391 7217.737 7084.876 7248.237
"AIC" 53 7356.45 7373.253 6822.703 7029.605 7047.629 6855.831 7044.54 6831.521 6819.826
"BIC" 53 7387.712 7438.383 6921.7 7063.472 7117.969 6962.643 7081.012 6907.071 6934.453
"ICL" 53 7387.712 7438.445 6930.612 7063.472 7118.01 6982.728 7081.012 6913.022 6949.492
"AWE" 53 7478.974 7628.575 7219.608 7162.339 7323.349 7294.54 7187.484 7133.572 7284.119
"AIC" 54 7430.053 7436.261 7133.438 7135.608 7123.771 6930.571 7120.216 7092.036 6882.67
"BIC" 54 7461.316 7501.39 7232.434 7169.475 7194.111 7037.383 7156.688 7167.586 6997.298
"ICL" 54 7461.316 7501.395 7237.427 7169.475 7198.914 7054.463 7156.688 7170.367 7005.82
"AWE" 54 7552.578 7691.524 7526.424 7268.342 7404.253 7366.275 7263.161 7390.917 7340.448
"AIC" 55 7064.381 6678.462 6704.462 6812.859 6546.472 6560.717 6799.463 6570.3 6539.454
"BIC" 55 7095.643 6743.591 6803.458 6846.726 6616.812 6667.529 6835.935 6645.85 6654.081
"ICL" 55 7095.643 6748.736 6808.611 6846.726 6620.711 6671.651 6835.935 6653.318 6663.021
"AWE" 55 7186.905 6938.866 7097.607 6945.594 6826.05 6983.463 6942.408 6873.868 6997.649
"AIC" 56 7610.579 7165.554 7191.554 7219.31 7234.652 7014.405 7223.841 6993.659 6969.511
"BIC" 56 7641.841 7230.683 7290.55 7253.177 7304.991 7121.217 7260.313 7069.209 7084.139
"ICL" 56 7641.841 7236.329 7295.963 7253.177 7306.452 7134.203 7260.313 7070.944 7098.072
"AWE" 56 7733.103 7426.459 7584.959 7352.044 7511.792 7446.015 7366.786 7291.494 7432.7
"AIC" 57 7136.543 6924.408 6934.594 6959.095 6787.042 6800.253 6969.025 6757.698 6772.863
"BIC" 57 7167.805 6989.537 7033.591 6992.962 6857.381 6907.065 7005.498 6833.248 6887.49
"ICL" 57 7167.805 6996.97 7040.946 6992.962 6878.899 6928.196 7005.498 6846.399 6901.824
"AWE" 57 7259.067 7187.099 7329.942 7091.829 7084.238 7240.008 7111.97 7066.949 7236.451
"AIC" 58 7193.954 6795.917 6798.356 6877.745 6895.053 6684.066 6902.439 6635.357 6651.041
"BIC" 58 7225.216 6861.046 6897.352 6911.612 6965.393 6790.878 6938.911 6710.906 6765.668
"ICL" 58 7225.216 6866.451 6903.009 6911.612 6965.423 6807.551 6938.911 6727.901 6781.284
"AWE" 58 7316.478 7056.581 7192.006 7010.48 7170.762 7119.363 7045.384 6948.451 7115.911
"AIC" 59 7449.731 7043.41 6892.376 7110.718 6907.497 6900.274 7144.203 6866.731 6870.799
"BIC" 59 7480.993 7108.539 6991.372 7144.585 6977.836 7007.086 7180.675 6942.281 6985.427
"ICL" 59 7480.993 7115.437 6999.184 7144.585 6982.437 7024.494 7180.675 6953.523 7001.022
"AWE" 59 7572.256 7305.566 7288.181 7243.452 7187.777 7336.306 7287.148 7174.073 7335.649
"AIC" 60 7174.144 6909.677 6915.551 6940.086 6735.171 6959.897 6938.281 6949.244 6703.39
"BIC" 60 7205.406 6974.806 7014.547 6973.953 6805.51 7066.709 6974.753 7024.794 6818.018
"ICL" 60 7205.406 6978.462 7019.196 6973.953 6820.382 7069.536 6974.753 7025.483 6830.214
"AWE" 60 7296.668 7168.591 7308.192 7072.82 7025.721 7381.348 7081.225 7246.033 7164.841
"AIC" 61 7444.707 7112.359 6887.906 7088.665 6875.509 6893.351 7094.792 7105.555 6863.413
"BIC" 61 7475.969 7177.488 6986.903 7122.532 6945.849 7000.163 7131.264 7181.105 6978.041
"ICL" 61 7475.969 7183.973 6996.316 7122.532 6960.169 7014.603 7131.264 7183.305 6987.833
"AWE" 61 7567.231 7374.103 7285.312 7221.399 7165.509 7326.415 7237.737 7403.855 7322.46
"AIC" 62 7166.791 6914.519 6940.519 6966.419 6730.206 6749.609 6973.969 6979.369 6719.472
"BIC" 62 7198.053 6979.648 7039.516 7000.286 6800.545 6856.421 7010.441 7054.919 6834.1
"ICL" 62 7198.053 6987.551 7047.418 7000.286 6812.594 6869.623 7010.441 7057.582 6843.273
"AWE" 62 7289.315 7177.68 7336.415 7099.153 7017.934 7181.435 7116.914 7278.132 7177.9
"AIC" 63 7273.893 7274.077 6956.411 7019.694 6828.155 6809.957 7018.197 7027.025 6769.575
"BIC" 63 7305.155 7339.206 7055.408 7053.561 6898.495 6916.769 7054.669 7102.575 6884.202
"ICL" 63 7305.155 7339.292 7060.514 7053.561 6903.783 6930.31 7054.669 7104.549 6895.955
"AWE" 63 7396.417 7529.421 7349.51 7152.428 7109.122 7242.122 7161.142 7325.099 7230.582
"AIC" 64 7413.162 7422.747 6995.882 7093.396 7107.166 6899.428 7116.348 7125.831 6861.045
"BIC" 64 7444.424 7487.876 7094.878 7127.263 7177.506 7006.24 7152.821 7201.381 6975.672
"ICL" 64 7444.424 7488.018 7102.59 7127.263 7177.739 7025.892 7152.821 7203.565 6990.66
"AWE" 64 7535.686 7678.147 7391.586 7226.13 7383.079 7337.704 7259.293 7424.115 7325.288
"AIC" 65 7457.925 7033.699 7029.244 7041.507 6873.048 6870.586 7068.47 6841.147 6847.282
"BIC" 65 7489.187 7098.829 7128.241 7075.374 6943.388 6977.398 7104.942 6916.697 6961.91
"ICL" 65 7489.187 7106.478 7143.279 7075.374 6964.332 6998.181 7104.942 6933.849 6979.271
"AWE" 65 7580.449 7296.607 7432.275 7174.241 7169.671 7309.993 7211.415 7154.399 7313.899
"AIC" 66 7137.426 6796.009 6793.652 6835.988 6597.926 6601.821 6852.231 6584.06 6596.145
"BIC" 66 7168.688 6861.138 6892.649 6869.855 6668.266 6708.633 6888.704 6659.61 6710.773
"ICL" 66 7168.688 6868.51 6900.538 6869.855 6678.322 6719.028 6888.704 6667.786 6720.754
"AWE" 66 7259.95 7058.64 7189.534 6968.722 6883.661 7030.84 6995.176 6888.336 7055.381
"AIC" 67 7594.558 7596.672 7036.011 7289.132 7297.542 7077.708 7265.014 7270.955 7024.992
"BIC" 67 7625.82 7661.801 7135.008 7322.999 7367.881 7184.52 7301.486 7346.505 7139.62
"ICL" 67 7625.82 7661.834 7141.024 7322.999 7367.883 7204.654 7301.486 7347.264 7154.149
"AWE" 67 7717.082 7851.963 7430.02 7421.866 7573.223 7516.466 7407.959 7567.814 7488.777
"AIC" 68 6943.052 6616.132 6595.46 6694.795 6475.856 6490.645 6719.126 6456.239 6480.23
"BIC" 68 6974.314 6681.261 6694.457 6728.662 6546.196 6597.457 6755.599 6531.789 6594.857
"ICL" 68 6974.314 6686.767 6698.853 6728.662 6553.955 6605.093 6755.599 6540.123 6603.394
"AWE" 68 7065.576 6876.897 6987.849 6827.529 6759.295 6916.905 6862.071 6760.673 6938.021
"AIC" 69 7475.895 7195.882 6950.444 7166.277 7175.754 6961.194 7171.639 6928 6947.64
"BIC" 69 7507.157 7261.012 7049.44 7200.144 7246.093 7068.006 7208.111 7003.55 7062.267
"ICL" 69 7507.157 7270.47 7058.451 7200.144 7246.181 7090.958 7208.111 7018.962 7077.395
"AWE" 69 7598.419 7460.599 7347.448 7299.012 7451.521 7402.77 7314.584 7239.512 7412.022
"AIC" 70 7248.781 7230.71 6867.769 6944.407 6953.627 6747.089 6979.779 6707.217 6722.824
"BIC" 70 7280.043 7295.84 6966.765 6978.274 7023.967 6853.901 7016.251 6782.767 6837.452
"ICL" 70 7280.043 7295.864 6976.236 6978.274 7024.742 6870.562 7016.251 6794.987 6854.671
"AWE" 70 7371.305 7485.993 7265.233 7077.141 7230.082 7182.374 7122.723 7015.537 7189.298
"AIC" 71 7448.91 7255.665 7227.282 7211.336 7006.535 7022.124 7194.916 7209.458 6984.31
"BIC" 71 7480.172 7320.794 7326.279 7245.203 7076.874 7128.936 7231.388 7285.008 7098.938
"ICL" 71 7480.172 7330.393 7331.698 7245.203 7094.878 7150.151 7231.388 7286.486 7113.864
"AWE" 71 7571.434 7520.522 7620.694 7344.07 7300.217 7461.963 7337.861 7507.035 7448.492
"AIC" 72 7463.015 7140.464 7123.539 7113.583 6921.128 6935.22 7108.832 6881.54 6890.141
"BIC" 72 7494.277 7205.593 7222.535 7147.45 6991.468 7042.032 7145.304 6957.09 7004.769
"ICL" 72 7494.277 7210.104 7227.057 7147.45 7006.227 7058.32 7145.304 6966.946 7015.429
"AWE" 72 7585.539 7400.233 7516.053 7246.317 7211.566 7370.132 7251.776 7187.496 7350.057
"AIC" 73 7248.038 6857.295 6670.034 6997.327 6955.287 6695.071 6998.07 6643.487 6659.417
"BIC" 73 7279.3 6922.425 6769.03 7031.194 7025.626 6801.883 7034.542 6719.037 6774.045
"ICL" 73 7279.3 6924.762 6775.368 7031.194 7029.295 6814.637 7034.542 6727.13 6783.511
"AWE" 73 7370.562 7114.891 7064.365 7130.061 7234.635 7126.449 7141.015 6947.68 7118.139
"AIC" 74 7564.34 7468.266 7400.998 7315.25 7319.386 7106.101 7307.105 7054.703 7077.115
"BIC" 74 7595.602 7533.396 7499.995 7349.118 7389.726 7212.913 7343.577 7130.253 7191.743
"ICL" 74 7595.602 7535.714 7507.108 7349.118 7390.235 7232.507 7343.577 7138.084 7203.935
"AWE" 74 7686.864 7725.843 7796.104 7447.985 7595.575 7544.319 7450.05 7358.634 7538.563
"AIC" 75 7430.742 7118.842 6915.943 7129.495 6924.791 6933.362 7142.33 6890.627 6901.464
"BIC" 75 7462.004 7183.971 7014.939 7163.362 6995.131 7040.174 7178.803 6966.177 7016.092
"ICL" 75 7462.004 7189.736 7025.781 7163.362 7005.012 7064.059 7178.803 6981.229 7032.027
"AWE" 75 7553.266 7379.865 7314.778 7262.229 7210.352 7375.871 7285.275 7201.779 7366.655
"AIC" 76 7128.739 6795.002 6821.002 6877.012 6882.474 6671.884 6892.457 6628.653 6642.577
"BIC" 76 7160.001 6860.131 6919.998 6910.88 6952.814 6778.696 6928.93 6704.203 6757.205
"ICL" 76 7160.001 6866.119 6925.99 6910.88 6952.977 6797.048 6928.93 6716.11 6771.122
"AWE" 76 7251.263 7056.249 7214.986 7009.747 7158.316 7108.86 7035.402 6936.66 7105.749
"AIC" 77 7390.196 7113.823 6962.163 7162.31 6949.145 6961.5 7165.065 6904.092 6919.214
"BIC" 77 7421.458 7178.952 7061.16 7196.178 7019.484 7068.312 7201.537 6979.642 7033.842
"ICL" 77 7421.458 7183.887 7072.89 7196.178 7034.556 7084.621 7201.537 6990.389 7045.186
"AWE" 77 7512.72 7374.016 7361.886 7295.045 7239.896 7396.433 7308.01 7210.939 7379.813
"AIC" 78 7537.715 7137.558 7077.199 7173.456 6968.925 6966.739 7158.232 6924.005 6939.566
"BIC" 78 7568.977 7202.687 7176.195 7207.324 7039.265 7073.551 7194.704 6999.555 7054.194
"ICL" 78 7568.977 7205.358 7179.95 7207.324 7048.55 7076.077 7194.704 7014.394 7069.223
"AWE" 78 7660.239 7395.487 7468.946 7306.191 7253.89 7387.889 7301.176 7234.944 7403.85
"AIC" 79 7022.1 6748.34 6536.214 6807.307 6784.224 6565.153 6786.209 6523.013 6532.787
"BIC" 79 7053.362 6813.469 6635.21 6841.175 6854.563 6671.965 6822.681 6598.563 6647.414
"ICL" 79 7053.362 6817.613 6640.169 6841.175 6856.118 6685.288 6822.681 6609.007 6657.245
"AWE" 79 7144.624 7007.742 6929.166 6940.042 7061.457 6997.1 6929.154 6829.557 6991.872
"AIC" 80 7355.805 7355.561 7051.29 7102.026 7111.71 6903.817 7111.052 6867.08 6887.866
"BIC" 80 7387.067 7420.69 7150.286 7135.893 7182.05 7010.629 7147.524 6942.63 7002.494
"ICL" 80 7387.067 7420.748 7157.216 7135.893 7182.05 7027.006 7147.524 6956.143 7016.586
"AWE" 80 7478.329 7610.877 7446.213 7234.761 7387.39 7338.818 7253.996 7176.693 7351.214
"AIC" 81 7243.715 7242.714 6687.083 6937.212 6938.502 6713.159 6960.378 6655.484 6664.862
"BIC" 81 7274.977 7307.843 6786.079 6971.079 7008.842 6819.971 6996.85 6731.034 6779.489
"ICL" 81 7274.977 7307.903 6793.23 6971.079 7008.842 6833.338 6996.85 6742.541 6790.693
"AWE" 81 7366.239 7498.032 7082.227 7069.947 7214.181 7145.15 7103.322 6963.091 7125.321
"AIC" 82 7269.781 6863.81 6889.81 6943.071 6738.88 6758.197 6967.864 6706.415 6712.251
"BIC" 82 7301.043 6928.939 6988.806 6976.938 6809.219 6865.009 7004.337 6781.965 6826.878
"ICL" 82 7301.043 6933.275 6993.135 6976.938 6812.563 6875.009 7004.337 6791.635 6837.975
"AWE" 82 7392.305 7123.404 7282.132 7075.805 7017.903 7186.821 7110.809 7012.185 7172.603
"AIC" 83 7081.855 7036.99 6730.758 6854.496 6621.653 6637.567 6864.755 6593.116 6601.023
"BIC" 83 7113.117 7102.119 6829.754 6888.363 6691.992 6744.379 6901.228 6668.666 6715.65
"ICL" 83 7113.117 7107.928 6835.001 6888.363 6708.453 6760.044 6901.228 6682.99 6733.697
"AWE" 83 7204.379 7298.057 7123.998 6987.23 6913.793 7071.856 7007.7 6903.539 7068.325
"AIC" 84 7385.329 7039.221 7005.174 7103.577 6851.121 6871.481 7108.078 6795.056 6818.047
"BIC" 84 7416.591 7104.351 7104.17 7137.444 6921.46 6978.293 7144.55 6870.606 6932.675
"ICL" 84 7416.591 7106.08 7109.105 7137.444 6932.539 6990.298 7144.55 6880.376 6943.642
"AWE" 84 7507.853 7296.209 7398.101 7236.311 7137.879 7302.11 7251.022 7100.926 7278.269
"AIC" 85 7396.006 6957.955 6934.655 6935.915 6768.256 6776.109 6981.002 6727.052 6740.653
"BIC" 85 7427.268 7023.084 7033.652 6969.782 6838.596 6882.921 7017.475 6802.602 6855.28
"ICL" 85 7427.268 7026.84 7037.495 6969.782 6857.408 6901.13 7017.475 6813.645 6866.824
"AWE" 85 7518.53 7216.969 7326.492 7068.649 7062.747 7212.942 7123.947 7034.195 7201.451
"AIC" 86 7295.109 7129.235 6861.747 6882.522 6888.269 6698.448 6913.405 6647.617 6663.365
"BIC" 86 7326.371 7194.365 6960.743 6916.389 6958.608 6805.26 6949.878 6723.167 6777.992
"ICL" 86 7326.371 7196.251 6966.74 6916.389 6958.887 6826.21 6949.878 6730.983 6786.925
"AWE" 86 7417.633 7386.38 7255.736 7015.256 7164.226 7138.022 7056.35 6951.533 7121.553
"AIC" 87 7309.264 6825.168 6831.765 6864.168 6668.732 6682.868 6904.06 6637.157 6657.676
"BIC" 87 7340.526 6890.298 6930.762 6898.035 6739.072 6789.68 6940.532 6712.707 6772.304
"ICL" 87 7340.526 6898.248 6939.304 6898.035 6748.876 6799.552 6940.532 6721.775 6782.564
"AWE" 87 7431.788 7088.377 7228.301 6996.902 6954.215 7111.364 7047.004 6942.325 7117.192
"AIC" 88 7128.211 7132.381 6825.585 6916.22 6923.932 6750.434 6934.312 6711.564 6723.743
"BIC" 88 7159.473 7197.511 6924.581 6950.087 6994.272 6857.246 6970.784 6787.114 6838.371
"ICL" 88 7159.473 7197.511 6935.207 6950.087 6994.272 6873.16 6970.784 6802.214 6852.265
"AWE" 88 7250.735 7387.64 7224.203 7048.955 7199.611 7184.972 7077.257 7022.764 7186.892
"AIC" 89 7299.457 6994.037 6998.698 7081.688 7085.291 6831.55 7092.923 6788.456 6805.17
"BIC" 89 7330.719 7059.167 7097.694 7115.555 7155.631 6938.362 7129.395 6864.006 6919.797
"ICL" 89 7330.719 7065.287 7104.085 7115.555 7157.25 6948.996 7129.395 6874.295 6930.297
"AWE" 89 7421.981 7255.416 7393.081 7214.422 7362.59 7260.808 7235.868 7094.845 7264.924
"AIC" 90 7101.026 6820.911 6763.248 6844.812 6630.482 6641.173 6865.409 6612.426 6628.093
"BIC" 90 7132.288 6886.04 6862.244 6878.68 6700.822 6747.985 6901.882 6687.976 6742.721
"ICL" 90 7132.288 6892.903 6872.459 6878.68 6716.892 6763.676 6901.882 6696.651 6752.591
"AWE" 90 7223.55 7083.032 7161.455 6977.547 6922.232 7075.488 7008.354 6917.201 7087.219
"AIC" 91 7042.387 6692.256 6665.805 6735.476 6739.438 6542.135 6739.372 6476.522 6488.818
"BIC" 91 7073.649 6757.385 6764.802 6769.343 6809.777 6648.947 6775.844 6552.072 6603.446
"ICL" 91 7073.649 6762.439 6770.615 6769.343 6813.388 6660.977 6775.844 6562.077 6614.559
"AWE" 91 7164.911 6952.569 7059.612 6868.21 7018.727 6972.789 6882.316 6782.627 6949.186
"AIC" 92 7278.583 6940.871 6912.062 7000.158 6789.121 6790.539 7007.61 6747.302 6762.748
"BIC" 92 7309.845 7006 7011.058 7034.025 6859.461 6897.351 7044.082 6822.852 6877.375
"ICL" 92 7309.845 7011.836 7018.41 7034.025 6864.007 6918.991 7044.082 6837.567 6892.876
"AWE" 92 7401.107 7201.965 7307.407 7132.892 7069.346 7230.803 7150.555 7058.117 7227.503
"AIC" 93 7494.698 7114.125 7041.445 7152.984 6924.798 6938.665 7156.566 6888.909 6908.717
"BIC" 93 7525.96 7179.254 7140.441 7186.851 6995.138 7045.477 7193.038 6964.459 7023.345
"ICL" 93 7525.96 7183.419 7147.649 7186.851 7009.92 7061.36 7193.038 6976.332 7035.447
"AWE" 93 7617.222 7373.549 7436.645 7285.718 7215.259 7373.172 7299.511 7196.882 7370.074
"AIC" 94 7310.914 7039.084 7059.096 7042.522 6835.343 6855.386 7045.305 6809.373 6819.705
"BIC" 94 7342.177 7104.213 7158.092 7076.39 6905.682 6962.198 7081.778 6884.923 6934.332
"ICL" 94 7342.177 7109.637 7167.4 7076.39 6922.83 6983.113 7081.778 6900.454 6949.751
"AWE" 94 7433.439 7299.767 7456.396 7175.257 7128.17 7294.925 7188.25 7121.004 7284.378
"AIC" 95 7516.226 7513.395 7129.477 7129.223 7140.14 6951.512 7151.757 6893.605 6912.883
"BIC" 95 7547.488 7578.524 7228.473 7163.09 7210.479 7058.324 7188.23 6969.155 7027.51
"ICL" 95 7547.488 7579.172 7241.807 7163.09 7211.467 7075.174 7188.23 6980.54 7039.465
"AWE" 95 7638.75 7769.301 7530.804 7261.957 7416.806 7386.986 7294.702 7201.09 7374.093
"AIC" 96 7331.572 6955.681 6753.894 6996.956 6747.403 6757.308 7016.317 6710.167 6725.165
"BIC" 96 7362.834 7020.811 6852.891 7030.824 6817.742 6864.12 7052.79 6785.717 6839.792
"ICL" 96 7362.834 7028.331 6859.549 7030.824 6828.029 6874.819 7052.79 6795.856 6850.274
"AWE" 96 7454.096 7218.46 7148.545 7129.691 7033.369 7186.631 7159.262 7016.406 7184.902
"AIC" 97 7312.727 7033.888 6749.891 7005.989 7020.957 6746.871 7026.112 6712.765 6728.522
"BIC" 97 7343.989 7099.017 6848.888 7039.856 7091.296 6853.683 7062.585 6788.315 6843.15
"ICL" 97 7343.989 7116.15 6855.939 7039.856 7093.31 6864.734 7062.585 6797.848 6852.566
"AWE" 97 7435.252 7306.28 7144.935 7138.723 7298.649 7176.546 7169.057 7018.398 7187.194
"AIC" 98 7177.906 7146.417 6786.191 6917.628 6900.707 6678.278 6906.986 6625.722 6649.284
"BIC" 98 7209.168 7211.546 6885.188 6951.495 6971.046 6785.09 6943.458 6701.272 6763.912
"ICL" 98 7209.168 7212.425 6890.145 6951.495 6971.842 6795.387 6943.458 6709.121 6773.287
"AWE" 98 7300.43 7402.554 7179.141 7050.362 7177.182 7107.199 7049.931 6929.671 7107.915
"AIC" 99 7265.424 6978.616 6991.913 7048.544 7048.643 6845.241 7062.563 6807.416 6825.025
"BIC" 99 7296.686 7043.745 7090.909 7082.411 7118.983 6952.053 7099.036 6882.966 6939.652
"ICL" 99 7296.686 7051.099 7098.824 7082.411 7119.245 6966.103 7099.036 6894.871 6952.116
"AWE" 99 7387.948 7241.228 7387.82 7181.278 7324.584 7277.915 7205.508 7115.421 7286.744
"AIC" 100 7195.345 6810.634 6822.453 6906.314 6645.896 6661.229 6895.444 6621.259 6640.941
"BIC" 100 7226.607 6875.763 6921.449 6940.181 6716.236 6768.041 6931.916 6696.809 6755.569
"ICL" 100 7226.607 6880.907 6927.105 6940.181 6722.846 6779.172 6931.916 6707.677 6767.7
"AWE" 100 7317.869 7071.037 7216.102 7039.049 6928.185 7090.984 7038.389 6928.226 7102.327
"AIC" 1 7101.027 6708.21 6704.124 6793.339 6539.838 6560.474 6799.236 6519.639 6538.228
"BIC" 1 7132.289 6773.34 6803.121 6827.206 6610.177 6667.286 6835.708 6595.189 6652.856
"ICL" 1 7132.289 6775.795 6804.821 6827.206 6612.579 6669.969 6835.708 6597.744 6656.749
"AWE" 1 7223.551 6965.925 7093.818 6926.074 6817.919 6981.781 6942.181 6818.294 6991.377
"AIC" 2 7338.076 6946.053 6937.1 6978.996 6981.053 6789.467 6973.949 6986.221 6735.573
"BIC" 2 7369.338 7011.183 7036.097 7012.863 7051.393 6896.279 7010.422 7061.771 6850.201
"ICL" 2 7369.338 7013.968 7040.456 7012.863 7051.439 6907.603 7010.422 7067.96 6860.736
"AWE" 2 7460.6 7204.097 7329.453 7111.73 7256.778 7219.415 7116.894 7288.51 7195.364
"AIC" 3 7154.646 6904.495 6876.275 6951.329 6738.661 6749.099 6959.527 6714.461 6729.905
"BIC" 3 7185.908 6969.624 6975.271 6985.196 6809.001 6855.911 6995.999 6790.011 6844.533
"ICL" 3 7185.908 6975.664 6981.269 6985.196 6821.383 6867.272 6995.999 6798.932 6853.592
"AWE" 3 7277.17 7165.793 7270.265 7084.063 7026.722 7179.084 7102.472 7019.482 7188.219
"AIC" 4 7468.919 7102.782 7102.348 7105.928 6895.333 6900.399 7085.822 6853.2 6864.381
"BIC" 4 7500.181 7167.912 7201.344 7139.796 6965.673 7007.211 7122.294 6928.75 6979.009
"ICL" 4 7500.181 7179.105 7212.672 7139.796 6982.713 7024.546 7122.294 6940.51 6991.577
"AWE" 4 7591.443 7369.235 7501.668 7238.663 7188.053 7336.358 7228.766 7161.06 7326.205
"AIC" 5 7354.164 7083.671 6857.739 7074.82 7078.621 6855.478 7078.881 6820.818 6833.743
"BIC" 5 7385.426 7148.801 6956.736 7108.687 7148.961 6962.29 7115.353 6896.368 6948.371
"ICL" 5 7385.426 7161.165 6966.498 7108.687 7151.259 6977.618 7115.353 6906.004 6957.096
"AWE" 5 7476.688 7351.294 7255.494 7207.554 7356.599 7289.43 7221.826 7126.554 7291.724
"AIC" 6 7533.672 7294.695 7298.646 7334.748 7194.385 7171.413 7322.496 7122.144 7131.635
"BIC" 6 7564.934 7359.824 7397.643 7368.615 7264.724 7278.225 7358.968 7197.694 7246.262
"ICL" 6 7564.934 7363.98 7402.133 7368.615 7270.674 7299.701 7358.968 7214.998 7263.884
"AWE" 6 7656.196 7554.109 7691.129 7467.482 7476.014 7611.513 7465.441 7435.548 7598.512
"AIC" 7 6847.5 6585.082 6584.636 6657.495 6661.528 6460.193 6680.79 6628.275 6432.774
"BIC" 7 6878.762 6650.212 6683.633 6691.363 6731.867 6567.005 6717.262 6703.825 6547.401
"ICL" 7 6878.762 6656.374 6690.917 6691.363 6733.322 6574.858 6717.262 6705.667 6556.658
"AWE" 7 6970.024 6846.503 6979.913 6790.23 6938.662 6886.67 6823.735 6926.217 6891.286
"AIC" 8 7397.278 7125.953 6919.75 7132.143 6918.166 6927.81 7126.661 7132.314 6899.552
"BIC" 8 7428.54 7191.082 7018.746 7166.01 6988.505 7034.621 7163.133 7207.863 7014.179
"ICL" 8 7428.54 7194.63 7028.925 7166.01 6997.265 7048.064 7163.133 7211.49 7030.081
"AWE" 8 7519.802 7384.759 7317.922 7264.877 7202.604 7359.876 7269.605 7432.04 7364.709
"AIC" 9 7374.298 7067.834 7040.917 7101.237 6855.046 6863.413 7111.717 7110.878 6837.927
"BIC" 9 7405.56 7132.963 7139.913 7135.104 6925.385 6970.225 7148.189 7186.428 6952.555
"ICL" 9 7405.56 7135.42 7141.904 7135.104 6937.807 6981.981 7148.189 7187.735 6963.455
"AWE" 9 7496.822 7325.549 7430.9 7233.971 7143.147 7293.793 7254.662 7408.285 7298.082
"AIC" 10 7670.798 7307.275 7059.738 7278.308 7067.654 7073.229 7294.723 7015.656 7027.572
"BIC" 10 7702.06 7372.404 7158.734 7312.175 7137.993 7180.041 7331.195 7091.206 7142.199
"ICL" 10 7702.06 7374.821 7162.254 7312.175 7155.834 7199.367 7331.195 7101.787 7155.621
"AWE" 10 7793.322 7564.95 7451.25 7411.042 7361.173 7511.179 7437.668 7322.337 7490.248
"AIC" 11 7371.453 7333.523 7071.281 7141.953 7114.183 6942.909 7149.694 6883.833 6899.223
"BIC" 11 7402.715 7398.653 7170.278 7175.82 7184.522 7049.721 7186.166 6959.383 7013.85
"ICL" 11 7402.715 7398.653 7173.513 7175.82 7184.69 7060.233 7186.166 6970.439 7027.675
"AWE" 11 7493.977 7588.782 7462.509 7274.687 7390.029 7372.045 7292.639 7190.989 7362.302
"AIC" 12 7254.257 7238.958 7028.286 7057.498 7058.492 6861.23 7056.096 6822.608 6847.528
"BIC" 12 7285.519 7304.088 7127.282 7091.365 7128.832 6968.042 7092.569 6898.158 6962.155
"ICL" 12 7285.519 7304.274 7135.483 7091.365 7129.12 6980.988 7092.569 6909.546 6973.987
"AWE" 12 7376.781 7494.404 7424.48 7190.232 7334.459 7292.8 7199.041 7130.096 7308.615
"AIC" 13 7407.589 7095.492 7085.682 7106.957 6906.67 6911.081 7098.34 6877.652 6901.413
"BIC" 13 7438.851 7160.621 7184.679 7140.824 6977.01 7017.893 7134.812 6953.202 7016.041
"ICL" 13 7438.851 7169.865 7193.485 7140.824 6992.578 7033.375 7134.812 6967.637 7032.015
"AWE" 13 7530.113 7359.995 7482.481 7239.691 7197.918 7345.187 7241.284 7188.187 7366.642
"AIC" 14 7011.895 6706.414 6732.414 6764.538 6582.345 6593.665 6775.726 6552.147 6561.403
"BIC" 14 7043.157 6771.543 6831.411 6798.405 6652.685 6700.477 6812.198 6627.697 6676.031
"ICL" 14 7043.157 6776.327 6836.2 6798.405 6660.539 6708.605 6812.198 6636.049 6681.324
"AWE" 14 7134.419 6966.456 7125.197 6897.273 6865.879 7020.417 6918.671 6856.599 7015.952
"AIC" 15 7524.217 7091.283 7019.927 7166.259 7170.823 6951.964 7194.212 6929.09 6932.673
"BIC" 15 7555.479 7156.412 7118.923 7200.126 7241.163 7058.776 7230.684 7004.64 7047.301
"ICL" 15 7555.479 7158.875 7131.726 7200.126 7241.835 7070.974 7230.684 7019.084 7061.926
"AWE" 15 7646.741 7349.004 7420.723 7298.994 7447.175 7382.786 7337.156 7239.634 7396.553
"AIC" 16 7286.491 7282.844 6972.487 7060.898 7066.644 6884.736 7071.208 6837.532 6855.259
"BIC" 16 7317.753 7347.973 7071.484 7094.765 7136.983 6991.548 7107.681 6913.082 6969.886
"ICL" 16 7317.753 7348.935 7085.061 7094.765 7138.148 7016.986 7107.681 6930.199 6988.35
"AWE" 16 7409.015 7539.064 7374.058 7193.633 7343.488 7328.798 7214.153 7150.749 7322.977
"AIC" 17 7334.021 7069.296 7070.864 7116.398 7060.257 6914.071 7103.956 7119.564 6871.613
"BIC" 17 7365.283 7134.425 7169.86 7150.265 7130.597 7020.883 7140.429 7195.114 6986.241
"ICL" 17 7365.283 7139.784 7174.02 7150.265 7131.975 7024.554 7140.429 7195.512 7000.469
"AWE" 17 7456.545 7329.913 7463.016 7249.132 7337.315 7336.366 7246.901 7416.062 7335.096
"AIC" 18 7241.366 6883.465 6877.188 6984.521 6757.516 6753.021 7003.517 6709.144 6705.549
"BIC" 18 7272.628 6948.594 6976.184 7018.388 6827.856 6859.833 7039.989 6784.694 6820.177
"ICL" 18 7272.628 6953.504 6979.896 7018.388 6830.617 6868.432 7039.989 6792.586 6825.348
"AWE" 18 7363.89 7143.633 7268.892 7117.255 7035.957 7180.244 7146.462 7013.136 7159.976
"AIC" 19 7498.78 7231.874 7004.445 7247.567 7021.106 7023.755 7220.128 6986.58 6993.406
"BIC" 19 7530.042 7297.004 7103.442 7281.434 7091.445 7130.567 7256.6 7062.13 7108.033
"ICL" 19 7530.042 7302.119 7112.833 7281.434 7106.69 7148.72 7256.6 7076.193 7125.391
"AWE" 19 7621.304 7492.249 7401.83 7380.301 7312.03 7460.532 7363.073 7296.743 7460.019
"AIC" 20 7318.644 7327.411 6919.615 6958.696 6967.01 6770.313 6980.496 6722.459 6733.496
"BIC" 20 7349.906 7392.54 7018.611 6992.564 7037.35 6877.125 7016.968 6798.009 6848.124
"ICL" 20 7349.906 7392.993 7021.98 6992.564 7037.444 6893.36 7016.968 6810.442 6860.426
"AWE" 20 7441.168 7583.122 7310.976 7091.431 7242.784 7205.172 7123.44 7030.992 7195.053
"AIC" 21 7078.961 7063.093 6826.912 6860.919 6860.879 6692.797 6876.593 6646.224 6655.809
"BIC" 21 7110.223 7128.222 6925.908 6894.787 6931.218 6799.609 6913.065 6721.774 6770.437
"ICL" 21 7110.223 7128.425 6935.486 6894.787 6931.258 6819.01 6913.065 6737.842 6785.96
"AWE" 21 7201.485 7318.554 7224.482 6993.654 7136.597 7130.822 7019.538 6958.392 7120.587
"AIC" 22 7267.584 6914.132 6909.555 7009.012 7013.489 6765.48 7016.882 6768.213 6737.175
"BIC" 22 7298.846 6979.261 7008.551 7042.879 7083.829 6872.292 7053.354 6843.763 6851.802
"ICL" 22 7298.846 6982.066 7013.279 7042.879 7083.94 6881.968 7053.354 6849.873 6860.918
"AWE" 22 7390.108 7172.195 7302.275 7141.746 7289.28 7193.78 7159.827 7070.423 7195.546
"AIC" 23 7104.997 7069.823 6800.435 6872.969 6889.678 6684.161 6890.343 6637.315 6650.617
"BIC" 23 7136.259 7134.952 6899.431 6906.837 6960.018 6790.973 6926.815 6712.865 6765.244
"ICL" 23 7136.259 7137.477 6909.119 6906.837 6961.069 6805.494 6926.815 6728.027 6777.239
"AWE" 23 7227.521 7327.606 7198.116 7005.704 7166.409 7117.306 7033.288 6948.577 7111.866
"AIC" 24 7460.961 7150.496 7151.837 7198.326 7172.035 6950.838 7179.399 6907.496 6918.378
"BIC" 24 7492.223 7215.625 7250.834 7232.194 7242.374 7057.65 7215.872 6983.046 7033.006
"ICL" 24 7492.223 7219.739 7255.22 7232.194 7246.474 7066.091 7215.872 6987.566 7039.104
"AWE" 24 7583.485 7409.868 7544.216 7331.061 7451.814 7377.903 7322.344 7208.116 7373.732
"AIC" 25 7515.003 7137.157 6911.037 7175.03 6956.117 6930.714 7195.742 6867.633 6886.64
"BIC" 25 7546.265 7202.287 7010.034 7208.897 7026.456 7037.526 7232.214 6943.183 7001.268
"ICL" 25 7546.265 7204.981 7015.119 7208.897 7029.58 7043.221 7232.214 6950.433 7008.384
"AWE" 25 7637.527 7395.11 7304.115 7307.765 7234.92 7355.033 7338.686 7170.983 7343.011
