"CCR" 1 0.75 0.75 0.55
"ARI" 1 0.219178082191781 0.219178082191781 0
"CCR" 2 0.5 0.6 0.65
"ARI" 2 0.330396475770925 0.0214592274678112 0.0648999459167118
"CCR" 3 1 1 0.9
"ARI" 3 1 1 0.606172270842929
"CCR" 4 0.6 0.95 0.8
"ARI" 4 0.620842572062084 0.799555802332038 0.325942350332594
"CCR" 5 0.95 0.95 0.95
"ARI" 5 0.799555802332038 0.799911318035694 0.00880339093576798
"CCR" 6 0.95 1 1
"ARI" 6 0.785246876859013 1 1
"CCR" 7 0.6 0.65 0.85
"ARI" 7 0.0214592274678112 0.0648999459167118 0.464344941956882
"CCR" 8 0.6 0.65 0.65
"ARI" 8 -0.0700876095118899 -0.0700876095118899 -0.0700876095118899
"CCR" 9 0.65 0.85 0.65
"ARI" 9 0.455679137175598 0.455679137175598 0.0163841165092729
"CCR" 10 1 1 0.8
"ARI" 10 1 1 0.330396475770925
"CCR" 11 0.85 0.8 0.7
"ARI" 11 0.455679137175598 0.312916713752966 0.084967320261438
"CCR" 12 0.95 0.85 1
"ARI" 12 0.799020153657722 0.455679137175598 1
"CCR" 13 0.6 0.65 0.65
"ARI" 13 -0.0735676347609901 -0.045751633986928 0.0163841165092729
"CCR" 14 0.75 0.75 0.75
"ARI" 14 0.221226363536999 0.221226363536999 0.221226363536999
"CCR" 15 0.9 0.9 0.95
"ARI" 15 0.80008860338908 0.621010638297872 0.80008860338908
"CCR" 16 0.85 0.95 1
"ARI" 16 0.464344941956882 0.799555802332038 1
"CCR" 17 1 1 1
"ARI" 17 1 1 1
"CCR" 18 0.75 0.75 0.75
"ARI" 18 -0.101975780752072 -0.101975780752072 -0.101975780752072
"CCR" 19 0.9 0.9 0.95
"ARI" 19 0.617663499161543 0.189327568551599 -0.0700876095118899
"CCR" 20 0.8 0.75 0.85
"ARI" 20 0.326241134751773 0.210876066009525 0.0467526739442055
"CCR" 21 0.95 0.95 0.95
"ARI" 21 0.80008860338908 0.80008860338908 0.620842572062084
"CCR" 22 0.8 0.9 0.9
"ARI" 22 0.327508019024444 0.62037962037962 0.62037962037962
"CCR" 23 0.55 0.55 0.9
"ARI" 23 -0.0155490767735665 -0.0155490767735665 0.62037962037962
"CCR" 24 0.85 1 1
"ARI" 24 0.462919853674759 1 1
"CCR" 25 0.85 0.85 0.8
"ARI" 25 0.463395724886477 0.463395724886477 0.328621908127208
"CCR" 26 0.8 0.8 0.8
"ARI" 26 0.328621908127208 0.328621908127208 0.328621908127208
"CCR" 27 0.7 0.7 0.7
"ARI" 27 0.121532364597094 0.121532364597094 0.121532364597094
"CCR" 28 0.9 0.65 1
"ARI" 28 0.62172326070125 -0.0700876095118899 1
"CCR" 29 0.75 0.65 0.75
"ARI" 29 0.221226363536999 0.0665154950869237 0.221226363536999
"CCR" 30 0.85 0.75 0.65
"ARI" 30 0.462919853674759 0.214356599404565 0.055087987758225
"CCR" 31 0.95 0.95 0.65
"ARI" 31 0.799020153657722 0.799020153657722 -0.0700876095118899
"CCR" 32 0.85 0.95 0.95
"ARI" 32 0.462919853674759 0.799911318035694 0.799911318035694
"CCR" 33 0.9 0.8 1
"ARI" 33 0.621513944223108 0.328621908127208 1
"CCR" 34 0.75 0.7 0.65
"ARI" 34 0.219178082191781 0.130718954248366 0.0648999459167118
"CCR" 35 0.95 0.95 1
"ARI" 35 0.799020153657722 0.799020153657722 1
"CCR" 36 0.8 0.8 0.8
"ARI" 36 0.326241134751773 0.326241134751773 0.326241134751773
"CCR" 37 0.95 0.95 0.95
"ARI" 37 0.799911318035694 0.799911318035694 0.799911318035694
"CCR" 38 0.8 0.8 0.95
"ARI" 38 0.327508019024444 0.327508019024444 0.799020153657722
"CCR" 39 0.7 0.75 0.75
"ARI" 39 0.132702967068797 0.221226363536999 0.221226363536999
"CCR" 40 0.85 0.95 0.95
"ARI" 40 0.465762487595104 0.799911318035694 0.799911318035694
"CCR" 41 0.85 0.9 0.9
"ARI" 41 0.461965574680733 0.620842572062084 0.620842572062084
"CCR" 42 0.9 0.9 0.95
"ARI" 42 0.621513944223108 0.621513944223108 0.80008860338908
"CCR" 43 0.8 0.95 0.95
"ARI" 43 0.332235035694673 0.799911318035694 0.799911318035694
"CCR" 44 0.55 0.85 0.75
"ARI" 44 -0.0306849315068493 0.464344941956882 -0.101975780752072
"CCR" 45 0.55 0.75 0.95
"ARI" 45 -0.0155490767735665 0.2155490767735665 0.799555802332038
"CCR" 46 0.95 0.95 1
"ARI" 46 0.799911318035694 0.799911318035694 1
"CCR" 47 0.6 0.75 0.95
"ARI" 47 -0.0070671378091873 0.2457948040510788 0.799911318035694
"CCR" 48 0.8 0.8 0.85
"ARI" 48 0.328621908127208 0.328621908127208 0.5566228513650151
"CCR" 49 0.6 0.9 0.9
"ARI" 49 0.00880339093576798 0.62037962037962 0.62037962037962
"CCR" 50 0.75 0.7 0.9
"ARI" 50 0.199528142905292 0.084967320261438 0.62037962037962
"CCR" 51 0.55 0.55 0.75
"ARI" 51 -0.0155490767735665 -0.0155490767735665 0.221226363536999
"CCR" 52 0.9 0.9 0.85
"ARI" 52 0.62037962037962 0.62172326070125 0.465762487595104
"CCR" 53 0.8 0.8 0.55
"ARI" 53 0.327508019024444 0.327508019024444 -0.0183299389002038
"CCR" 54 0.65 0.7 0.9
"ARI" 54 0.0501043841336118 0.121532364597094 0.621513944223108
"CCR" 55 0.65 0.65 1
"ARI" 55 -0.0735676347609901 -0.0735676347609901 1
"CCR" 56 0.9 1 0.95
"ARI" 56 0.620842572062084 1 0.799555802332038
"CCR" 57 0.6 0.6 0.55
"ARI" 57 0.00880339093576798 0.00880339093576798 -0.0155490767735665
"CCR" 58 0.9 0.75 0.95
"ARI" 58 0.62037962037962 0.2155490767735665 0.799911318035694
"CCR" 59 0.8 0.7 0.9
"ARI" 59 0.274116523400191 0.0472779369627506 0.606172270842929
"CCR" 60 0.7 0.6 0.65
"ARI" 60 0.116865869853918 -0.0457948040510788 0.0467526739442055
"CCR" 61 0.85 0.95 0.8
"ARI" 61 0.455679137175598 0.80008860338908 0.312916713752966
"CCR" 62 0.8 0.85 0.7
"ARI" 62 0.274116523400191 0.432736213558131 0.121145374449339
"CCR" 63 0.85 0.75 0.8
"ARI" 63 0.465762487595104 0.2665154950869237 0.332702967068797
"CCR" 64 0.9 0.9 0.9
"ARI" 64 0.62037962037962 0.62037962037962 0.62037962037962
"CCR" 65 0.95 0.85 0.6
"ARI" 65 0.799555802332038 0.464344941956882 0.0214592274678112
"CCR" 66 0.6 0.6 0.95
"ARI" 66 0.0214592274678112 0.0214592274678112 0.799555802332038
"CCR" 67 0.9 0.85 0.9
"ARI" 67 0.62037962037962 0.462919853674759 0.62037962037962
"CCR" 68 0.8 0.8 0.95
"ARI" 68 0.328621908127208 0.328621908127208 0.785246876859013
"CCR" 69 0.95 0.95 0.6
"ARI" 69 0.799911318035694 0.799555802332038 0.0224032586558044
"CCR" 70 0.9 0.85 0.85
"ARI" 70 0.62037962037962 0.462919853674759 0.462919853674759
"CCR" 71 0.75 0.85 0.65
"ARI" 71 0.212271973466003 0.461965574680733 0.0648999459167118
"CCR" 72 0.9 0.95 0.95
"ARI" 72 0.62037962037962 0.799555802332038 0.799555802332038
"CCR" 73 0.85 0.9 0.9
"ARI" 73 0.464344941956882 0.620842572062084 0.62
"CCR" 74 0.95 0.95 0.85
"ARI" 74 0.80008860338908 0.799911318035694 0.463395724886477
"CCR" 75 0.6 0.6 0.95
"ARI" 75 0.0214592274678112 0.0214592274678112 0.799555802332038
"CCR" 76 0.6 0.7 0.6
"ARI" 76 -0.00396301188903566 0.121532364597094 -0.0457948040510788
"CCR" 77 0.7 0.6 0.6
"ARI" 77 0.130718954248366 0.0214592274678112 0.0214592274678112
"CCR" 78 0.55 0.65 0.95
"ARI" 78 -0.0155490767735665 0.055087987758225 0.799555802332038
"CCR" 79 0.9 0.9 0.95
"ARI" 79 0.620842572062084 0.620842572062084 0.799555802332038
"CCR" 80 0.95 0.95 1
"ARI" 80 0.799911318035694 0.799911318035694 1
"CCR" 81 0.75 0.8 0.8
"ARI" 81 0.214356599404565 0.328621908127208 0.328621908127208
"CCR" 82 0.9 0.7 0.9
"ARI" 82 0.62037962037962 0.123558484349259 0.62037962037962
"CCR" 83 0.7 0.75 0.75
"ARI" 83 0.084967320261438 0.189327568551599 0.189327568551599
"CCR" 84 0.75 0.75 1
"ARI" 84 0.189327568551599 0.189327568551599 1
"CCR" 85 0.85 0.9 0.7
"ARI" 85 0.463395724886477 0.621513944223108 0.118816254416961
"CCR" 86 0.8 0.8 1
"ARI" 86 0.327508019024444 0.327508019024444 1
"CCR" 87 0.95 0.85 0.9
"ARI" 87 0.799911318035694 0.462919853674759 0.621513944223108
"CCR" 88 0.7 0.7 0.55
"ARI" 88 0.132702967068797 0.132702967068797 -0.0279812001311618
"CCR" 89 0.85 0.85 0.95
"ARI" 89 0.464344941956882 0.464344941956882 0.799555802332038
"CCR" 90 0.55 0.6 0.6
"ARI" 90 -0.0155490767735665 0.00880339093576798 0.00880339093576798
"CCR" 91 0.85 0.65 0.95
"ARI" 91 0.462919853674759 0.055087987758225 0.799555802332038
"CCR" 92 0.95 0.7 0.95
"ARI" 92 0.799020153657722 0.0472779369627506 0.799020153657722
"CCR" 93 0.95 0.95 0.9
"ARI" 93 0.795002839295855 0.795002839295855 0.606172270842929
"CCR" 94 0.75 0.75 0.75
"ARI" 94 0.129930394431554 0.129930394431554 0.129930394431554
"CCR" 95 0.85 0.85 0.95
"ARI" 95 0.464344941956882 0.464344941956882 0.799020153657722
"CCR" 96 0.6 0.6 0.6
"ARI" 96 -0.0457948040510788 -0.0370492887859742 -0.0370492887859742
"CCR" 97 0.95 0.95 0.95
"ARI" 97 0.799555802332038 0.799555802332038 0.799555802332038
"CCR" 98 0.9 0.7 0.55
"ARI" 98 0.62037962037962 0.123558484349259 -0.0155490767735665
"CCR" 99 0.95 0.95 0.95
"ARI" 99 0.799020153657722 0.799020153657722 0.799020153657722
"CCR" 100 0.9 0.9 0.95
"ARI" 100 0.62037962037962 0.62037962037962 0.799555802332038
