"AIC" 1 1449.192 1387.193 1413.193 1421.133 1381.494 1403.478 1424.189 1433.867 1405.551
"BIC" 1 1461.141 1412.087 1451.031 1434.077 1408.379 1444.303 1438.129 1462.743 1449.363
"ICL" 1 1461.141 1412.134 1451.078 1434.077 1408.463 1444.562 1438.129 1462.769 1449.554
"AWE" 1 1533.09 1562.027 1678.916 1512.022 1570.348 1690.387 1522.069 1636.645 1713.366
"AIC" 2 1539.234 1501.623 1487.873 1491.76 1495.157 1490.264 1491.314 1496.571 1510.138
"BIC" 2 1551.183 1526.516 1525.71 1504.704 1522.042 1531.089 1505.255 1525.447 1553.95
"ICL" 2 1551.183 1526.806 1526.865 1504.704 1522.139 1531.32 1505.255 1526.38 1554.866
"AWE" 2 1623.132 1676.699 1754.703 1582.649 1684.023 1777.145 1589.195 1700.256 1818.678
"AIC" 3 1328.664 1254.032 1284.521 1265.266 1243.985 1275.655 1281.501 1245.596 1248.858
"BIC" 3 1340.612 1278.926 1322.358 1278.211 1270.87 1316.48 1295.442 1274.472 1292.67
"ICL" 3 1340.612 1278.926 1322.459 1278.211 1270.898 1318.703 1295.442 1274.521 1292.696
"AWE" 3 1412.561 1428.819 1550.297 1356.155 1432.782 1564.528 1379.382 1448.397 1556.509
"AIC" 4 1437.731 1362.696 1357.807 1383.368 1339.509 1351.071 1391.224 1349.429 1349.11
"BIC" 4 1449.68 1387.589 1395.645 1396.313 1366.394 1391.897 1405.164 1378.305 1392.923
"ICL" 4 1449.68 1388.2 1395.906 1396.313 1367.774 1392.671 1405.164 1379.429 1393.073
"AWE" 4 1521.629 1538.093 1623.744 1474.257 1529.658 1638.496 1489.104 1553.305 1656.885
"AIC" 5 1393.692 1368.647 1371.962 1379.079 1327.919 1373.387 1379.664 1372.614 1343.813
"BIC" 5 1405.64 1393.54 1409.8 1392.024 1354.804 1414.212 1393.605 1401.49 1387.625
"ICL" 5 1405.64 1394.191 1410.197 1392.024 1354.81 1415.06 1393.605 1401.591 1387.832
"AWE" 5 1477.589 1544.084 1638.035 1469.968 1516.695 1660.885 1477.545 1575.468 1651.644
"AIC" 6 1544.316 1538.715 1510.778 1480.794 1460.929 1467.01 1474.325 1452.155 1463.487
"BIC" 6 1556.265 1563.609 1548.616 1493.738 1487.814 1507.835 1488.265 1481.032 1507.299
"ICL" 6 1556.265 1563.705 1549.192 1493.738 1487.885 1507.97 1488.265 1481.151 1507.366
"AWE" 6 1628.214 1713.598 1777.03 1571.683 1649.77 1753.795 1572.206 1655.028 1771.178
"AIC" 7 1470.763 1481.482 1423.669 1425.633 1421.871 1402.094 1430.188 1403.329 1405.469
"BIC" 7 1482.712 1506.375 1461.507 1438.577 1448.756 1442.919 1444.128 1432.205 1449.282
"ICL" 7 1482.712 1506.639 1461.989 1438.577 1449.58 1443.165 1444.128 1432.613 1449.727
"AWE" 7 1554.66 1656.532 1689.827 1516.522 1611.465 1688.99 1528.068 1606.489 1713.539
"AIC" 8 1444.038 1434.67 1392.229 1366.141 1377.004 1344.254 1363.936 1389.038 1353.88
"BIC" 8 1455.987 1459.563 1430.067 1379.085 1403.889 1385.079 1377.876 1417.914 1397.692
"ICL" 8 1455.987 1459.576 1430.228 1379.085 1403.989 1386.926 1377.876 1418.587 1398.276
"AWE" 8 1527.936 1609.469 1658.065 1457.03 1565.873 1632.751 1461.817 1592.463 1662.088
"AIC" 9 1508.897 1469.167 1478.128 1463.328 1428.576 1430.649 1460.48 1478 1439.679
"BIC" 9 1520.846 1494.061 1515.966 1476.272 1455.461 1471.474 1474.421 1506.876 1483.491
"ICL" 9 1520.846 1494.065 1515.976 1476.272 1455.461 1472.568 1474.421 1507.229 1485.106
"AWE" 9 1592.795 1643.958 1743.814 1554.217 1617.346 1718.393 1558.361 1681.105 1748.918
"AIC" 10 1340.925 1288.629 1314.629 1319.226 1288.972 1287.763 1321.055 1303.59 1282.475
"BIC" 10 1352.873 1313.523 1352.467 1332.17 1315.856 1328.588 1334.995 1332.466 1326.288
"ICL" 10 1352.873 1314.027 1352.968 1332.17 1316.44 1328.825 1334.995 1332.979 1326.386
"AWE" 10 1424.822 1463.921 1580.806 1410.115 1478.325 1574.65 1418.936 1506.855 1590.198
"AIC" 11 1345.908 1314.843 1311.109 1341.544 1324.528 1312.221 1343.094 1360.579 1317.67
"BIC" 11 1357.856 1339.736 1348.947 1354.488 1351.413 1353.046 1357.034 1389.456 1361.482
"ICL" 11 1357.856 1339.758 1349.012 1354.488 1351.427 1353.358 1357.034 1389.508 1361.509
"AWE" 11 1429.805 1489.651 1576.85 1432.433 1513.312 1599.183 1440.974 1563.385 1625.322
"AIC" 12 1560.264 1482.088 1478.138 1501.17 1472.999 1483.458 1499.692 1445.931 1452.912
"BIC" 12 1572.213 1506.981 1515.976 1514.115 1499.884 1524.283 1513.632 1474.807 1496.724
"ICL" 12 1572.213 1506.991 1516.716 1514.115 1499.912 1526.417 1513.632 1474.883 1497.751
"AWE" 12 1644.161 1656.884 1744.554 1592.059 1661.797 1772.242 1597.572 1648.759 1761.563
"AIC" 13 1434.477 1409.34 1387.647 1340.031 1358.875 1333.399 1344.392 1349.171 1337.985
"BIC" 13 1446.426 1434.234 1425.485 1352.976 1385.759 1374.224 1358.332 1378.047 1381.797
"ICL" 13 1446.426 1434.32 1425.802 1352.976 1386.186 1374.956 1358.332 1378.272 1382.454
"AWE" 13 1518.375 1584.213 1653.64 1430.92 1548.071 1620.781 1442.272 1552.149 1646.267
"AIC" 14 1512.991 1475.243 1473.456 1484.698 1464.03 1448.946 1481.942 1481.598 1479.589
"BIC" 14 1524.94 1500.137 1511.294 1497.642 1490.915 1489.772 1495.883 1510.475 1523.402
"ICL" 14 1524.94 1500.139 1511.857 1497.642 1490.922 1490.24 1495.883 1511.102 1524.04
"AWE" 14 1596.888 1650.033 1739.695 1575.587 1652.807 1736.065 1579.823 1684.979 1787.852
"AIC" 15 1488.966 1470.411 1473.077 1458.447 1436.407 1459.097 1461.52 1432.032 1453.445
"BIC" 15 1500.915 1495.304 1510.915 1471.392 1463.292 1499.922 1475.46 1460.908 1497.258
"ICL" 15 1500.915 1496.131 1511.037 1471.392 1464.999 1502.646 1475.46 1461.554 1498.386
"AWE" 15 1572.864 1646.024 1738.875 1549.336 1626.883 1748.471 1559.4 1635.43 1762.198
"AIC" 16 1425.968 1405.414 1466.981 1403.507 1372.082 1414.711 1400.239 1365.74 1381.443
"BIC" 16 1437.917 1430.307 1504.819 1416.452 1398.967 1455.536 1414.179 1394.616 1425.256
"ICL" 16 1437.917 1430.826 1504.819 1416.452 1399.254 1456.038 1414.179 1395.034 1425.518
"AWE" 16 1509.866 1580.719 1732.657 1494.396 1561.138 1701.863 1498.119 1568.91 1689.33
"AIC" 17 1315.187 1255.352 1247.613 1290.406 1253.079 1259.84 1294.081 1253.15 1271.073
"BIC" 17 1327.135 1280.245 1285.45 1303.351 1279.964 1300.665 1308.021 1282.026 1314.886
"ICL" 17 1327.135 1280.258 1286.433 1303.351 1279.972 1301.861 1308.021 1282.03 1314.893
"AWE" 17 1399.084 1430.151 1514.271 1381.295 1441.856 1547.686 1391.961 1455.906 1578.705
"AIC" 18 1522.149 1504.795 1399.036 1367.027 1382.15 1378.255 1357.77 1369.433 1374.271
"BIC" 18 1534.097 1529.688 1436.874 1379.971 1409.035 1419.08 1371.71 1398.309 1418.083
"ICL" 18 1534.097 1529.702 1436.914 1379.971 1409.645 1419.153 1371.71 1398.552 1418.255
"AWE" 18 1606.046 1679.595 1664.752 1457.916 1571.529 1664.978 1455.651 1572.428 1682.068
"AIC" 19 1418.76 1374.705 1373.649 1389.173 1381.585 1367.378 1395.294 1401.363 1364.472
"BIC" 19 1430.709 1399.598 1411.487 1402.118 1408.47 1408.203 1409.234 1430.239 1408.284
"ICL" 19 1430.709 1399.612 1411.697 1402.118 1408.474 1408.459 1409.234 1430.404 1408.498
"AWE" 19 1502.658 1549.505 1639.535 1480.062 1570.358 1654.284 1493.174 1604.28 1672.31
"AIC" 20 1522.159 1449.864 1475.864 1471.797 1451.217 1457.439 1478.499 1484.541 1448.407
"BIC" 20 1534.107 1474.757 1513.702 1484.742 1478.101 1498.264 1492.44 1513.417 1492.22
"ICL" 20 1534.107 1474.831 1513.775 1484.742 1478.219 1498.978 1492.44 1513.755 1493.159
"AWE" 20 1606.056 1624.724 1741.613 1562.686 1640.104 1744.803 1576.38 1687.631 1756.971
"AIC" 21 1514.676 1460.592 1447.47 1453.183 1431.562 1438.71 1458.484 1424.315 1432.413
"BIC" 21 1526.625 1485.485 1485.308 1466.127 1458.447 1479.535 1472.424 1453.191 1476.226
"ICL" 21 1526.625 1485.617 1485.633 1466.127 1460.32 1482.136 1472.424 1456.435 1478.546
"AWE" 21 1598.574 1635.51 1713.471 1544.072 1622.205 1727.961 1556.364 1630.312 1742.358
"AIC" 22 1580.631 1516.155 1515.317 1513.166 1495.142 1507.289 1510.035 1484.748 1500.801
"BIC" 22 1592.58 1541.048 1553.155 1526.11 1522.026 1548.114 1523.975 1513.625 1544.614
"ICL" 22 1592.58 1541.193 1554.56 1526.11 1522.626 1548.978 1523.975 1514.374 1545.454
"AWE" 22 1664.529 1691.086 1782.398 1604.055 1684.511 1794.803 1607.915 1688.25 1809.266
"AIC" 23 1480.023 1480.362 1441.832 1452.02 1460.748 1410.802 1451.84 1412.762 1412.567
"BIC" 23 1491.971 1505.255 1479.669 1464.965 1487.633 1451.627 1465.78 1441.638 1456.379
"ICL" 23 1491.971 1505.29 1479.827 1464.965 1487.757 1452.054 1465.78 1443.016 1456.594
"AWE" 23 1563.92 1655.183 1707.665 1542.909 1649.642 1697.879 1549.72 1616.892 1720.406
"AIC" 24 1444.467 1382.846 1408.846 1404.931 1356.889 1383.351 1402.509 1348.154 1370.969
"BIC" 24 1456.416 1407.739 1446.684 1417.875 1383.774 1424.176 1416.449 1377.03 1414.781
"ICL" 24 1456.416 1407.855 1446.8 1417.875 1384.139 1427.42 1416.449 1377.335 1416.406
"AWE" 24 1528.364 1557.749 1674.638 1495.82 1546.024 1673.245 1500.389 1551.211 1680.218
"AIC" 25 1408.05 1364.283 1357.925 1382.665 1360.862 1367.804 1390.096 1374.694 1373.527
"BIC" 25 1419.999 1389.176 1395.762 1395.609 1387.746 1408.629 1404.036 1403.57 1417.34
"ICL" 25 1419.999 1389.786 1396.999 1395.609 1388.151 1409.803 1404.036 1403.59 1418.532
"AWE" 25 1491.948 1539.679 1624.837 1473.554 1550.036 1655.628 1487.976 1577.467 1682.344
"AIC" 26 1476.06 1455.598 1430.785 1434.012 1434.61 1405.135 1424.118 1442.686 1411.084
"BIC" 26 1488.009 1480.491 1468.623 1446.957 1461.495 1445.96 1438.059 1471.563 1454.897
"ICL" 26 1488.009 1480.55 1468.859 1446.957 1461.504 1447.173 1438.059 1471.898 1456.407
"AWE" 26 1559.957 1630.443 1696.697 1524.901 1623.389 1692.998 1521.999 1645.774 1720.219
"AIC" 27 1515.456 1478.691 1463.999 1443.02 1453.659 1429.065 1440.859 1454.266 1471.927
"BIC" 27 1527.405 1503.585 1501.837 1455.965 1480.544 1469.89 1454.799 1483.142 1515.739
"ICL" 27 1527.405 1503.586 1502.057 1455.965 1480.699 1472.028 1454.799 1483.253 1516.823
"AWE" 27 1599.354 1653.479 1729.895 1533.909 1642.583 1717.853 1538.74 1657.13 1780.635
"AIC" 28 1420.267 1288.225 1266.188 1311.907 1313.753 1276.441 1329.059 1247.632 1276.884
"BIC" 28 1432.216 1313.118 1304.025 1324.851 1340.638 1317.266 1342.999 1276.508 1320.696
"ICL" 28 1432.216 1313.124 1304.177 1324.851 1340.648 1317.595 1342.999 1277.081 1322.57
"AWE" 28 1504.165 1463.018 1532.015 1402.796 1502.533 1563.42 1426.94 1450.957 1586.382
"AIC" 29 1497.802 1451.271 1426.306 1438.367 1415.167 1428.162 1434.048 1403.986 1403.956
"BIC" 29 1509.75 1476.164 1464.144 1451.312 1442.052 1468.987 1447.988 1432.862 1447.769
"ICL" 29 1509.75 1476.167 1465.282 1451.312 1442.118 1469.288 1447.988 1432.989 1448.104
"AWE" 29 1581.699 1626.06 1693.12 1529.256 1604.003 1715.113 1531.928 1606.866 1711.916
"AIC" 30 1536.789 1478.107 1516.499 1478.205 1470.759 1472.449 1484.63 1472.223 1493.476
"BIC" 30 1548.737 1503 1554.336 1491.149 1497.644 1513.274 1498.57 1501.099 1537.288
"ICL" 30 1548.737 1504.078 1554.733 1491.149 1499.227 1513.579 1498.57 1501.222 1540.952
"AWE" 30 1620.686 1653.971 1782.571 1569.094 1661.112 1759.404 1582.51 1675.098 1804.764
"AIC" 31 1298.67 1251.213 1259.229 1301.173 1255.869 1255.546 1302.675 1317.542 1260.362
"BIC" 31 1310.619 1276.106 1297.066 1314.118 1282.754 1296.371 1316.615 1346.418 1304.174
"ICL" 31 1310.619 1276.113 1297.072 1314.118 1282.764 1297.324 1316.615 1346.574 1304.984
"AWE" 31 1382.568 1426.006 1524.91 1392.062 1444.649 1543.149 1400.555 1520.45 1568.797
"AIC" 32 1424.512 1361.421 1374.906 1391.746 1334.097 1356.229 1387.862 1344.6 1349.585
"BIC" 32 1436.461 1386.314 1412.744 1404.691 1360.982 1397.054 1401.802 1373.476 1393.397
"ICL" 32 1436.461 1386.953 1414.701 1404.691 1362.45 1398.859 1401.802 1373.49 1394.685
"AWE" 32 1508.41 1536.847 1642.539 1482.635 1524.335 1644.684 1485.742 1547.366 1658.498
"AIC" 33 1509.15 1458.984 1484.984 1433.108 1424.474 1404.372 1434.643 1402.834 1417.852
"BIC" 33 1521.098 1483.877 1522.822 1446.053 1451.359 1445.197 1448.583 1431.711 1461.664
"ICL" 33 1521.098 1483.971 1522.917 1446.053 1451.527 1445.882 1448.583 1433.198 1463.235
"AWE" 33 1593.047 1633.864 1750.755 1523.998 1613.412 1691.707 1532.524 1607.075 1727.047
"AIC" 34 1456.937 1443.367 1444.97 1444.168 1445.587 1455.687 1442.44 1445.375 1442.939
"BIC" 34 1468.886 1468.26 1482.808 1457.112 1472.472 1496.512 1456.38 1474.251 1486.751
"ICL" 34 1468.886 1469.381 1484.897 1457.112 1474.118 1498.423 1456.38 1475.121 1487.163
"AWE" 34 1540.834 1619.274 1712.734 1535.057 1636.003 1744.248 1540.321 1648.997 1750.975
"AIC" 35 1374.386 1321.561 1338.24 1350.806 1310.139 1331.288 1348.606 1307.88 1322.163
"BIC" 35 1386.335 1346.454 1376.078 1363.75 1337.023 1372.113 1362.547 1336.756 1365.975
"ICL" 35 1386.335 1346.662 1377.397 1363.75 1337.11 1372.338 1362.547 1338.58 1367.4
"AWE" 35 1458.284 1496.556 1605.235 1441.695 1498.995 1618.163 1446.487 1512.456 1631.212
"AIC" 36 1458.281 1410.141 1426.816 1404.858 1384.648 1399.3 1402.151 1384.918 1400.123
"BIC" 36 1470.23 1435.034 1464.653 1417.803 1411.532 1440.125 1416.092 1413.794 1443.935
"ICL" 36 1470.23 1435.21 1464.767 1417.803 1412.145 1441.173 1416.092 1413.813 1444.355
"AWE" 36 1542.179 1585.103 1692.604 1495.747 1574.03 1686.998 1500.032 1587.689 1708.168
"AIC" 37 1414.01 1368.512 1398.67 1388.262 1339.777 1354.311 1384.045 1344.741 1342.533
"BIC" 37 1425.959 1393.405 1436.508 1401.207 1366.662 1395.136 1397.985 1373.618 1386.345
"ICL" 37 1425.959 1393.699 1436.53 1401.207 1367.094 1396.389 1397.985 1374.527 1387.725
"AWE" 37 1497.907 1543.592 1664.368 1479.151 1528.979 1642.214 1481.925 1548.403 1651.537
"AIC" 38 1423.792 1391.46 1426.924 1391.878 1389.137 1399.299 1390.142 1382.709 1398.426
"BIC" 38 1435.741 1416.354 1464.762 1404.823 1416.022 1440.124 1404.082 1411.586 1442.238
"ICL" 38 1435.741 1416.756 1464.848 1404.823 1416.61 1440.692 1404.082 1413.002 1446.546
"AWE" 38 1507.69 1566.649 1692.685 1482.768 1578.495 1686.517 1488.022 1586.878 1710.358
"AIC" 39 1502.278 1478.956 1462.458 1450.326 1435.549 1425.882 1437.17 1427.818 1422.103
"BIC" 39 1514.227 1503.849 1500.296 1463.27 1462.434 1466.707 1451.11 1456.694 1465.915
"ICL" 39 1514.227 1503.874 1500.667 1463.27 1462.944 1467.51 1451.11 1456.838 1466.946
"AWE" 39 1586.176 1653.767 1728.505 1541.215 1624.828 1713.335 1535.051 1630.714 1730.758
"AIC" 40 1570.305 1502.864 1563.612 1521.989 1495.294 1513.592 1513.765 1531.328 1495.267
"BIC" 40 1582.253 1527.757 1601.45 1534.933 1522.179 1554.417 1527.705 1560.204 1539.079
"ICL" 40 1582.253 1527.769 1601.482 1534.933 1523.052 1555.441 1527.705 1560.217 1541.516
"AWE" 40 1654.202 1677.662 1829.319 1612.878 1684.937 1801.266 1611.646 1734.093 1805.328
"AIC" 41 1525.011 1475.073 1469.662 1457.287 1446.849 1453.701 1462.364 1458.735 1442.664
"BIC" 41 1536.96 1499.966 1507.499 1470.232 1473.734 1494.526 1476.305 1487.611 1486.476
"ICL" 41 1536.96 1501.345 1509.119 1470.232 1474.388 1496.979 1476.305 1487.612 1486.84
"AWE" 41 1608.909 1651.238 1736.957 1548.176 1636.273 1742.804 1560.245 1661.488 1750.652
"AIC" 42 1452.97 1410.209 1436.209 1440.369 1406.304 1419.693 1440.402 1407.76 1441.908
"BIC" 42 1464.918 1435.102 1474.047 1453.313 1433.189 1460.518 1454.342 1436.636 1485.72
"ICL" 42 1464.918 1435.173 1474.118 1453.313 1433.243 1460.838 1454.342 1437.294 1487.202
"AWE" 42 1536.867 1585.067 1701.955 1531.258 1595.127 1706.663 1538.282 1611.17 1751.014
"AIC" 43 1503.555 1414.752 1438.281 1422.194 1367.345 1380.379 1429.638 1381.869 1393.925
"BIC" 43 1515.503 1439.646 1476.119 1435.139 1394.229 1421.204 1443.578 1410.745 1437.737
"ICL" 43 1515.503 1439.646 1476.276 1435.139 1394.796 1422.655 1443.578 1410.749 1438.325
"AWE" 43 1587.452 1589.54 1704.114 1513.083 1556.681 1668.48 1527.519 1584.625 1702.137
"AIC" 44 1477.513 1428.323 1454.323 1420.266 1408.915 1418.487 1414.208 1432.793 1403.735
"BIC" 44 1489.461 1453.216 1492.161 1433.211 1435.8 1459.312 1428.148 1461.669 1447.548
"ICL" 44 1489.461 1454.302 1493.142 1433.211 1437.954 1461.701 1428.148 1462.505 1447.726
"AWE" 44 1561.41 1604.196 1720.98 1511.155 1599.839 1707.526 1512.088 1636.381 1711.538
"AIC" 45 1482.724 1463.697 1440.699 1408.146 1422.625 1390.137 1436.543 1381.846 1396.028
"BIC" 45 1494.673 1488.59 1478.536 1421.091 1449.51 1430.962 1450.484 1410.722 1439.84
"ICL" 45 1494.673 1488.59 1479.321 1421.091 1449.987 1432.343 1450.484 1411.533 1440.722
"AWE" 45 1566.622 1638.484 1707.159 1499.035 1611.872 1678.168 1534.424 1585.409 1704.534
"AIC" 46 1353.337 1286.314 1312.313 1332.425 1277.423 1317.018 1330.902 1273.913 1371.999
"BIC" 46 1365.286 1311.207 1350.151 1345.37 1304.308 1357.843 1344.843 1302.789 1415.811
"ICL" 46 1365.286 1311.311 1350.255 1345.37 1304.351 1358.626 1344.843 1304.11 1417.923
"AWE" 46 1437.235 1461.205 1578.093 1423.314 1466.236 1604.451 1428.783 1477.986 1681.735
"AIC" 47 1480.65 1454.589 1443.705 1431.216 1438.36 1394.565 1426.118 1396.852 1414.317
"BIC" 47 1492.599 1479.482 1481.543 1444.161 1465.245 1435.39 1440.058 1425.728 1458.13
"ICL" 47 1492.599 1479.537 1482.996 1444.161 1465.301 1436.368 1440.058 1425.89 1458.398
"AWE" 47 1564.547 1629.431 1710.834 1522.105 1627.186 1682.193 1523.999 1599.766 1722.21
"AIC" 48 1518.084 1385.952 1391.975 1416.001 1388.501 1391.809 1411.401 1399.048 1391.194
"BIC" 48 1530.033 1410.846 1429.813 1428.946 1415.386 1432.634 1425.341 1427.924 1435.006
"ICL" 48 1530.033 1410.848 1429.818 1428.946 1415.39 1432.805 1425.341 1428.976 1435.611
"AWE" 48 1601.981 1560.742 1657.656 1506.89 1577.275 1678.63 1509.282 1602.852 1699.423
"AIC" 49 1352.87 1330.537 1312.657 1337.594 1282.656 1294.713 1337.365 1349.609 1303.857
"BIC" 49 1364.819 1355.431 1350.495 1350.538 1309.541 1335.538 1351.305 1378.485 1347.669
"ICL" 49 1364.819 1355.448 1350.722 1350.538 1309.72 1335.676 1351.305 1378.851 1348.11
"AWE" 49 1436.767 1505.342 1578.56 1428.483 1471.604 1581.501 1435.245 1552.728 1611.922
"AIC" 50 1465.174 1434.047 1356.326 1428.297 1436.655 1366.194 1427.104 1367.595 1365.085
"BIC" 50 1477.123 1458.941 1394.164 1441.242 1463.54 1407.019 1441.044 1396.471 1408.897
"ICL" 50 1477.123 1459.216 1394.238 1441.242 1463.685 1407.05 1441.044 1396.777 1408.94
"AWE" 50 1549.072 1609.109 1622.076 1519.187 1625.57 1652.875 1524.985 1570.654 1672.753
"AIC" 51 1545.039 1515.949 1485.174 1473.337 1470.155 1476.572 1470.693 1460.8 1478.202
"BIC" 51 1556.988 1540.842 1523.012 1486.282 1497.04 1517.397 1484.633 1489.676 1522.015
"ICL" 51 1556.988 1540.842 1523.36 1486.282 1497.236 1517.609 1484.633 1489.687 1523.543
"AWE" 51 1628.937 1690.735 1751.198 1564.226 1659.121 1763.434 1568.573 1663.563 1787.355
"AIC" 52 1390.796 1353.237 1379.238 1356.906 1319.347 1318.184 1360.897 1327.049 1362.017
"BIC" 52 1402.745 1378.131 1417.075 1369.851 1346.232 1359.009 1374.837 1355.925 1405.829
"ICL" 52 1402.745 1379.425 1418.37 1369.851 1346.3 1359.067 1374.837 1355.943 1406.824
"AWE" 52 1474.693 1529.318 1646.208 1447.795 1508.185 1604.892 1458.777 1529.82 1670.636
"AIC" 53 1417.102 1378.322 1404.322 1395.865 1374.561 1399.124 1399.032 1416.076 1397.231
"BIC" 53 1429.051 1403.215 1442.159 1408.809 1401.446 1439.949 1412.972 1444.952 1441.044
"ICL" 53 1429.051 1403.383 1442.327 1408.809 1401.833 1440.683 1412.972 1444.971 1442.512
"AWE" 53 1501 1553.277 1670.165 1486.754 1563.718 1686.508 1496.913 1618.847 1706.324
"AIC" 54 1423.314 1429.887 1380.705 1401.05 1393.705 1380.574 1396.279 1368.33 1391.005
"BIC" 54 1435.263 1454.78 1418.543 1413.995 1420.59 1421.399 1410.22 1397.206 1434.818
"ICL" 54 1435.263 1454.815 1421.01 1413.995 1420.591 1422.954 1410.22 1397.241 1435.513
"AWE" 54 1507.212 1604.709 1648.848 1491.939 1582.476 1668.779 1494.16 1571.117 1699.325
"AIC" 55 1344.858 1338.937 1323.752 1305.571 1311.435 1317.039 1308.257 1274.484 1288.841
"BIC" 55 1356.807 1363.83 1361.59 1318.516 1338.32 1357.864 1322.197 1303.36 1332.653
"ICL" 55 1356.807 1363.916 1361.924 1318.516 1338.552 1359.049 1322.197 1303.443 1332.837
"AWE" 55 1428.755 1513.81 1589.762 1396.46 1500.436 1604.874 1406.138 1477.319 1596.649
"AIC" 56 1512.783 1429.423 1455.423 1446.525 1397.917 1414.509 1447.804 1388.915 1453.415
"BIC" 56 1524.732 1454.316 1493.26 1459.47 1424.802 1455.334 1461.745 1417.791 1497.227
"ICL" 56 1524.732 1454.327 1493.271 1459.47 1426.119 1456.628 1461.745 1418.778 1497.819
"AWE" 56 1596.681 1604.22 1721.109 1537.415 1588.003 1702.453 1545.685 1592.654 1761.631
"AIC" 57 1391.448 1371.643 1364.686 1365.018 1358.142 1340.411 1363.052 1377.749 1346.791
"BIC" 57 1403.396 1396.536 1402.524 1377.963 1385.027 1381.236 1376.992 1406.626 1390.604
"ICL" 57 1403.396 1396.543 1402.753 1377.963 1385.048 1381.34 1376.992 1406.983 1390.713
"AWE" 57 1475.345 1546.436 1630.591 1455.907 1546.933 1627.165 1460.932 1580.859 1654.525
"AIC" 58 1519.652 1441.61 1467.335 1453.478 1467.712 1447.704 1454.593 1430.715 1425.683
"BIC" 58 1531.601 1466.504 1505.173 1466.423 1494.597 1488.529 1468.533 1459.591 1469.495
"ICL" 58 1531.601 1466.632 1505.217 1466.423 1495.095 1488.988 1468.533 1461.903 1469.652
"AWE" 58 1603.55 1616.525 1733.055 1544.367 1656.979 1734.813 1552.474 1635.779 1733.465
"AIC" 59 1481.884 1467.988 1474.265 1453.627 1463.412 1428.796 1451.057 1430.561 1424.951
"BIC" 59 1493.833 1492.882 1512.103 1466.572 1490.297 1469.621 1464.997 1459.437 1468.763
"ICL" 59 1493.833 1492.882 1512.11 1466.572 1490.599 1472.125 1464.997 1459.465 1470.388
"AWE" 59 1565.781 1642.776 1739.948 1544.517 1652.483 1717.95 1548.937 1633.341 1734.201
"AIC" 60 1554.778 1488.592 1485.593 1473.672 1474.813 1491.839 1473.479 1477.231 1465.168
"BIC" 60 1566.727 1513.485 1523.431 1486.617 1501.698 1532.664 1487.42 1506.107 1508.98
"ICL" 60 1566.727 1513.516 1523.582 1486.617 1501.71 1532.874 1487.42 1506.598 1509.839
"AWE" 60 1638.676 1663.409 1751.42 1564.561 1663.595 1778.699 1571.36 1680.474 1773.651
"AIC" 61 1507.516 1498.548 1490.331 1485.212 1459.332 1472.043 1479.424 1477.411 1478.7
"BIC" 61 1519.464 1523.441 1528.169 1498.157 1486.216 1512.868 1493.364 1506.288 1522.512
"ICL" 61 1519.464 1523.608 1529.059 1498.157 1486.803 1514.096 1493.364 1506.537 1524.333
"AWE" 61 1591.413 1673.501 1756.897 1576.102 1648.687 1759.921 1577.305 1680.413 1788.145
"AIC" 62 1539.421 1538.676 1527.923 1515.997 1522.396 1514.488 1511.204 1490.656 1510.324
"BIC" 62 1551.369 1563.57 1565.761 1528.941 1549.28 1555.313 1525.145 1519.532 1554.136
"ICL" 62 1551.369 1563.587 1568.258 1528.941 1549.378 1556.685 1525.145 1523.121 1554.887
"AWE" 62 1623.318 1713.481 1796.096 1606.886 1711.263 1802.51 1609.085 1696.997 1818.699
"AIC" 63 1431.476 1392.409 1395.257 1389.828 1395.968 1364.282 1393.529 1395.698 1395.413
"BIC" 63 1443.425 1417.302 1433.094 1402.773 1422.853 1405.107 1407.469 1424.574 1439.225
"ICL" 63 1443.425 1417.791 1433.594 1402.773 1422.887 1405.442 1407.469 1424.734 1439.387
"AWE" 63 1515.374 1567.684 1661.431 1480.717 1584.772 1651.268 1491.41 1598.61 1703.199
"AIC" 64 1544.732 1430.379 1434.566 1435.914 1407.608 1424.018 1438.462 1456.741 1454.637
"BIC" 64 1556.681 1455.273 1472.404 1448.859 1434.493 1464.843 1452.402 1485.617 1498.45
"ICL" 64 1556.681 1455.281 1472.927 1448.859 1434.538 1464.993 1452.402 1485.792 1498.564
"AWE" 64 1628.63 1605.175 1700.765 1526.803 1596.423 1710.818 1536.342 1659.669 1762.376
"AIC" 65 1498.802 1426.74 1392.592 1406.385 1388.146 1412.656 1403.133 1409.783 1388.685
"BIC" 65 1510.75 1451.633 1430.429 1419.33 1415.03 1453.481 1417.073 1438.659 1432.497
"ICL" 65 1510.75 1451.706 1430.728 1419.33 1415.998 1454.505 1417.073 1438.672 1433.686
"AWE" 65 1582.699 1601.6 1658.566 1497.275 1577.883 1700.33 1501.014 1612.548 1697.498
"AIC" 66 1506.972 1505.936 1481.639 1464.243 1470.065 1456.135 1465.438 1440.716 1458.692
"BIC" 66 1518.921 1530.83 1519.476 1477.187 1496.95 1496.961 1479.378 1469.592 1502.504
"ICL" 66 1518.921 1530.843 1521.519 1477.187 1496.981 1499.763 1479.378 1470.11 1503.289
"AWE" 66 1590.869 1680.736 1749.356 1555.132 1658.866 1745.588 1563.318 1643.986 1767.101
"AIC" 67 1465.088 1413.61 1439.61 1422.229 1392.103 1401.832 1423.892 1385.807 1426.334
"BIC" 67 1477.037 1438.504 1477.448 1435.174 1418.988 1442.657 1437.833 1414.683 1470.146
"ICL" 67 1477.037 1439.644 1478.588 1435.174 1420.161 1444.064 1437.833 1416.495 1471.95
"AWE" 67 1548.985 1589.537 1706.426 1513.118 1582.046 1689.889 1521.773 1590.372 1735.763
"AIC" 68 1485.043 1393.678 1419.678 1389.172 1387.872 1390.899 1393.568 1368.953 1384.24
"BIC" 68 1496.992 1418.572 1457.516 1402.117 1414.756 1431.724 1407.509 1397.829 1428.052
"ICL" 68 1496.992 1418.718 1457.663 1402.117 1416.127 1432.144 1407.509 1397.866 1428.21
"AWE" 68 1568.941 1568.612 1685.501 1480.062 1578.012 1677.969 1491.449 1571.742 1692.022
"AIC" 69 1506.754 1483.988 1508.34 1456.451 1449.856 1473.569 1467.005 1482.352 1466.698
"BIC" 69 1518.703 1508.881 1546.178 1469.396 1476.741 1514.394 1480.945 1511.228 1510.51
"ICL" 69 1518.703 1509.041 1546.941 1469.396 1478.131 1516.52 1480.945 1511.26 1511.345
"AWE" 69 1590.652 1658.935 1774.779 1547.34 1640.015 1762.345 1564.886 1685.136 1775.158
"AIC" 70 1456.821 1384.858 1368.27 1395.619 1369.675 1387.032 1393.942 1368.16 1376.33
"BIC" 70 1468.77 1409.752 1406.108 1408.564 1396.56 1427.857 1407.882 1397.036 1420.142
"ICL" 70 1468.77 1409.786 1406.147 1408.564 1396.649 1428.833 1407.882 1397.238 1420.412
"AWE" 70 1540.719 1559.679 1633.984 1486.508 1558.534 1674.658 1491.822 1571.115 1684.224
"AIC" 71 1573.155 1513.479 1539.201 1524.038 1512.895 1540.962 1525.333 1538.593 1555.248
"BIC" 71 1585.104 1538.372 1577.039 1536.982 1539.78 1581.787 1539.274 1567.469 1599.06
"ICL" 71 1585.104 1538.541 1578.74 1536.982 1544.718 1581.904 1539.274 1568.006 1601.902
"AWE" 71 1657.053 1688.434 1806.578 1614.927 1706.603 1827.729 1623.214 1741.882 1865.714
"AIC" 72 1426.165 1413.874 1398.478 1339.375 1299.945 1317.173 1328.763 1280.71 1305.304
"BIC" 72 1438.114 1438.767 1436.316 1352.32 1326.83 1357.998 1342.703 1309.586 1349.116
"ICL" 72 1438.114 1441.687 1436.622 1352.32 1327.65 1358.426 1342.703 1310.212 1349.936
"AWE" 72 1510.063 1591.581 1664.46 1430.264 1489.535 1604.251 1426.643 1484.088 1613.748
"AIC" 73 1510.768 1428.976 1453.718 1434.649 1402.224 1409.213 1441.272 1392.103 1405.744
"BIC" 73 1522.717 1453.869 1491.556 1447.594 1429.109 1450.038 1455.213 1420.979 1449.557
"ICL" 73 1522.717 1453.879 1491.583 1447.594 1429.16 1450.676 1455.213 1421.604 1449.854
"AWE" 73 1594.666 1603.772 1719.421 1525.538 1591.045 1696.501 1539.153 1595.48 1713.666
"AIC" 74 1410.071 1359.588 1360.503 1390.862 1342.124 1364.408 1390.038 1348.642 1347.436
"BIC" 74 1422.02 1384.481 1398.341 1403.806 1369.009 1405.233 1403.978 1377.518 1391.249
"ICL" 74 1422.02 1384.521 1398.685 1403.806 1369.957 1406.181 1403.978 1378.067 1391.785
"AWE" 74 1493.969 1534.415 1626.523 1481.751 1531.842 1652.006 1487.918 1551.943 1655.598
"AIC" 75 1470.003 1453.194 1403.728 1383.927 1391.483 1362.583 1384.535 1354.946 1397.453
"BIC" 75 1481.952 1478.087 1441.566 1396.872 1418.368 1403.408 1398.475 1383.823 1441.265
"ICL" 75 1481.952 1478.087 1441.582 1396.872 1418.479 1404.185 1398.475 1385.346 1441.863
"AWE" 75 1553.901 1627.981 1669.42 1474.816 1580.364 1650.01 1482.415 1559.222 1705.675
"AIC" 76 1508.258 1495.802 1486.488 1471.801 1472.959 1468.615 1469.677 1484.56 1457.976
"BIC" 76 1520.207 1520.695 1524.326 1484.746 1499.843 1509.44 1483.617 1513.436 1501.788
"ICL" 76 1520.207 1520.698 1526.213 1484.746 1499.979 1510.213 1483.617 1513.608 1502.748
"AWE" 76 1592.155 1670.591 1754.051 1562.69 1661.864 1756.038 1567.558 1687.484 1766.56
"AIC" 77 1512.864 1467.045 1467.339 1437.71 1434.457 1450.274 1438.084 1435.209 1441.247
"BIC" 77 1524.813 1491.938 1505.176 1450.655 1461.342 1491.099 1452.025 1464.085 1485.059
"ICL" 77 1524.813 1492.007 1505.338 1450.655 1461.355 1491.201 1452.025 1464.09 1485.215
"AWE" 77 1596.761 1641.901 1733.176 1528.6 1623.239 1737.026 1535.965 1637.966 1749.027
"AIC" 78 1380.928 1381.595 1372.969 1372.14 1371.616 1354.741 1375.947 1337.561 1365.559
"BIC" 78 1392.877 1406.488 1410.807 1385.085 1398.501 1395.566 1389.887 1366.438 1409.371
"ICL" 78 1392.877 1406.541 1411.191 1385.085 1399.133 1395.865 1389.887 1367.317 1410.476
"AWE" 78 1464.826 1556.434 1639.028 1463.029 1561.017 1641.69 1473.828 1541.194 1674.288
"AIC" 79 1533.728 1444.053 1440.887 1471.102 1422.505 1431.192 1463.076 1466.197 1424.187
"BIC" 79 1545.677 1468.946 1478.725 1484.047 1449.39 1472.017 1477.016 1495.073 1468
"ICL" 79 1545.677 1468.988 1478.77 1484.047 1449.413 1472.029 1477.016 1499.872 1468.349
"AWE" 79 1617.626 1618.881 1706.608 1561.991 1611.297 1717.854 1560.957 1673.748 1732.161
"AIC" 80 1348.916 1286.025 1294.43 1341.599 1286.263 1300.062 1341.55 1276.08 1288.381
"BIC" 80 1360.865 1310.919 1332.268 1354.543 1313.148 1340.887 1355.49 1304.956 1332.193
"ICL" 80 1360.865 1310.96 1332.418 1354.543 1313.174 1341.697 1355.49 1304.983 1332.236
"AWE" 80 1432.814 1460.853 1560.256 1432.488 1475.059 1587.522 1439.43 1478.859 1596.048
"AIC" 81 1504.384 1484.703 1469.23 1482.304 1458.821 1460.43 1483.503 1455.386 1461.547
"BIC" 81 1516.333 1509.596 1507.068 1495.249 1485.706 1501.255 1497.443 1484.262 1505.359
"ICL" 81 1516.333 1509.665 1507.956 1495.249 1485.779 1502.024 1497.443 1484.289 1506.393
"AWE" 81 1588.281 1659.558 1735.794 1573.193 1647.664 1747.849 1581.383 1658.166 1770.205
"AIC" 82 1539.54 1405.152 1404.371 1424.851 1410.308 1379.58 1420.926 1376.757 1375.713
"BIC" 82 1551.489 1430.045 1442.208 1437.796 1437.193 1420.405 1434.866 1405.633 1419.525
"ICL" 82 1551.489 1430.074 1442.308 1437.796 1437.541 1420.459 1434.866 1405.761 1419.564
"AWE" 82 1623.438 1579.968 1670.146 1515.74 1599.426 1666.284 1518.806 1579.637 1683.376
"AIC" 83 1472.604 1482.635 1472.792 1448.941 1457.432 1449.152 1450.093 1454.76 1441.888
"BIC" 83 1484.553 1507.529 1510.629 1461.885 1484.317 1489.977 1464.033 1483.636 1485.7
"ICL" 83 1484.553 1507.53 1510.733 1461.885 1485.564 1490.186 1464.033 1484.427 1487.333
"AWE" 83 1556.502 1657.424 1738.571 1539.83 1647.449 1736.011 1547.974 1658.303 1751.145
"AIC" 84 1481.854 1474.45 1419.335 1428.127 1429.165 1387.917 1416.118 1368.978 1376.325
"BIC" 84 1493.803 1499.343 1457.173 1441.071 1456.05 1428.742 1430.058 1397.854 1420.137
"ICL" 84 1493.803 1499.36 1457.608 1441.071 1456.098 1429.343 1430.058 1398.142 1420.185
"AWE" 84 1565.752 1649.253 1685.446 1519.016 1617.983 1675.168 1513.998 1572.018 1683.997
"AIC" 85 1447.644 1407.463 1383.357 1380.671 1360.126 1369.908 1381.705 1368.218 1367.413
"BIC" 85 1459.592 1432.357 1421.195 1393.616 1387.011 1410.734 1395.645 1397.094 1411.225
"ICL" 85 1459.592 1432.81 1421.482 1393.616 1388.526 1412.179 1395.645 1397.222 1412.489
"AWE" 85 1531.541 1582.703 1649.319 1471.56 1550.41 1658.004 1479.586 1571.099 1676.302
"AIC" 86 1496.013 1409.841 1408.964 1407.022 1414.028 1394.081 1409.54 1384.788 1407.077
"BIC" 86 1507.962 1434.735 1446.801 1419.966 1440.913 1434.906 1423.48 1413.664 1450.89
"ICL" 86 1507.962 1435.23 1447.081 1419.966 1440.913 1434.988 1423.48 1413.989 1452.053
"AWE" 86 1579.91 1585.124 1674.919 1497.911 1602.798 1680.813 1507.421 1587.865 1715.865
"AIC" 87 1431.873 1345.123 1347.241 1348.858 1328.611 1347.091 1352.74 1321.052 1333.057
"BIC" 87 1443.822 1370.016 1385.079 1361.803 1355.496 1387.916 1366.68 1349.928 1376.869
"ICL" 87 1443.822 1371.025 1385.468 1361.803 1356.663 1389.105 1366.68 1350.063 1377.079
"AWE" 87 1515.771 1520.918 1613.306 1439.747 1518.548 1634.93 1450.62 1523.939 1640.891
"AIC" 88 1540.822 1515.402 1490.053 1489.275 1486.304 1458.994 1483.664 1473.422 1495.798
"BIC" 88 1552.77 1540.295 1527.891 1502.219 1513.189 1499.819 1497.604 1502.298 1539.61
"ICL" 88 1552.77 1540.325 1527.894 1502.219 1513.311 1499.828 1497.604 1503.029 1539.802
"AWE" 88 1624.719 1690.218 1755.732 1580.164 1675.196 1745.653 1581.544 1676.905 1803.615
"AIC" 89 1479.702 1422.135 1410.989 1439.21 1404.338 1423.314 1437.783 1399.048 1423.322
"BIC" 89 1491.651 1447.029 1448.826 1452.155 1431.223 1464.139 1451.723 1427.924 1467.134
"ICL" 89 1491.651 1447.163 1449.32 1452.155 1431.454 1465.154 1451.723 1430.45 1470.363
"AWE" 89 1563.6 1597.056 1677.158 1530.099 1593.339 1710.979 1535.664 1604.327 1734.175
"AIC" 90 1515.944 1502.317 1473.753 1457.277 1469.861 1459.123 1456.081 1472.228 1458.01
"BIC" 90 1527.893 1527.211 1511.59 1470.221 1496.745 1499.948 1470.021 1501.104 1501.823
"ICL" 90 1527.893 1527.233 1512.387 1470.221 1497.054 1503.795 1470.021 1502.198 1503.249
"AWE" 90 1599.842 1677.126 1740.225 1548.166 1658.939 1749.62 1553.961 1676.075 1767.061
"AIC" 91 1424.064 1351.264 1340.492 1368.332 1372.632 1329.731 1376.325 1319.06 1324.763
"BIC" 91 1436.013 1376.157 1378.33 1381.277 1399.517 1370.556 1390.266 1347.936 1368.575
"ICL" 91 1436.013 1376.231 1378.467 1381.277 1400.176 1371.358 1390.266 1348.282 1368.957
"AWE" 91 1507.962 1526.124 1606.305 1459.221 1562.061 1617.183 1474.206 1522.158 1632.769
"AIC" 92 1429.345 1341.523 1350.217 1375.88 1375.414 1301.693 1372.385 1298.376 1305.53
"BIC" 92 1441.294 1366.417 1388.055 1388.824 1402.299 1342.518 1386.326 1327.252 1349.342
"ICL" 92 1441.294 1366.418 1388.12 1388.824 1402.305 1342.524 1386.326 1327.267 1349.367
"AWE" 92 1513.242 1516.312 1615.958 1466.769 1564.19 1588.349 1470.266 1501.143 1613.179
"AIC" 93 1548.605 1491.374 1506.067 1502.909 1455.111 1500.81 1500.398 1471.297 1485.238
"BIC" 93 1560.554 1516.267 1543.905 1515.854 1481.995 1541.635 1514.338 1500.173 1529.05
"ICL" 93 1560.554 1516.267 1543.962 1515.854 1481.996 1542.791 1514.338 1500.213 1530.31
"AWE" 93 1632.503 1666.161 1771.799 1593.798 1643.88 1788.616 1598.278 1674.09 1794.122
"AIC" 94 1527.465 1521.714 1517.773 1481.107 1491.022 1494.475 1475.132 1489.401 1522.054
"BIC" 94 1539.414 1546.608 1555.611 1494.051 1517.907 1535.3 1489.072 1518.277 1565.867
"ICL" 94 1539.414 1546.923 1557.624 1494.051 1517.967 1538.413 1489.072 1518.295 1565.916
"AWE" 94 1611.363 1696.817 1785.462 1571.996 1679.851 1784.238 1573.012 1692.171 1829.728
"AIC" 95 1603.164 1454.542 1480.542 1468.677 1447.233 1462.833 1463.214 1420.192 1441.009
"BIC" 95 1615.112 1479.435 1518.38 1481.622 1474.117 1503.658 1477.155 1449.068 1484.821
"ICL" 95 1615.112 1479.448 1518.393 1481.622 1474.338 1504.764 1477.155 1449.209 1485.236
"AWE" 95 1687.061 1629.342 1746.231 1559.566 1636.223 1750.589 1561.095 1623.086 1749.048
"AIC" 96 1551.218 1541.163 1540.719 1523.798 1523.159 1519.284 1519.12 1521.123 1516.556
"BIC" 96 1563.166 1566.057 1578.556 1536.743 1550.044 1560.109 1533.06 1550 1560.368
"ICL" 96 1563.166 1566.058 1578.626 1536.743 1550.128 1561.274 1533.06 1550.172 1561.522
"AWE" 96 1635.115 1715.952 1806.464 1614.687 1712.013 1807.099 1617 1724.048 1825.334
"AIC" 97 1350.233 1271.668 1260.057 1312.428 1262.653 1282.275 1319.895 1279.624 1272.052
"BIC" 97 1362.182 1296.562 1297.895 1325.373 1289.538 1323.1 1333.835 1308.5 1315.865
"ICL" 97 1362.182 1296.757 1299.452 1325.373 1289.618 1325.441 1333.835 1308.696 1317.427
"AWE" 97 1434.131 1446.65 1527.29 1403.317 1451.503 1571.266 1417.775 1482.572 1581.239
"AIC" 98 1397.115 1333.677 1311.093 1300.777 1279.585 1319.354 1300.036 1315.994 1332.969
"BIC" 98 1409.064 1358.57 1348.931 1313.721 1306.469 1360.179 1313.976 1344.87 1376.782
"ICL" 98 1409.064 1359.221 1350.072 1313.721 1307.201 1362.521 1313.976 1345.183 1377.647
"AWE" 98 1481.013 1509.115 1577.91 1391.666 1469.086 1608.346 1397.916 1519.059 1641.46
"AIC" 99 1429.645 1362.465 1362.311 1415.427 1359.589 1370.224 1418.254 1364.247 1375.178
"BIC" 99 1441.593 1387.359 1400.148 1428.371 1386.474 1411.049 1432.194 1393.123 1418.99
"ICL" 99 1441.593 1387.364 1400.164 1428.371 1386.479 1411.06 1432.194 1393.132 1419.007
"AWE" 99 1513.542 1537.257 1628.002 1506.316 1548.363 1656.885 1516.134 1567.008 1682.82
"AIC" 100 1393.914 1321.879 1434.71 1355.532 1316.111 1336.214 1354.086 1315.689 1409.403
"BIC" 100 1405.863 1346.772 1472.548 1368.477 1342.996 1377.039 1368.027 1344.565 1453.215
"ICL" 100 1405.863 1347.833 1474.884 1368.477 1343.696 1378.214 1368.027 1345.106 1456.602
"AWE" 100 1477.811 1497.726 1702.722 1446.421 1505.581 1624.039 1451.967 1518.982 1720.414
