"AIC" 1 2 2 3 2 1
"BIC" 1 2 2 1 2 1
"ICL" 1 2 2 1 2 1
"AWE" 1 1 1 1 1 1
"AIC" 2 3 3 1 2 2
"BIC" 2 3 1 1 2 2
"ICL" 2 2 1 1 2 2
"AWE" 2 1 1 1 1 1
"AIC" 3 2 2 2 2 2
"BIC" 3 2 2 2 2 2
"ICL" 3 2 2 2 2 2
"AWE" 3 1 1 1 1 1
"AIC" 4 3 2 3 2 2
"BIC" 4 2 2 2 2 2
"ICL" 4 2 2 2 2 2
"AWE" 4 1 1 1 2 1
"AIC" 5 2 2 3 2 1
"BIC" 5 2 2 3 2 1
"ICL" 5 2 2 3 2 1
"AWE" 5 1 1 1 2 1
"AIC" 6 3 2 2 3 2
"BIC" 6 3 2 2 3 2
"ICL" 6 3 2 2 3 2
"AWE" 6 1 1 1 2 2
"AIC" 7 3 3 2 3 2
"BIC" 7 3 1 2 3 2
"ICL" 7 3 1 2 3 2
"AWE" 7 1 1 1 3 2
"AIC" 8 3 3 3 2 2
"BIC" 8 3 1 1 2 2
"ICL" 8 3 1 1 2 2
"AWE" 8 1 1 1 2 2
"AIC" 9 2 2 3 2 1
"BIC" 9 2 2 1 2 1
"ICL" 9 2 2 1 2 1
"AWE" 9 1 1 1 2 1
"AIC" 10 2 3 3 1 1
"BIC" 10 2 2 3 1 1
"ICL" 10 2 2 3 1 1
"AWE" 10 1 1 1 1 1
"AIC" 11 3 3 3 1 1
"BIC" 11 2 2 1 1 1
"ICL" 11 2 2 1 1 1
"AWE" 11 1 1 1 1 1
"AIC" 12 3 2 2 3 2
"BIC" 12 2 2 2 3 2
"ICL" 12 2 2 2 3 2
"AWE" 12 1 1 1 3 2
"AIC" 13 3 3 3 3 2
"BIC" 13 3 1 1 3 2
"ICL" 13 3 1 1 3 2
"AWE" 13 1 1 1 2 2
"AIC" 14 3 3 3 2 1
"BIC" 14 2 3 1 2 1
"ICL" 14 2 3 1 2 1
"AWE" 14 1 1 1 1 1
"AIC" 15 2 2 2 3 2
"BIC" 15 2 2 2 3 2
"ICL" 15 2 2 2 3 2
"AWE" 15 1 1 1 2 2
"AIC" 16 2 2 2 3 2
"BIC" 16 2 2 2 3 2
"ICL" 16 2 2 2 3 2
"AWE" 16 1 1 1 2 2
"AIC" 17 3 2 2 2 2
"BIC" 17 2 2 2 2 1
"ICL" 17 2 2 2 2 1
"AWE" 17 1 1 1 1 1
"AIC" 18 3 1 1 3 2
"BIC" 18 3 1 1 3 2
"ICL" 18 3 1 1 3 2
"AWE" 18 1 1 1 2 2
"AIC" 19 3 3 3 1 1
"BIC" 19 2 1 3 1 1
"ICL" 19 2 1 3 1 1
"AWE" 19 1 1 1 1 1
"AIC" 20 2 2 3 1 1
"BIC" 20 2 2 3 1 1
"ICL" 20 2 2 1 1 1
"AWE" 20 1 1 1 1 1
"AIC" 21 3 2 2 3 2
"BIC" 21 3 2 2 3 2
"ICL" 21 2 2 2 3 2
"AWE" 21 1 1 1 2 2
"AIC" 22 3 2 2 3 2
"BIC" 22 2 2 2 3 2
"ICL" 22 2 2 2 3 2
"AWE" 22 1 1 1 2 2
"AIC" 23 3 3 3 3 2
"BIC" 23 3 3 2 3 2
"ICL" 23 3 3 2 3 2
"AWE" 23 1 1 1 3 2
"AIC" 24 2 2 2 3 2
"BIC" 24 2 2 2 3 2
"ICL" 24 2 2 2 3 2
"AWE" 24 1 1 1 2 2
"AIC" 25 3 2 3 2 1
"BIC" 25 2 2 2 2 1
"ICL" 25 2 2 2 2 1
"AWE" 25 1 1 1 1 1
"AIC" 26 3 3 3 2 2
"BIC" 26 3 3 1 2 2
"ICL" 26 3 1 1 2 2
"AWE" 26 1 1 1 2 1
"AIC" 27 3 3 1 2 2
"BIC" 27 3 1 1 2 2
"ICL" 27 3 1 1 2 2
"AWE" 27 1 1 1 2 1
"AIC" 28 3 3 2 3 2
"BIC" 28 3 3 2 3 2
"ICL" 28 3 3 2 3 2
"AWE" 28 2 1 1 3 2
"AIC" 29 3 2 3 3 2
"BIC" 29 3 2 2 3 2
"ICL" 29 3 2 2 3 2
"AWE" 29 1 1 1 2 2
"AIC" 30 2 2 2 2 2
"BIC" 30 2 1 1 2 2
"ICL" 30 2 1 1 2 2
"AWE" 30 1 1 1 1 1
"AIC" 31 2 3 3 1 1
"BIC" 31 2 2 3 1 1
"ICL" 31 2 2 3 1 1
"AWE" 31 1 1 1 1 1
"AIC" 32 2 2 2 2 2
"BIC" 32 2 2 2 2 2
"ICL" 32 2 2 2 2 2
"AWE" 32 1 1 1 2 1
"AIC" 33 2 3 2 3 2
"BIC" 33 2 3 2 3 2
"ICL" 33 2 3 2 3 2
"AWE" 33 1 1 1 3 2
"AIC" 34 2 1 1 1 1
"BIC" 34 2 1 1 1 1
"ICL" 34 1 1 1 1 1
"AWE" 34 1 1 1 1 1
"AIC" 35 2 2 2 3 2
"BIC" 35 2 2 2 3 2
"ICL" 35 2 2 2 2 2
"AWE" 35 1 1 1 1 1
"AIC" 36 2 2 2 2 2
"BIC" 36 2 2 2 2 2
"ICL" 36 2 2 2 2 2
"AWE" 36 1 1 1 2 1
"AIC" 37 2 2 3 2 2
"BIC" 37 2 2 2 2 2
"ICL" 37 2 2 2 2 2
"AWE" 37 1 1 1 2 1
"AIC" 38 2 2 2 3 2
"BIC" 38 2 1 1 3 2
"ICL" 38 2 1 1 3 2
"AWE" 38 1 1 1 1 1
"AIC" 39 3 3 3 3 2
"BIC" 39 3 2 1 3 2
"ICL" 39 3 2 1 3 2
"AWE" 39 1 1 1 2 2
"AIC" 40 2 2 3 2 1
"BIC" 40 2 2 1 2 1
"ICL" 40 2 2 1 2 1
"AWE" 40 1 1 1 1 1
"AIC" 41 3 2 3 2 2
"BIC" 41 2 1 1 2 2
"ICL" 41 2 1 1 2 2
"AWE" 41 1 1 1 2 1
"AIC" 42 2 2 2 2 2
"BIC" 42 2 2 2 2 1
"ICL" 42 2 2 2 2 1
"AWE" 42 1 1 1 1 1
"AIC" 43 2 2 2 2 2
"BIC" 43 2 2 2 2 2
"ICL" 43 2 2 2 2 2
"AWE" 43 1 1 1 2 2
"AIC" 44 2 2 3 2 1
"BIC" 44 2 1 1 2 1
"ICL" 44 2 1 1 2 1
"AWE" 44 1 1 1 2 1
"AIC" 45 3 3 2 3 2
"BIC" 45 3 1 2 3 2
"ICL" 45 3 1 2 3 2
"AWE" 45 1 1 1 3 2
"AIC" 46 2 2 2 3 2
"BIC" 46 2 2 2 3 2
"ICL" 46 2 2 2 3 2
"AWE" 46 1 1 1 1 1
"AIC" 47 3 3 2 3 2
"BIC" 47 2 3 2 3 2
"ICL" 47 2 3 2 3 2
"AWE" 47 1 1 1 3 2
"AIC" 48 2 2 3 1 1
"BIC" 48 2 2 1 1 1
"ICL" 48 2 2 1 1 1
"AWE" 48 2 1 1 1 1
"AIC" 49 3 2 3 2 1
"BIC" 49 3 2 3 2 1
"ICL" 49 3 2 3 2 1
"AWE" 49 1 1 1 2 1
"AIC" 50 3 3 3 3 2
"BIC" 50 3 3 2 3 2
"ICL" 50 3 3 2 3 2
"AWE" 50 1 1 1 3 2
"AIC" 51 3 2 2 3 2
"BIC" 51 3 1 1 3 2
"ICL" 51 3 1 1 3 2
"AWE" 51 1 1 1 2 2
"AIC" 52 2 3 2 2 2
"BIC" 52 2 2 2 2 2
"ICL" 52 2 2 2 2 2
"AWE" 52 1 1 1 2 1
"AIC" 53 2 2 3 2 1
"BIC" 53 2 2 1 2 1
"ICL" 53 2 2 1 2 1
"AWE" 53 1 1 1 1 1
"AIC" 54 3 3 2 3 2
"BIC" 54 3 1 2 3 2
"ICL" 54 3 1 2 3 2
"AWE" 54 1 1 1 3 2
"AIC" 55 3 1 2 3 2
"BIC" 55 1 1 2 3 2
"ICL" 55 1 1 2 3 2
"AWE" 55 1 1 1 3 2
"AIC" 56 2 2 2 3 2
"BIC" 56 2 2 2 3 2
"ICL" 56 2 2 2 3 2
"AWE" 56 1 1 1 2 2
"AIC" 57 3 3 3 2 1
"BIC" 57 2 1 1 2 1
"ICL" 57 2 1 1 2 1
"AWE" 57 1 1 1 1 1
"AIC" 58 2 3 3 3 2
"BIC" 58 2 1 2 3 2
"ICL" 58 2 1 2 3 2
"AWE" 58 1 1 1 1 1
"AIC" 59 2 3 3 3 2
"BIC" 59 2 1 2 3 2
"ICL" 59 2 1 2 3 2
"AWE" 59 1 1 1 3 2
"AIC" 60 3 1 3 2 2
"BIC" 60 2 1 1 2 2
"ICL" 60 2 1 1 2 2
"AWE" 60 1 1 1 1 1
"AIC" 61 3 2 2 2 2
"BIC" 61 1 2 1 2 2
"ICL" 61 1 2 1 2 2
"AWE" 61 1 1 1 2 1
"AIC" 62 3 3 2 3 2
"BIC" 62 1 1 2 3 2
"ICL" 62 1 1 2 3 2
"AWE" 62 1 1 1 3 2
"AIC" 63 2 3 1 1 1
"BIC" 63 2 1 1 1 1
"ICL" 63 2 1 1 1 1
"AWE" 63 1 1 1 1 1
"AIC" 64 2 2 1 2 1
"BIC" 64 2 2 1 2 1
"ICL" 64 2 2 1 2 1
"AWE" 64 2 1 1 2 1
"AIC" 65 3 2 3 2 2
"BIC" 65 3 2 1 2 2
"ICL" 65 3 2 1 2 2
"AWE" 65 1 1 1 2 1
"AIC" 66 3 3 2 3 2
"BIC" 66 1 1 2 3 2
"ICL" 66 1 1 2 3 2
"AWE" 66 1 1 1 3 2
"AIC" 67 2 2 2 3 2
"BIC" 67 2 2 2 3 2
"ICL" 67 2 2 2 3 2
"AWE" 67 1 1 1 2 1
"AIC" 68 2 2 2 3 2
"BIC" 68 2 1 2 3 2
"ICL" 68 2 1 2 3 2
"AWE" 68 2 1 1 1 1
"AIC" 69 2 2 3 2 2
"BIC" 69 2 1 1 2 1
"ICL" 69 2 1 1 2 1
"AWE" 69 1 1 1 2 1
"AIC" 70 3 2 2 3 2
"BIC" 70 3 2 2 2 2
"ICL" 70 3 2 2 2 2
"AWE" 70 1 1 1 2 1
"AIC" 71 2 2 1 2 1
"BIC" 71 2 1 1 1 1
"ICL" 71 2 1 1 1 1
"AWE" 71 1 1 1 1 1
"AIC" 72 3 2 2 3 2
"BIC" 72 3 2 2 3 2
"ICL" 72 3 2 2 3 2
"AWE" 72 1 1 1 3 2
"AIC" 73 2 2 2 3 2
"BIC" 73 2 2 2 3 2
"ICL" 73 2 2 2 3 2
"AWE" 73 1 1 1 2 2
"AIC" 74 2 2 3 2 2
"BIC" 74 2 2 2 2 2
"ICL" 74 2 2 2 2 2
"AWE" 74 1 1 1 2 1
"AIC" 75 3 3 2 3 2
"BIC" 75 3 1 2 3 2
"ICL" 75 3 1 2 3 2
"AWE" 75 1 1 1 3 2
"AIC" 76 3 3 3 2 2
"BIC" 76 1 1 1 2 2
"ICL" 76 1 1 1 2 2
"AWE" 76 1 1 1 2 1
"AIC" 77 2 2 2 2 2
"BIC" 77 2 1 1 2 2
"ICL" 77 2 1 1 2 2
"AWE" 77 1 1 1 2 2
"AIC" 78 3 3 2 3 2
"BIC" 78 1 1 2 3 2
"ICL" 78 1 1 2 3 2
"AWE" 78 1 1 1 3 2
"AIC" 79 3 2 3 2 1
"BIC" 79 2 2 3 2 1
"ICL" 79 2 2 3 2 1
"AWE" 79 1 1 1 2 1
"AIC" 80 2 2 2 3 2
"BIC" 80 2 2 2 3 2
"ICL" 80 2 2 2 3 2
"AWE" 80 1 1 1 1 1
"AIC" 81 3 2 2 3 2
"BIC" 81 3 2 2 3 2
"ICL" 81 3 2 2 3 2
"AWE" 81 1 1 1 2 2
"AIC" 82 3 3 3 3 2
"BIC" 82 2 3 2 3 2
"ICL" 82 2 3 2 3 2
"AWE" 82 2 1 1 3 2
"AIC" 83 1 1 3 3 2
"BIC" 83 1 1 1 3 2
"ICL" 83 1 1 1 3 2
"AWE" 83 1 1 1 2 1
"AIC" 84 3 3 2 3 2
"BIC" 84 3 3 2 3 2
"ICL" 84 3 3 2 3 2
"AWE" 84 1 1 1 3 2
"AIC" 85 3 2 3 2 2
"BIC" 85 3 2 1 2 2
"ICL" 85 3 2 1 2 2
"AWE" 85 1 1 1 2 2
"AIC" 86 3 3 2 3 2
"BIC" 86 2 1 2 3 2
"ICL" 86 2 1 2 3 2
"AWE" 86 1 1 1 1 1
"AIC" 87 2 2 2 3 2
"BIC" 87 2 2 2 3 2
"ICL" 87 2 2 2 3 2
"AWE" 87 1 1 1 2 1
"AIC" 88 3 3 2 3 2
"BIC" 88 3 3 1 3 2
"ICL" 88 3 3 1 3 2
"AWE" 88 1 1 1 2 2
"AIC" 89 3 2 2 3 2
"BIC" 89 2 2 2 3 2
"ICL" 89 2 2 2 3 2
"AWE" 89 1 1 1 2 1
"AIC" 90 3 1 1 2 2
"BIC" 90 3 1 1 2 2
"ICL" 90 3 1 1 2 2
"AWE" 90 1 1 1 2 2
"AIC" 91 3 3 2 3 2
"BIC" 91 2 3 2 3 2
"ICL" 91 2 3 2 3 2
"AWE" 91 1 1 1 3 2
"AIC" 92 2 3 2 3 2
"BIC" 92 2 3 2 3 2
"ICL" 92 2 3 2 3 2
"AWE" 92 1 1 1 3 2
"AIC" 93 2 2 2 2 2
"BIC" 93 2 2 2 2 2
"ICL" 93 2 2 2 2 2
"AWE" 93 1 1 1 2 1
"AIC" 94 3 1 1 3 2
"BIC" 94 1 1 1 2 2
"ICL" 94 1 1 1 2 2
"AWE" 94 1 1 1 2 2
"AIC" 95 2 2 2 3 2
"BIC" 95 2 2 2 3 2
"ICL" 95 2 2 2 3 2
"AWE" 95 2 1 1 3 2
"AIC" 96 3 3 3 3 2
"BIC" 96 1 1 1 3 2
"ICL" 96 1 1 1 2 2
"AWE" 96 1 1 1 2 1
"AIC" 97 3 2 3 2 1
"BIC" 97 2 2 2 2 1
"ICL" 97 2 2 2 2 1
"AWE" 97 1 1 1 1 1
"AIC" 98 3 2 1 2 2
"BIC" 98 3 2 1 2 2
"ICL" 98 3 2 1 2 2
"AWE" 98 1 1 1 2 1
"AIC" 99 3 2 2 2 1
"BIC" 99 2 2 2 2 1
"ICL" 99 2 2 2 2 1
"AWE" 99 1 1 1 1 1
"AIC" 100 2 2 2 3 2
"BIC" 100 2 2 2 2 2
"ICL" 100 2 2 2 2 2
"AWE" 100 1 1 1 1 1
