"CCR" 1 0.875 0.965 0.975
"ARI" 1 0.560415947469709 0.864218014165338 0.902007819253298
"CCR" 2 0.885 0.895 0.965
"ARI" 2 0.590942138072188 0.622292187917797 0.864218820621249
"CCR" 3 0.89 0.52 0.525
"ARI" 3 0.606518406611717 0.00120650547753504 0.0020110355576225
"CCR" 4 0.87 0.87 0.85
"ARI" 4 0.545389248475622 0.545389248475622 0.487475308520775
"CCR" 5 0.84 0.965 0.97
"ARI" 5 0.459496442047663 0.864218820621249 0.883010716159005
"CCR" 6 0.915 0.92 0.97
"ARI" 6 0.687362104341406 0.704148920328587 0.883012357550793
"CCR" 7 0.86 0.875 0.955
"ARI" 7 0.51529533264197 0.559641992442488 0.827205857170905
"CCR" 8 0.89 0.89 0.965
"ARI" 8 0.606501716824884 0.606501716824884 0.864217745344573
"CCR" 9 0.885 0.98 0.985
"ARI" 9 0.590913384945986 0.921204346035668 0.940602325119809
"CCR" 10 0.84 0.515 0.975
"ARI" 10 0.459850379791187 -0.000582572085788215 0.90200948211856
"CCR" 11 0.875 0.945 0.97
"ARI" 11 0.560380521592877 0.791054064948191 0.883012701421855
"CCR" 12 0.865 0.97 0.97
"ARI" 12 0.530713691777118 0.883013066561078 0.88301424822579
"CCR" 13 0.87 0.97 0.975
"ARI" 13 0.54545931896348 0.883014512915413 0.902009208937427
"CCR" 14 0.885 0.89 0.965
"ARI" 14 0.590847386194747 0.60642692919713 0.864221585540214
"CCR" 15 0.885 0.97 0.97
"ARI" 15 0.590935049314774 0.883014512915413 0.883013227268882
"CCR" 16 0.87 0.95 0.965
"ARI" 16 0.54527932503773 0.809046576272282 0.864221174101071
"CCR" 17 0.87 0.955 0.955
"ARI" 17 0.545313387882232 0.827236791668119 0.827236791668119
"CCR" 18 0.905 0.97 0.98
"ARI" 18 0.654395269062152 0.883014512915413 0.921205651310725
"CCR" 19 0.865 0.515 0.955
"ARI" 19 0.530637123739503 -0.000582572085788215 0.827233748277519
"CCR" 20 0.84 0.54 0.95
"ARI" 20 0.459791116848479 0.00376146976200017 0.809044020630922
"CCR" 22 0.81 0.975 0.985
"ARI" 22 0.381430087321262 0.902009208937427 0.940602325119809
"CCR" 23 0.88 0.51 0.97
"ARI" 23 0.575546412492198 -0.000573612301443543 0.883012574981527
"CCR" 25 0.87 0.97 0.975
"ARI" 25 0.54545931896348 0.883014512915413 0.902009208937427
"CCR" 26 0.915 1 0.54
"ARI" 26 0.68733531278024 1 -0.00384110790135488
"CCR" 27 0.87 0.97 0.97
"ARI" 27 0.545454449065352 0.883012701421855 0.88301308901293
"CCR" 28 0.865 0.98 0.96
"ARI" 28 0.530657220765109 0.921205517601609 0.845631726946572
"CCR" 29 0.85 0.985 0.985
"ARI" 29 0.487441281118625 0.940603006676014 0.94060299467692
"CCR" 30 0.515 0.515 0.97
"ARI" 30 -0.00373329275222203 -0.0009029341965006 0.883015026929786
"CCR" 31 0.885 0.565 0.985
"ARI" 31 0.59080155635514 0.0107042244974431 0.940602754694028
"CCR" 32 0.94 0.935 0.96
"ARI" 32 0.77326704390242 0.755679255698194 0.845628326256702
"CCR" 33 0.87 0.97 0.975
"ARI" 33 0.545316524751102 0.883015991137667 0.902010479810629
"CCR" 34 0.85 0.965 0.975
"ARI" 34 0.487547355289917 0.864224416173929 0.902010016598981
"CCR" 34 0.89 0.9 0.97
"ARI" 34 0.606435305266771 0.638193436192589 0.883015017476689
"CCR" 35 0.875 0.985 0.98
"ARI" 35 0.560262642843614 0.940593144185469 0.921181648827003
"CCR" 36 0.525 0.525 0.975
"ARI" 36 -0.00170392684097901 -0.00170392684097901 0.902009208937427
"CCR" 37 0.86 0.955 0.955
"ARI" 37 0.516038071230043 0.827239088100596 0.82724045615901
"CCR" 38 0.915 0.97 0.965
"ARI" 38 0.686821229484706 0.88290933689913 0.864110549211351
"CCR" 39 0.89 0.9 0.97
"ARI" 39 0.606435305266771 0.638193436192589 0.883015017476689
"CCR" 40 0.875 0.985 0.98
"ARI" 40 0.560262642843614 0.940593144185469 0.921181648827003
"CCR" 41 0.885 0.885 0.98
"ARI" 41 0.59090003154517 0.59090003154517 0.921205651310725
"CCR" 42 0.84 0.525 0.985
"ARI" 42 0.459791116848479 -0.00275253050143923 0.940602805090597
"CCR" 43 0.875 0.52 0.52
"ARI" 43 0.560360542076752 -0.0013376378079848 -0.0013376378079848
"CCR" 44 0.855 0.945 0.965
"ARI" 44 0.501346379580508 0.791052005056517 0.864218979716861
"CCR" 45 0.905 0.91 0.975
"ARI" 45 0.654385313492102 0.670777628549937 0.90200948211856
"CCR" 46 0.855 0.96 0.97
"ARI" 46 0.501479384846674 0.845595662025319 0.882978876574784
"CCR" 47 0.89 0.895 0.985
"ARI" 47 0.60648225951467 0.622265638421017 0.940601662747383
"CCR" 48 0.93 0.93 0.98
"ARI" 48 0.738007867226418 0.738007867226418 0.921200219808637
"CCR" 49 0.86 0.95 0.95
"ARI" 49 0.516094621278695 0.809041351118147 0.809041351118147
"CCR" 50 0.895 0.9 0.98
"ARI" 50 0.622261228401773 0.638243481224791 0.921205055187421
"CCR" 51 0.895 0.975 0.965
"ARI" 51 0.622213062457303 0.90201003639444 0.864221086327065
"CCR" 52 0.85 0.98 0.97
"ARI" 52 0.48763953732573 0.921204785376979 0.883013227268882
"CCR" 53 0.885 0.965 0.975
"ARI" 53 0.590887536732197 0.864221086327065 0.90201003639444
"CCR" 54 0.895 0.895 0.975
"ARI" 54 0.622265638421017 0.622265638421017 0.902008911999685
"CCR" 55 0.885 0.975 0.98
"ARI" 55 0.590887850764624 0.902009208937427 0.921204785376979
"CCR" 56 0.895 0.97 0.975
"ARI" 56 0.621837998332822 0.883004633508666 0.902007165969361
"CCR" 57 0.85 0.96 0.965
"ARI" 57 0.487462553304096 0.845627398486318 0.864220318299666
"CCR" 58 0.93 0.97 0.97
"ARI" 58 0.738299152154421 0.883012701421855 0.883013864187377
"CCR" 59 0.855 0.975 0.975
"ARI" 59 0.501818911408283 0.902010004721701 0.902007819253298
"CCR" 60 0.865 0.51 0.515
"ARI" 60 0.530698167868476 8.95827696092179e-06 0.000414110843065505
"CCR" 61 0.865 0.585 0.97
"ARI" 61 0.530678150177297 0.0272629666710459 0.883012574981527
"CCR" 62 0.9 0.965 0.575
"ARI" 62 0.638035569927243 0.864212944794541 0.0131146709283005
"CCR" 63 0.865 0.98 0.97
"ARI" 63 0.530578718841373 0.921205651310725 0.883014512915413
"CCR" 64 0.865 0.585 0.97
"ARI" 64 0.530678150177297 0.0272629666710459 0.883012574981527
"CCR" 65 0.82 0.51 0.96
"ARI" 65 0.406832507014057 8.95827696092179e-06 0.845624396799846
"CCR" 66 0.82 0.51 0.96
"ARI" 66 0.406832507014057 8.95827696092179e-06 0.845624396799846
"CCR" 67 0.89 0.96 0.97
"ARI" 67 0.606391306048443 0.845623643631103 0.883012660062899
"CCR" 68 0.885 0.95 0.965
"ARI" 68 0.590942138072188 0.809041351118147 0.864218014165338
"CCR" 69 0.895 0.89 0.97
"ARI" 69 0.622220404131309 0.606443625328497 0.883014843775757
"CCR" 70 0.82 0.95 0.975
"ARI" 70 0.406978038326743 0.809042863336861 0.902007625248674
"CCR" 71 0.82 0.955 0.975
"ARI" 71 0.406888371124754 0.827233748277519 0.902008183504801
"CCR" 72 0.855 0.925 0.96
"ARI" 72 0.50159119541567 0.721106513600366 0.84562888291358
"CCR" 73 0.87 0.885 0.535
"ARI" 73 0.545416808255374 0.590960313250677 0.00307601987048573
"CCR" 74 0.885 0.965 0.975
"ARI" 74 0.590953225123187 0.864221036954136 0.902007625248674
"CCR" 75 0.87 0.98 0.98
"ARI" 75 0.545437727216507 0.921204199587476 0.921204199587476
"CCR" 76 0.885 0.96 0.955
"ARI" 76 0.589951151218638 0.84561968118755 0.82724045615901
"CCR" 77 0.85 0.945 0.56
"ARI" 77 0.487374424538773 0.791056192334664 0.00732146376314704
"CCR" 78 0.89 0.975 0.98
"ARI" 78 0.606518406611717 0.902008021175661 0.92120404040404
"CCR" 79 0.845 0.96 0.98
"ARI" 79 0.47366078006976 0.84562570196306 0.921204346035668
"CCR" 80 0.885 0.875 0.52
"ARI" 80 0.590887850764624 0.560360542076752 -0.00147064651737824
"CCR" 81 0.875 0.885 0.975
"ARI" 81 0.560304287765621 0.590857784105285 0.902010143289781
"CCR" 82 0.84 0.97 0.965
"ARI" 82 0.459807423091391 0.883012574981527 0.864218518887166
"CCR" 83 0.885 0.965 0.955
"ARI" 83 0.590909749205396 0.864218014165338 0.827234983795347
"CCR" 84 0.855 0.855 0.985
"ARI" 84 0.501479384846674 0.501479384846674 0.940593144185469
"CCR" 85 0.835 0.89 0.975
"ARI" 85 0.446177900370733 0.606525856952323 0.902008183504801
"CCR" 86 0.9 0.545 0.985
"ARI" 86 0.638193436192589 0.00321177055876455 0.940603023474737
"CCR" 87 0.805 0.95 0.935
"ARI" 87 0.368527030743014 0.80893629555078 0.75541371675595
"CCR" 88 0.88 0.97 0.97
"ARI" 88 0.575546116716274 0.883012701421855 0.883012701421855
"CCR" 89 0.885 0.96 0.955
"ARI" 89 0.589951151218638 0.84561968118755 0.82724045615901
"CCR" 91 0.89 0.975 0.98
"ARI" 91 0.606518406611717 0.902008021175661 0.92120404040404
"CCR" 91 0.89 0.97 0.985
"ARI" 91 0.606479461573266 0.883015637832948 0.940602178727175
"CCR" 91 0.89 0.97 0.985
"ARI" 91 0.606479461573266 0.883015637832948 0.940602178727175
"CCR" 92 0.845 0.96 0.98
"ARI" 92 0.47366078006976 0.84562570196306 0.921204346035668
"CCR" 93 0.875 0.875 0.955
"ARI" 93 0.560354574509074 0.560354574509074 0.827233999570713
"CCR" 94 0.86 0.965 0.975
"ARI" 94 0.516075894906694 0.864218518887166 0.902008183504801
"CCR" 95 0.88 0.955 0.955
"ARI" 95 0.575578452442955 0.827237182554554 0.827235179242876
"CCR" 96 0.9 0.965 0.965
"ARI" 96 0.638263899391556 0.864223061214764 0.864223061214764
"CCR" 97 0.88 0.565 0.97
"ARI" 97 0.57516082966838 0.00514335407635191 0.883009118446161
"CCR" 98 0.885 0.535 0.975
"ARI" 98 0.590899106029641 0.00230649824896585 0.902008911999685
"CCR" 99 0.885 0.89 0.965
"ARI" 99 0.590908608891625 0.606489297910078 0.864219939768681
"CCR" 100 0.875 0.985 0.59
"ARI" 100 0.560184448475719 0.940602754694028 0.0250248667460294
