"AIC" 1 14665.414 14019.394 13641.724 14081.9 13650.674 13664.48 14102.403 13580.237 13597.19
"BIC" 1 14704.993 14101.852 13767.06 14124.778 13739.729 13799.711 14148.58 13675.888 13742.316
"ICL" 1 14704.993 14113.434 13787.167 14124.778 13763.106 13823.645 14148.58 13697.841 13770.299
"AWE" 1 14804.573 14320.892 14102.503 14232.656 13987.161 14163.876 14264.756 13938.492 14135.425
"AIC" 2 14584.931 13925.751 13643.71 14048.305 13691.662 13678.633 14041.582 13597.856 13610.209
"BIC" 2 14624.511 14008.208 13769.046 14091.183 13780.717 13813.864 14087.758 13693.507 13755.335
"ICL" 2 14624.511 14017.167 13798.721 14091.183 13793.343 13847.328 14087.758 13726.954 13789.971
"AWE" 2 14724.091 14224.625 14114.057 14199.061 14017.398 14187.559 14203.934 13967.605 14155.097
"AIC" 3 14514.989 13795.075 13387.498 13875.951 13876.343 13444.823 13891.364 13884.932 13363.079
"BIC" 3 14554.568 13877.533 13512.834 13918.83 13965.398 13580.054 13937.541 13980.583 13508.205
"ICL" 3 14554.568 13888.272 13528.241 13918.83 13967.487 13607.226 13937.541 13982.877 13533.832
"AWE" 3 14654.148 14095.73 13843.577 14026.708 14191.542 13947.457 14053.717 14223.528 13898.958
"AIC" 4 14621.341 14022.403 13612.881 14095.542 13694.592 13684.175 14064.558 13680.141 13611.839
"BIC" 4 14660.921 14104.861 13738.217 14138.42 13783.647 13819.406 14110.734 13775.792 13756.965
"ICL" 4 14660.921 14117.112 13753.505 14138.42 13792.542 13857.895 14110.734 13784.132 13785.306
"AWE" 4 14760.501 14324.57 14068.841 14246.298 14016.596 14198.126 14226.911 14024.784 14150.432
"AIC" 5 14595.116 13834.253 13847.506 13892.076 13456.035 13471.608 13935.257 13384.483 13404.626
"BIC" 5 14634.696 13916.711 13972.842 13934.954 13545.089 13606.839 13981.433 13480.135 13549.752
"ICL" 5 14634.696 13928.127 13985.479 13934.954 13575.552 13637.025 13981.433 13502.895 13573.155
"AWE" 5 14734.275 14135.585 14300.815 14042.833 13799.606 13977.256 14097.609 13743.546 13938.281
"AIC" 6 14261.067 13586.966 13581.731 13728.633 13299.391 13299.692 13730.406 13216.05 13224.464
"BIC" 6 14300.647 13669.424 13707.067 13771.511 13388.446 13434.923 13776.582 13311.701 13369.59
"ICL" 6 14300.647 13682.162 13727.203 13771.511 13398.466 13461.254 13776.582 13339.772 13401.742
"AWE" 6 14400.227 13889.62 14042.539 13879.389 13622.521 13801.485 13892.759 13580.423 13766.868
"AIC" 7 14725.78 14105.939 13713.071 14224.003 13770.073 13739.375 14226.623 13667.949 13673.05
"BIC" 7 14765.359 14188.397 13838.407 14266.881 13859.128 13874.606 14272.8 13763.6 13818.176
"ICL" 7 14765.359 14199.388 13861.038 14266.881 13868.791 13910.49 14272.8 13794.944 13852.49
"AWE" 7 14864.939 14406.846 14176.374 14374.759 14092.846 14250.721 14388.976 14035.595 14217.616
"AIC" 8 14698.921 13945.721 13916.411 14077.507 13589.219 13578.774 14086.075 13500.191 13517.01
"BIC" 8 14738.501 14028.179 14041.747 14120.385 13678.274 13714.005 14132.251 13595.842 13662.136
"ICL" 8 14738.501 14033.886 14050.84 14120.385 13684.933 13739.516 14132.251 13621.416 13685.933
"AWE" 8 14838.08 14241.344 14366.176 14228.263 13908.987 14079.747 14248.427 13862.067 14051.059
"AIC" 9 14451.82 13805.846 13441.975 13898.674 13448.546 13537.014 13922.931 13374.973 13390.944
"BIC" 9 14491.4 13888.304 13567.311 13941.552 13537.601 13672.245 13969.108 13470.624 13536.07
"ICL" 9 14491.4 13898.843 13583.709 13941.552 13558.549 13683.627 13969.108 13490.118 13555.886
"AWE" 9 14590.979 14106.301 13899.045 14049.43 13782.603 14023.858 14085.284 13730.769 13921.012
"AIC" 10 14793.604 14112.621 13705.949 14178.801 14200.784 13738.474 14212.487 13651.493 13657.627
"BIC" 10 14833.184 14195.079 13831.285 14221.679 14289.838 13873.705 14258.664 13747.144 13802.753
"ICL" 10 14833.184 14203.224 13854.779 14221.679 14290.88 13911.873 14258.664 13778.662 13836.632
"AWE" 10 14932.763 14410.682 14170.115 14329.558 14514.934 14252.104 14374.84 14019.313 14201.758
"AIC" 11 14179.011 13571.006 13302.932 13789.318 13366.346 13345.748 13814.459 13296.94 13308.89
"BIC" 11 14218.59 13653.464 13428.268 13832.196 13455.4 13480.979 13860.635 13392.592 13454.016
"ICL" 11 14218.59 13660.979 13448.972 13832.196 13489.506 13497.48 13860.635 13424.8 13486.384
"AWE" 11 14318.17 13868.437 13764.308 13940.074 13713.561 13837.711 13976.812 13665.452 13851.51
"AIC" 12 14442.016 13887.96 13539.154 13999.69 13590.273 13603.326 14009.296 13512.667 13527.464
"BIC" 12 14481.596 13970.418 13664.49 14042.568 13679.328 13738.557 14055.473 13608.318 13672.59
"ICL" 12 14481.596 13981.789 13680.416 14042.568 13712.629 13773.602 14055.473 13635.215 13702.719
"AWE" 12 14581.175 14189.247 13995.752 14150.447 13936.683 14113.833 14171.649 13875.866 14067.844
"AIC" 13 14883.605 14189.139 14179.746 14279.436 13871.493 13880.066 14290.523 13782.527 13796.229
"BIC" 13 14923.185 14271.597 14305.082 14322.314 13960.548 14015.297 14336.699 13878.178 13941.355
"ICL" 13 14923.185 14280.075 14313.83 14322.314 13995.213 14049.552 14336.699 13909.681 13972.876
"AWE" 13 15022.765 14487.532 14629.166 14430.192 14219.267 14389.783 14452.876 14150.333 14338.002
"AIC" 14 14387.091 13568.063 13562.608 13740.01 13272.119 13268.579 13771.131 13169.564 13186.21
"BIC" 14 14426.671 13650.521 13687.944 13782.888 13361.173 13403.81 13817.308 13265.215 13331.336
"ICL" 14 14426.671 13656.386 13694.615 13782.888 13366.516 13434.066 13817.308 13288.975 13357.429
"AWE" 14 14526.25 13863.844 14009.951 13890.766 13590.57 13774.297 13933.484 13529.626 13722.555
"AIC" 15 14702.783 14037.357 13639.191 14098.43 13648.795 13660.793 14123.883 13592.751 13611.843
"BIC" 15 14742.362 14119.814 13764.527 14141.308 13737.85 13796.024 14170.059 13688.402 13756.969
"ICL" 15 14742.362 14131.045 13779.432 14141.308 13765.039 13823.372 14170.059 13712.23 13784.418
"AWE" 15 14841.942 14338.503 14094.768 14249.186 13989.093 14163.603 14286.236 13952.881 14149.544
"AIC" 16 14578.647 13836.838 13862.838 13985.422 13506.006 13504.424 14003.706 13445.489 13477.143
"BIC" 16 14618.227 13919.296 13988.174 14028.3 13595.061 13639.655 14049.882 13541.14 13622.268
"ICL" 16 14618.227 13929.317 13998.198 14028.3 13619.817 13677.357 14049.882 13564.49 13646.118
"AWE" 16 14717.807 14136.775 14313.534 14136.178 13843.872 14017.588 14166.059 13805.141 14011.244
"AIC" 17 14871.89 14087.33 13720.947 14181.595 13724.583 13733.154 14201.912 13630.458 13647.05
"BIC" 17 14911.47 14169.788 13846.283 14224.473 13813.638 13868.385 14248.088 13726.109 13792.176
"ICL" 17 14911.47 14180.99 13864.583 14224.473 13835.521 13899.726 14248.088 13743.694 13818.328
"AWE" 17 15011.049 14388.448 14179.919 14332.351 14059.575 14239.957 14364.265 13984.345 14183.454
"AIC" 18 14659.999 13932.698 13470.841 13980.877 13502.87 13514.015 14003.791 13405.74 13418.862
"BIC" 18 14699.578 14015.156 13596.178 14023.755 13591.924 13649.246 14049.968 13501.391 13563.988
"ICL" 18 14699.578 14023.639 13612.847 14023.755 13617.011 13673.09 14049.968 13521.701 13582.613
"AWE" 18 14799.158 14231.097 13928.183 14131.633 13841.066 14013.321 14166.144 13762.352 13947.739
"AIC" 19 14803.707 14097.21 13784.811 14200.098 14216.681 13808.752 14227.129 13749.314 13759.289
"BIC" 19 14843.287 14179.668 13910.147 14242.976 14305.735 13943.983 14273.305 13844.965 13904.415
"ICL" 19 14843.287 14193.48 13931.844 14242.976 14305.756 13978.761 14273.305 13875.397 13933.132
"AWE" 19 14942.867 14400.938 14247.18 14350.854 14529.81 14318.992 14389.482 14116.048 14298.258
"AIC" 20 14895.177 14146.457 13778.263 14275.648 14280.12 13810.347 14315.459 13735.444 13743.379
"BIC" 20 14934.757 14228.915 13903.599 14318.526 14369.174 13945.578 14361.636 13831.095 13888.505
"ICL" 20 14934.757 14237.506 13926.497 14318.526 14370.029 13983.981 14361.636 13860.687 13921.773
"AWE" 20 15034.337 14444.964 14241.833 14426.404 14594.084 14324.212 14477.812 14101.338 14286.899
"AIC" 22 14634.227 14056.783 13708.347 14063.337 13679.409 13678.056 14114.932 13625.241 13646.395
"BIC" 22 14673.807 14139.241 13833.683 14106.215 13768.463 13813.287 14161.109 13720.892 13791.521
"ICL" 22 14673.807 14156.063 13856.473 14106.215 13805.751 13849.872 14161.109 13744.013 13815.409
"AWE" 22 14773.387 14363.521 14171.809 14214.093 14029.805 14190.103 14277.285 13984.665 14180.535
"AIC" 23 14593.813 13748.943 13377.914 13978.058 13987.172 13498.39 14013.19 13348.595 13367.321
"BIC" 23 14633.393 13831.401 13503.25 14020.936 14076.227 13633.621 14059.366 13444.246 13512.447
"ICL" 23 14633.393 13836.611 13519.662 14020.936 14077.724 13655.65 14059.366 13463.602 13531.66
"AWE" 23 14732.972 14044.069 13834.998 14128.814 14301.779 13995.881 14175.543 13704.253 13896.786
"AIC" 25 14883.605 14189.139 14179.746 14279.436 13871.493 13880.066 14290.523 13782.527 13796.229
"BIC" 25 14923.185 14271.597 14305.082 14322.314 13960.548 14015.297 14336.699 13878.178 13941.355
"ICL" 25 14923.185 14280.075 14313.83 14322.314 13995.213 14049.552 14336.699 13909.681 13972.876
"AWE" 25 15022.765 14487.532 14629.166 14430.192 14219.267 14389.783 14452.876 14150.333 14338.002
"AIC" 26 13997.835 13384.374 13151.361 13581.146 13179.484 13201.64 13601.204 13610.676 13132.623
"BIC" 26 14037.415 13466.832 13276.697 13624.024 13268.538 13336.871 13647.381 13706.328 13277.749
"ICL" 26 14037.415 13479.644 13296.235 13624.024 13292.91 13364.739 13647.381 13706.783 13301.2
"AWE" 26 14136.995 13687.102 13611.571 13731.902 13516.964 13704.97 13763.557 13947.434 13666.326
"AIC" 27 14528.756 13910.285 13511.552 14022.924 13551.597 13552.955 14060.241 13474.432 13488.557
"BIC" 27 14568.335 13992.743 13636.888 14065.802 13640.652 13688.186 14106.417 13570.083 13633.683
"ICL" 27 14568.335 13999.467 13651.538 14065.802 13670.362 13717 14106.417 13594.966 13662.214
"AWE" 27 14667.915 14206.925 13966.874 14173.68 13894.417 14057.231 14222.593 13835.617 14027.34
"AIC" 28 14503.915 13833.487 13474.9 13923.951 13496.12 13516.417 13978.273 13424.178 13438.34
"BIC" 28 14543.495 13915.945 13600.236 13966.829 13585.175 13651.648 14024.449 13519.829 13583.466
"ICL" 28 14543.495 13926.932 13618.19 13966.829 13617.291 13684.373 14024.449 13542.894 13611.071
"AWE" 28 14643.074 14134.39 13933.526 14074.707 13841.346 14024.604 14140.625 13783.545 13976.197
"AIC" 29 14538.788 13962.981 13547.02 13973.809 13556.692 13571.748 13979.261 13492.258 13503.902
"BIC" 29 14578.368 14045.438 13672.356 14016.687 13645.747 13706.979 14025.438 13587.909 13649.028
"ICL" 29 14578.368 14063.643 13692.459 14016.687 13677.145 13739.081 14025.438 13613.286 13675.726
"AWE" 29 14677.948 14271.101 14007.795 14124.565 13901.199 14079.312 14141.614 13853.937 14040.852
"AIC" 30 14511.216 13976.078 13461.724 13982.384 13977.151 13485.779 13986.613 13414.354 13432.781
"BIC" 30 14550.796 14058.536 13587.06 14025.262 14066.206 13621.01 14032.79 13510.005 13577.907
"ICL" 30 14550.796 14087.572 13606.537 14025.262 14067.591 13651.461 14032.79 13534.073 13601.473
"AWE" 30 14650.376 14295.03 13921.874 14133.14 14291.645 13991.692 14148.966 13774.724 13966.599
"AIC" 31 15029.591 14352.908 13866.304 14334.562 14336.017 13897.784 14334.513 13808.738 13827.703
"BIC" 31 15069.171 14435.366 13991.64 14377.44 14425.072 14033.015 14380.689 13904.389 13972.829
"ICL" 31 15069.171 14444.665 14010.473 14377.44 14431.167 14057.459 14380.689 13928.371 13995.695
"AWE" 31 15168.751 14652.123 14325.809 14485.318 14655.221 14397.69 14496.866 14169.022 14360.821
"AIC" 32 14824.012 14025.215 14021.003 14156.807 13659.79 13671.345 14144.154 13596.889 13610.766
"BIC" 32 14863.592 14107.673 14146.339 14199.685 13748.845 13806.576 14190.33 13692.54 13755.892
"ICL" 32 14863.592 14116.646 14155.225 14199.685 13755.91 13814.892 14190.33 13717.211 13781.211
"AWE" 32 14963.172 14324.104 14470.561 14307.563 13979.964 14155.123 14306.507 13957.862 14146.337
"AIC" 33 14341.781 13690.776 13692.536 13781.593 13404.034 13417.837 13822.673 13357.713 13374.854
"BIC" 33 14381.361 13773.234 13817.872 13824.472 13493.088 13553.068 13868.849 13453.365 13519.98
"ICL" 33 14381.361 13788.41 13833.453 13824.472 13523.175 13587.389 13868.849 13481.666 13549.068
"AWE" 33 14480.94 13995.868 14148.789 13932.35 13747.229 13927.62 13985.026 13722.317 13914.194
"AIC" 34 14733.34 14103.922 14106.652 14164.415 13789.074 13806.768 14185.316 13712.788 13718.243
"BIC" 34 14772.92 14186.38 14231.988 14207.293 13878.128 13941.999 14231.492 13808.44 13863.369
"ICL" 34 14772.92 14195.211 14240.887 14207.293 13920.21 13986.134 14231.492 13834.84 13898.128
"AWE" 34 14872.5 14402.669 14556.223 14315.171 14144.265 14326.365 14347.669 14075.491 14263.254
"AIC" 34 14597.73 13965.322 13932.36 14010.482 13635.079 13620.062 14045.223 13527.789 13536.428
"BIC" 34 14637.31 14047.78 14057.696 14053.36 13724.133 13755.293 14091.399 13623.44 13681.554
"ICL" 34 14637.31 14056.757 14066.701 14053.36 13732.767 13788.403 14091.399 13643.72 13702.106
"AWE" 34 14736.89 14264.215 14382.037 14161.238 13956.822 14128.634 14207.576 13884.371 14067.232
"AIC" 35 14620.358 13790.197 13777.128 13936.061 13474.212 13482.371 14014.07 13411.097 13428.517
"BIC" 35 14659.938 13872.655 13902.464 13978.939 13563.267 13617.602 14060.246 13506.749 13573.643
"ICL" 35 14659.938 13883.501 13913.884 13978.939 13593.153 13647.791 14060.246 13531.225 13598.368
"AWE" 35 14759.518 14090.959 14229.22 14086.817 13817.208 13988.022 14176.423 13771.876 13963.494
"AIC" 36 14626.205 14626.299 13627.26 14049.205 14053.361 13659.053 14093.243 13553.918 13571.76
"BIC" 36 14665.785 14708.757 13752.596 14092.083 14142.416 13794.284 14139.419 13649.569 13716.886
"ICL" 36 14665.785 14708.801 13772.84 14092.083 14142.472 13825.735 14139.419 13674.342 13741.618
"AWE" 36 14765.365 14916.259 14088.176 14199.961 14366.526 14165.966 14255.596 13914.994 14106.744
"AIC" 37 14978.033 14370.038 14373.5 14359.155 13921.502 13929.343 14354.387 13842.743 13859.216
"BIC" 37 15017.613 14452.496 14498.836 14402.033 14010.557 14064.574 14400.563 13938.394 14004.341
"ICL" 37 15017.613 14469.273 14516.318 14402.033 14051.524 14110.278 14400.563 13963.853 14036.049
"AWE" 37 15117.193 14676.731 14831.654 14509.911 14275.579 14450.509 14516.74 14204.504 14401.175
"AIC" 38 14350.077 13760.117 13667.882 13953.921 13475.089 13478.859 13943.955 13407.139 13413.817
"BIC" 38 14389.657 13842.575 13793.219 13996.799 13564.144 13614.09 13990.132 13502.79 13558.943
"ICL" 38 14389.657 13852.016 13804.96 13996.799 13582.517 13632.973 13990.132 13523.214 13579.571
"AWE" 38 14489.237 14059.474 14120.296 14104.677 13806.572 13973.204 14106.308 13763.866 13944.697
"AIC" 39 14597.73 13965.322 13932.36 14010.482 13635.079 13620.062 14045.223 13527.789 13536.428
"BIC" 39 14637.31 14047.78 14057.696 14053.36 13724.133 13755.293 14091.399 13623.44 13681.554
"ICL" 39 14637.31 14056.757 14066.701 14053.36 13732.767 13788.403 14091.399 13643.72 13702.106
"AWE" 39 14736.89 14264.215 14382.037 14161.238 13956.822 14128.634 14207.576 13884.371 14067.232
"AIC" 40 14620.358 13790.197 13777.128 13936.061 13474.212 13482.371 14014.07 13411.097 13428.517
"BIC" 40 14659.938 13872.655 13902.464 13978.939 13563.267 13617.602 14060.246 13506.749 13573.643
"ICL" 40 14659.938 13883.501 13913.884 13978.939 13593.153 13647.791 14060.246 13531.225 13598.368
"AWE" 40 14759.518 14090.959 14229.22 14086.817 13817.208 13988.022 14176.423 13771.876 13963.494
"AIC" 41 14728.166 14040.648 14066.648 14110.526 13714.827 13710.513 14160.874 13626.24 13628.395
"BIC" 41 14767.746 14123.106 14191.984 14153.404 13803.882 13845.744 14207.05 13721.892 13773.521
"ICL" 41 14767.746 14129.232 14198.112 14153.404 13810.917 13878.721 14207.05 13750.955 13803.93
"AWE" 41 14867.325 14336.69 14513.448 14261.282 14034.972 14218.952 14323.227 13991.606 14169.056
"AIC" 42 14615.002 13879.205 13488.639 14046.008 14046.072 13502.657 14063.927 13425.183 13436.227
"BIC" 42 14654.582 13961.663 13613.975 14088.886 14135.127 13637.888 14110.103 13520.834 13581.353
"ICL" 42 14654.582 13966.199 13629.343 14088.886 14140.492 13663.78 14110.103 13540.57 13609.233
"AWE" 42 14754.161 14173.657 13944.679 14196.764 14364.547 14004.011 14226.279 13781.221 13974.359
"AIC" 43 14361.051 13690.716 13306.715 13808.693 13819.637 13340.001 13824.483 13833.387 13253.427
"BIC" 43 14400.631 13773.174 13432.051 13851.571 13908.692 13475.232 13870.66 13929.038 13398.553
"ICL" 43 14400.631 13781.836 13448.267 13851.571 13909.021 13503.59 13870.66 13929.378 13420.813
"AWE" 43 14500.211 13989.294 13763.603 13959.449 14133.075 13843.821 13986.836 14170.03 13785.938
"AIC" 44 14767.22 14176.518 14126.803 14243.516 13780.945 13772.956 14232.914 13717.337 13718.442
"BIC" 44 14806.8 14258.976 14252.139 14286.394 13870 13908.187 14279.091 13812.988 13863.568
"ICL" 44 14806.8 14269.975 14266.045 14286.394 13903.893 13944.978 14279.091 13838.326 13891.325
"AWE" 44 14906.38 14477.433 14581.381 14394.272 14127.948 14285.209 14395.267 14078.977 14256.451
"AIC" 45 14419.061 13689.932 13688.49 13872.619 13459.366 13458.249 13903.403 13365.903 13377.676
"BIC" 45 14458.641 13772.39 13813.826 13915.497 13548.421 13593.48 13949.579 13461.554 13522.802
"ICL" 45 14458.641 13783.122 13824.513 13915.497 13559.051 13622.708 13949.579 13489.985 13549.94
"AWE" 45 14558.221 13990.58 14139.849 14023.375 13783.105 13962.939 14065.756 13730.636 13915.066
"AIC" 46 14154.25 13511.827 13219.574 13723.027 13225.815 13236.63 13759.732 13170.227 13190.608
"BIC" 46 14193.83 13594.285 13344.91 13765.905 13314.869 13371.861 13805.908 13265.878 13335.734
"ICL" 46 14193.83 13606.253 13365.251 13765.905 13336.66 13398.285 13805.908 13282.554 13355.313
"AWE" 46 14293.409 13813.711 13680.587 13873.783 13560.715 13738.516 13922.085 13523.205 13720.439
"AIC" 47 14675.763 13945.522 13668.163 14077.381 13701.283 13711.822 14104.822 13638.476 13645.953
"BIC" 47 14715.343 14027.98 13793.499 14120.259 13790.338 13847.053 14150.998 13734.128 13791.079
"ICL" 47 14715.343 14038.843 13818.742 14120.259 13800.112 13880.786 14150.998 13769.056 13825.289
"AWE" 47 14814.923 14246.301 14134.078 14228.137 14024.166 14221.017 14267.175 14009.708 14190.415
"AIC" 48 14923.595 14141.16 13756.526 14344.045 13844.705 13814.355 14322.545 13718.616 13732.341
"BIC" 48 14963.175 14223.618 13881.862 14386.923 13933.76 13949.586 14368.721 13814.267 13877.467
"ICL" 48 14963.175 14226.971 13895.453 14386.923 13937.876 13986.215 14368.721 13834.27 13900.232
"AWE" 48 15062.755 14434.429 14210.789 14494.802 14161.93 14326.446 14484.898 14074.921 14265.358
"AIC" 49 14786.036 14082.023 13654.713 14098.004 13685.34 13700.936 14122.289 13618.812 13638.407
"BIC" 49 14825.616 14164.481 13780.049 14140.883 13774.395 13836.167 14168.465 13714.463 13783.533
"ICL" 49 14825.616 14173.766 13795.471 14140.883 13815.46 13876.96 14168.465 13744.872 13815.643
"AWE" 49 14925.195 14381.224 14110.807 14248.761 14039.514 14217.191 14284.642 13985.523 14180.769
"AIC" 50 14474.37 13844.794 13478.996 13913.284 13552.256 13564.527 13912.71 13448.321 13470.36
"BIC" 50 14513.949 13927.252 13604.332 13956.162 13641.31 13699.758 13958.887 13543.972 13615.486
"ICL" 50 14513.949 13939.9 13624.997 13956.162 13651.196 13710.781 13958.887 13579.711 13653.227
"AWE" 50 14613.529 14147.358 13940.333 14064.04 13875.251 14051.012 14075.063 13820.362 14018.352
"AIC" 51 14345.645 13660.384 13686.384 13814.963 13357.804 13374.665 13820.685 13271.938 13285.39
"BIC" 51 14385.225 13742.842 13811.72 13857.842 13446.859 13509.896 13866.862 13367.589 13430.516
"ICL" 51 14385.225 13753.138 13822.024 13857.842 13477.212 13540.173 13866.862 13390.912 13453.092
"AWE" 51 14484.805 13960.596 14137.36 13965.72 13701.266 13880.404 13983.038 13631.563 13818.218
"AIC" 52 14614.496 13973.094 13586.262 14039.133 13622.847 13640.983 14051.874 13543.583 13561.59
"BIC" 52 14654.076 14055.552 13711.599 14082.011 13711.901 13776.214 14098.051 13639.234 13706.716
"ICL" 52 14654.076 14061.814 13731.678 14082.011 13739.161 13807.883 14098.051 13664.773 13734.051
"AWE" 52 14753.655 14269.272 14047.014 14189.889 13963.215 14148.114 14214.227 13905.424 14099.177
"AIC" 53 14740.539 14099.058 13642.29 14145.072 13658.473 13674.757 14145.376 13580.381 13600.242
"BIC" 53 14780.118 14181.516 13767.626 14187.95 13747.528 13809.988 14191.553 13676.032 13745.368
"ICL" 53 14780.118 14189.175 13778.477 14187.95 13768.204 13831.014 14191.553 13692.32 13761.848
"AWE" 53 14879.698 14396.633 14093.813 14295.828 13992.259 14171.245 14307.729 13932.971 14126.974
"AIC" 54 14508.186 13884.432 13894.222 13970.292 13624.313 13632.948 13978.842 13488.111 13508.591
"BIC" 54 14547.766 13966.89 14019.558 14013.17 13713.367 13768.179 14025.018 13583.763 13653.717
"ICL" 54 14547.766 13976.988 14030.022 14013.17 13726.305 13781.485 14025.018 13607.405 13679.141
"AWE" 54 14647.345 14184.446 14345.359 14121.048 13950.359 14121.716 14141.195 13848.056 14044.267
"AIC" 55 14275.172 13604.192 13610.386 13674.974 13234.408 13241.469 13701.204 13177.87 13200.318
"BIC" 55 14314.751 13686.65 13735.722 13717.852 13323.463 13376.7 13747.38 13273.521 13345.444
"ICL" 55 14314.751 13701.456 13750.736 13717.852 13354.165 13404.715 13747.38 13298.144 13368.625
"AWE" 55 14414.331 13908.914 14066.072 13825.731 13578.22 13744.946 13863.557 13538.795 13733.751
"AIC" 56 14839.976 14168.374 14145.999 14249.226 13755.456 13768.792 14243.294 13679.745 13693.199
"BIC" 56 14879.556 14250.831 14271.335 14292.104 13844.511 13904.023 14289.47 13775.396 13838.325
"ICL" 56 14879.556 14258.106 14278.914 14292.104 13874.912 13933.466 14289.47 13806.222 13868.857
"AWE" 56 14979.136 14465.564 14594.25 14399.982 14098.966 14273.697 14405.647 14046.873 14233.983
"AIC" 57 14896.05 14153.123 14129.55 14209.654 13815.577 13860.259 14233.905 13739.951 13757.446
"BIC" 57 14935.63 14235.581 14254.886 14252.532 13904.631 13995.49 14280.082 13835.602 13902.572
"ICL" 57 14935.63 14242.506 14262.12 14252.532 13938.968 14011.244 14280.082 13862.754 13936.599
"AWE" 57 15035.21 14449.964 14577.456 14360.411 14163.023 14351.475 14396.258 14103.405 14301.725
"AIC" 58 14271.789 13547.568 13538.017 13709.577 13250.952 13257.874 13756.432 13190.118 13200.826
"BIC" 58 14311.369 13630.026 13663.353 13752.455 13340.006 13393.105 13802.609 13285.769 13345.952
"ICL" 58 14311.369 13638.444 13680.663 13752.455 13360.988 13418.978 13802.609 13307.891 13372.391
"AWE" 58 14410.949 13845.902 13995.999 13860.333 13585.043 13759.209 13918.785 13548.542 13737.517
"AIC" 59 14440.026 13920.924 13531.335 13895.381 13532.43 13550.187 13923.714 13481.82 13501.096
"BIC" 59 14479.606 14003.382 13656.671 13938.259 13621.485 13685.418 13969.89 13577.472 13646.222
"ICL" 59 14479.606 14017.862 13679.79 13938.259 13656.787 13723.944 13969.89 13601.479 13673.896
"AWE" 59 14579.186 14225.32 13995.126 14046.137 13880.842 14064.175 14086.067 13842.13 14039.022
"AIC" 60 14520.972 13902.35 13467.951 13945.297 13950.783 13511.896 13969.799 13971.94 13438.174
"BIC" 60 14560.552 13984.808 13593.287 13988.175 14039.837 13647.127 14015.975 14067.592 13583.3
"ICL" 60 14560.552 13995.284 13607.795 13988.175 14040.757 13673.714 14015.975 14069.796 13607.527
"AWE" 60 14660.132 14202.742 13923.131 14096.053 14264.812 14013.945 14132.152 14310.447 13972.653
"AIC" 61 14674.497 14003.6 13980.793 14080.633 14052.965 13683.293 14113.248 13598.545 13606.405
"BIC" 61 14714.077 14086.058 14106.129 14123.511 14142.019 13818.524 14159.425 13694.196 13751.531
"ICL" 61 14714.077 14094.749 14115.163 14123.511 14157.668 13854.351 14159.425 13723.29 13780.302
"AWE" 61 14813.657 14302.207 14430.499 14231.389 14381.723 14194.582 14275.601 13963.941 14145.428
"AIC" 62 14627.973 13992.628 13586.281 14047.373 13582.197 13591.408 14071.394 14081.046 13535.689
"BIC" 62 14667.553 14075.086 13711.617 14090.251 13671.251 13726.639 14117.57 14176.698 13680.815
"ICL" 62 14667.553 14082.781 13730.19 14090.251 13694.127 13757.024 14117.57 14179.941 13703.145
"AWE" 62 14767.133 14290.239 14045.526 14198.13 13918.181 14097.255 14233.747 14420.592 14068.27
"AIC" 63 14264.859 13632.185 13624.35 13747.299 13359.265 13380.878 13760.87 13262.95 13279.868
"BIC" 63 14304.438 13714.643 13749.686 13790.177 13448.319 13516.109 13807.046 13358.601 13424.994
"ICL" 63 14304.438 13724.742 13759.75 13790.177 13487.165 13554.921 13807.046 13387.277 13452.556
"AWE" 63 14404.018 13932.2 14075.086 13898.055 13711.219 13895.152 13923.223 13627.928 13817.682
"AIC" 64 14674.497 14003.6 13980.793 14080.633 14052.965 13683.293 14113.248 13598.545 13606.405
"BIC" 64 14714.077 14086.058 14106.129 14123.511 14142.019 13818.524 14159.425 13694.196 13751.531
"ICL" 64 14714.077 14094.749 14115.163 14123.511 14157.668 13854.351 14159.425 13723.29 13780.302
"AWE" 64 14813.657 14302.207 14430.499 14231.389 14381.723 14194.582 14275.601 13963.941 14145.428
"AIC" 65 14518.826 13930.256 13588.623 13993.316 13992.886 13634.376 14005.91 13550.899 13559.905
"BIC" 65 14558.405 14012.714 13713.959 14036.194 14081.94 13769.607 14052.086 13646.55 13705.031
"ICL" 65 14558.405 14029.12 13735.198 14036.194 14082.197 13808.433 14052.086 13677.046 13736.264
"AWE" 65 14657.985 14236.578 14050.534 14144.072 14306.252 14148.664 14168.263 13917.697 14101.39
"AIC" 66 14518.826 13930.256 13588.623 13993.316 13992.886 13634.376 14005.91 13550.899 13559.905
"BIC" 66 14558.405 14012.714 13713.959 14036.194 14081.94 13769.607 14052.086 13646.55 13705.031
"ICL" 66 14558.405 14029.12 13735.198 14036.194 14082.197 13808.433 14052.086 13677.046 13736.264
"AWE" 66 14657.985 14236.578 14050.534 14144.072 14306.252 14148.664 14168.263 13917.697 14101.39
"AIC" 67 14751.235 14126.014 13656.994 14078.048 13715.118 13727.763 14074.354 13628.294 13640.293
"BIC" 67 14790.815 14208.472 13782.331 14120.926 13804.172 13862.994 14120.531 13723.945 13785.419
"ICL" 67 14790.815 14220.596 13799.06 14120.926 13840.652 13902.443 14120.531 13760.145 13820.928
"AWE" 67 14890.394 14428.054 14114.396 14228.804 14064.707 14242.674 14236.707 14000.796 14186.054
"AIC" 68 14475.642 13717.284 13723.014 13828.332 13323.463 13340.676 13859.387 13273.265 13291.988
"BIC" 68 14515.222 13799.742 13848.35 13871.21 13412.517 13475.907 13905.563 13368.916 13437.114
"ICL" 68 14515.222 13809.951 13860.033 13871.21 13445.484 13509.722 13905.563 13392.992 13464.595
"AWE" 68 14614.802 14017.409 14175.369 13979.088 13669.539 13849.953 14021.74 13633.644 13829.721
"AIC" 69 14278.394 13605.361 13207.111 13683.241 13257.592 13218.451 13705.906 13147.485 13163.568
"BIC" 69 14317.973 13687.819 13332.447 13726.119 13346.647 13353.682 13752.083 13243.136 13308.694
"ICL" 69 14317.973 13699.182 13349.154 13726.119 13357.822 13385.494 13752.083 13261.352 13330.574
"AWE" 69 14417.553 13906.64 13664.49 13833.998 13581.876 13725.725 13868.259 13502.003 13695.7
"AIC" 70 14475.427 14007.937 13602.64 14034.494 13633.683 13646.862 14035.127 13558.569 13575.032
"BIC" 70 14515.007 14090.395 13727.976 14077.372 13722.737 13782.093 14081.303 13654.22 13720.158
"ICL" 70 14515.007 14103.412 13744.809 14077.372 13763.319 13825.16 14081.303 13682.99 13750.548
"AWE" 70 14614.587 14310.87 14060.145 14185.25 13987.373 14165.391 14197.48 13923.641 14115.674
"AIC" 71 14822.776 14179.398 13818.106 14290.45 13825.859 13841.45 14316.016 13747.822 13765.806
"BIC" 71 14862.355 14261.856 13943.442 14333.328 13914.913 13976.681 14362.193 13843.473 13910.932
"ICL" 71 14862.355 14276.032 13966.443 14333.328 13948.547 14010.226 14362.193 13869.35 13935.475
"AWE" 71 14961.935 14483.49 14281.779 14441.206 14172.602 14350.457 14478.369 14110.002 14300.601
"AIC" 72 14699.028 13929.785 13620.494 14046.173 13661.329 13680.859 14075.662 13574.398 13594.666
"BIC" 72 14738.608 14012.243 13745.83 14089.051 13750.383 13816.09 14121.839 13670.049 13739.792
"ICL" 72 14738.608 14023.647 13768.919 14089.051 13787.858 13832.874 14121.839 13704.322 13774.421
"AWE" 72 14838.188 14231.105 14084.255 14196.929 14011.912 14173.105 14238.015 13944.973 14139.547
"AIC" 73 14799.277 14012.43 13569.281 13998.1 13625.386 13598.458 14031.24 14007.524 13527.309
"BIC" 73 14838.856 14094.888 13694.617 14040.978 13714.44 13733.689 14077.417 14103.175 13672.435
"ICL" 73 14838.856 14102.901 13708.004 14040.978 13722.838 13771.477 14077.417 14115.993 13698.415
"AWE" 73 14938.436 14310.359 14023.34 14148.857 13946.893 14111.708 14193.593 14356.644 14063.541
"AIC" 74 14743.395 14006.167 13985.471 14076.358 13649.189 13666.788 14074.165 13550.352 13561.863
"BIC" 74 14782.974 14088.625 14110.807 14119.236 13738.243 13802.019 14120.342 13646.003 13706.989
"ICL" 74 14782.974 14097.63 14120.114 14119.236 13769.664 13813.062 14120.342 13671.794 13733.959
"AWE" 74 14882.554 14305.088 14435.45 14227.114 13993.718 14153.293 14236.518 13912.446 14099.085
"AIC" 75 14636.938 14070.128 14068.165 14074.477 13679.456 13688.55 14070.018 13598.851 13620.109
"BIC" 75 14676.517 14152.586 14193.501 14117.355 13768.51 13823.781 14116.195 13694.502 13765.235
"ICL" 75 14676.517 14164.93 14207.858 14117.355 13795.449 13851.68 14116.195 13714.328 13785.216
"AWE" 75 14776.097 14372.388 14523.194 14225.233 14019.504 14191.911 14232.371 13954.979 14150.342
"AIC" 76 14866.997 14250.738 13818.423 14290.316 13843.27 13851.751 14278.638 13754.956 13771.429
"BIC" 76 14906.577 14333.196 13943.759 14333.195 13932.325 13986.982 14324.814 13850.607 13916.555
"ICL" 76 14906.577 14340.484 13961.473 14333.195 13966.393 14020.062 14324.814 13874.714 13941.341
"AWE" 76 15006.157 14547.942 14276.809 14441.073 14190.448 14360.293 14440.991 14115.365 14306.467
"AIC" 77 14715.009 13938.653 13950.307 14122.689 13611.526 13631.316 14141.815 14112.942 13530.918
"BIC" 77 14754.589 14021.11 14075.643 14165.567 13700.581 13766.547 14187.991 14208.593 13676.044
"ICL" 77 14754.589 14025.317 14079.841 14165.567 13732.729 13797.394 14187.991 14232.739 13712.139
"AWE" 77 14854.169 14232.775 14395.177 14273.445 13956.784 14137.625 14304.168 14473.391 14077.264
"AIC" 78 14180.797 13528.389 13511.118 13747.894 13227.846 13245.064 13767.683 13146.045 13143.989
"BIC" 78 14220.376 13610.847 13636.454 13790.772 13316.901 13380.295 13813.859 13241.696 13289.115
"ICL" 78 14220.376 13617.213 13643.973 13790.772 13338.147 13402.089 13813.859 13260.091 13306.879
"AWE" 78 14319.956 13824.671 13959.309 13898.65 13562.201 13742.32 13930.036 13500.742 13672.005
"AIC" 79 14850.38 14245.528 13913.144 14343.98 13943.22 13949.743 14343.864 13851.007 13868.004
"BIC" 79 14889.96 14327.986 14038.48 14386.858 14032.275 14084.974 14390.04 13946.658 14013.13
"ICL" 79 14889.96 14339.866 14063.312 14386.858 14075.046 14130.404 14390.04 13978.569 14044.05
"AWE" 79 14989.54 14547.324 14378.648 14494.736 14299.101 14470.635 14506.217 14219.221 14409.176
"AIC" 80 14325.778 13622.044 13626.24 13793.134 13370.374 13333.125 13812.006 13821.038 13282.549
"BIC" 80 14365.358 13704.502 13751.576 13836.012 13459.429 13468.356 13858.182 13916.689 13427.675
"ICL" 80 14365.358 13716.811 13767.314 13836.012 13470.321 13495.435 13858.182 13918.121 13455.169
"AWE" 80 14464.938 13924.269 14082.65 13943.891 13694.375 13835.666 13974.358 14158.772 13820.295
"AIC" 81 14726.833 14096.105 14099.329 14118.283 13705.203 13678.092 14110.97 13571.808 13586.986
"BIC" 81 14766.413 14178.563 14224.665 14161.161 13794.257 13813.323 14157.146 13667.459 13732.112
"ICL" 81 14766.413 14193.012 14239.854 14161.161 13803.329 13850.186 14157.146 13697.519 13764.139
"AWE" 81 14865.993 14400.47 14555.19 14269.039 14027.384 14190.417 14273.322 13938.17 14129.264
"AIC" 82 14770.435 14124.879 14156.922 14155.901 13721.039 13726.034 14176.911 13658.793 13671.082
"BIC" 82 14810.015 14207.337 14282.258 14198.779 13810.094 13861.265 14223.087 13754.444 13816.208
"ICL" 82 14810.015 14226.762 14301.504 14198.779 13845.778 13897.618 14223.087 13782.659 13843.552
"AWE" 82 14909.595 14434.22 14616.84 14306.658 14069.833 14237.849 14339.264 14023.31 14208.678
"AIC" 83 14466.254 13728.65 13402.777 13857.232 13458.236 13467.284 13913.794 13380.32 13390.808
"BIC" 83 14505.834 13811.108 13528.113 13900.11 13547.29 13602.515 13959.971 13475.972 13535.934
"ICL" 83 14505.834 13821.984 13547.678 13900.11 13589.163 13645.679 13959.971 13510.595 13568.373
"AWE" 83 14605.414 14029.442 13863.014 14007.988 13813.218 13985.91 14076.147 13751.247 13933.499
"AIC" 84 14610.417 13820.072 13506.391 13945.397 13597.728 13560.549 14005.86 13465.173 13481.158
"BIC" 84 14649.996 13902.53 13631.727 13988.275 13686.782 13695.78 14052.037 13560.824 13626.284
"ICL" 84 14649.996 13911.879 13648.871 13988.275 13698.352 13738.79 14052.037 13587.473 13660.191
"AWE" 84 14749.576 14119.336 13964.207 14096.154 13922.406 14079.021 14168.213 13828.125 14025.317
"AIC" 85 14860.27 14173.476 14145.873 14220.223 13873.131 13802.664 14242.867 13725.597 13737.868
"BIC" 85 14899.85 14255.934 14271.209 14263.102 13962.185 13937.895 14289.044 13821.248 13882.994
"ICL" 85 14899.85 14278.509 14291.277 14263.102 13975.508 13965.006 14289.044 13845.478 13918.291
"AWE" 85 14999.43 14485.967 14606.613 14370.98 14199.563 14305.237 14405.22 14086.129 14283.417
"AIC" 86 14906.438 14181.864 13754.402 14208.482 14215.15 13801.067 14196.46 13688.764 13691.005
"BIC" 86 14946.018 14264.322 13879.738 14251.36 14304.205 13936.298 14242.636 13784.415 13836.131
"ICL" 86 14946.018 14273.24 13898.286 14251.36 14304.302 13958.431 14242.636 13808.757 13871.769
"AWE" 86 15045.598 14480.698 14213.622 14359.239 14528.357 14298.662 14358.812 14049.409 14236.895
"AIC" 87 14689.341 13960.126 13629.336 14053.487 13652.167 13669.463 14097.418 13572.294 13587.237
"BIC" 87 14728.921 14042.583 13754.672 14096.366 13741.221 13804.694 14143.594 13667.945 13732.363
"ICL" 87 14728.921 14057.289 13773.055 14096.366 13778.557 13842.045 14143.594 13693.547 13756.931
"AWE" 87 14828.501 14264.747 14088.391 14204.244 14002.612 14182.276 14259.77 13934.198 14122.057
"AIC" 88 14554.979 13813.623 13810.704 13954.345 13467.509 13475.028 13976.537 13397.172 13414.76
"BIC" 88 14594.559 13896.081 13936.04 13997.223 13556.564 13610.259 14022.714 13492.823 13559.886
"ICL" 88 14594.559 13903.409 13943.561 13997.223 13583.463 13650.737 14022.714 13512.097 13598.207
"AWE" 88 14694.138 14110.867 14258.897 14105.102 13807.517 13990.968 14138.89 13752.748 13963.333
"AIC" 89 14866.997 14250.738 13818.423 14290.316 13843.27 13851.751 14278.638 13754.956 13771.429
"BIC" 89 14906.577 14333.196 13943.759 14333.195 13932.325 13986.982 14324.814 13850.607 13916.555
"ICL" 89 14906.577 14340.484 13961.473 14333.195 13966.393 14020.062 14324.814 13874.714 13941.341
"AWE" 89 15006.157 14547.942 14276.809 14441.073 14190.448 14360.293 14440.991 14115.365 14306.467
"AIC" 91 14180.797 13528.389 13511.118 13747.894 13227.846 13245.064 13767.683 13146.045 13143.989
"BIC" 91 14220.376 13610.847 13636.454 13790.772 13316.901 13380.295 13813.859 13241.696 13289.115
"ICL" 91 14220.376 13617.213 13643.973 13790.772 13338.147 13402.089 13813.859 13260.091 13306.879
"AWE" 91 14319.956 13824.671 13959.309 13898.65 13562.201 13742.32 13930.036 13500.742 13672.005
"AIC" 91 14574.212 13901.119 13912.153 13956.42 13548.532 13558.66 14002.558 13488.937 13501.77
"BIC" 91 14613.792 13983.577 14037.489 13999.298 13637.587 13693.891 14048.735 13584.588 13646.896
"ICL" 91 14613.792 13995.444 14049.299 13999.298 13663.666 13728.882 14048.735 13607.002 13676.738
"AWE" 91 14713.371 14202.902 14364.635 14107.176 13887.721 14069.113 14164.911 13847.653 14041.864
"AIC" 91 14574.212 13901.119 13912.153 13956.42 13548.532 13558.66 14002.558 13488.937 13501.77
"BIC" 91 14613.792 13983.577 14037.489 13999.298 13637.587 13693.891 14048.735 13584.588 13646.896
"ICL" 91 14613.792 13995.444 14049.299 13999.298 13663.666 13728.882 14048.735 13607.002 13676.738
"AWE" 91 14713.371 14202.902 14364.635 14107.176 13887.721 14069.113 14164.911 13847.653 14041.864
"AIC" 92 14850.38 14245.528 13913.144 14343.98 13943.22 13949.743 14343.864 13851.007 13868.004
"BIC" 92 14889.96 14327.986 14038.48 14386.858 14032.275 14084.974 14390.04 13946.658 14013.13
"ICL" 92 14889.96 14339.866 14063.312 14386.858 14075.046 14130.404 14390.04 13978.569 14044.05
"AWE" 92 14989.54 14547.324 14378.648 14494.736 14299.101 14470.635 14506.217 14219.221 14409.176
"AIC" 93 14501.613 13867.034 13486.493 13933.47 13550.136 13525.522 13927.012 13431.488 13448.412
"BIC" 93 14541.193 13949.492 13611.829 13976.348 13639.19 13660.753 13973.188 13527.139 13593.538
"ICL" 93 14541.193 13959.811 13629.566 13976.348 13649.658 13695.428 13973.188 13550.641 13622.92
"AWE" 93 14640.772 14167.269 13944.902 14084.226 13873.713 14035.659 14089.365 13791.292 13988.046
"AIC" 94 14688.957 14006.753 13990.641 14187.566 13731.291 13749.936 14203.355 13657.222 13655.496
"BIC" 94 14728.536 14089.211 14115.977 14230.444 13820.345 13885.167 14249.532 13752.873 13800.622
"ICL" 94 14728.536 14099.658 14126.425 14230.444 13855.127 13924.845 14249.532 13782.932 13827.115
"AWE" 94 14828.116 14307.116 14441.761 14338.322 14079.182 14265.076 14365.708 14023.583 14192.241
"AIC" 95 14585.276 13922.453 13939.902 14031.988 13631.493 13639.163 14036.732 13540.427 13546.375
"BIC" 95 14624.856 14004.911 14065.238 14074.866 13720.548 13774.394 14082.908 13636.078 13691.501
"ICL" 95 14624.856 14015.693 14077.38 14074.866 13748.809 13804.64 14082.908 13661.126 13716.978
"AWE" 95 14724.436 14223.151 14392.716 14182.745 13972.864 14144.871 14199.085 13901.777 14082.104
"AIC" 96 14677.626 13908.663 13911.278 14040.893 13575.342 13574.897 14057.441 13522.862 13528.496
"BIC" 96 14717.205 13991.121 14036.614 14083.771 13664.396 13710.128 14103.617 13618.513 13673.622
"ICL" 96 14717.205 13996.561 14042.732 14083.771 13686.567 13732.559 14103.617 13640.109 13695.431
"AWE" 96 14816.785 14204.018 14358.068 14191.649 13910.622 14072.79 14219.794 13880.761 14060.557
"AIC" 97 14783.003 14159.84 13670.195 14191.323 14204.197 13671.471 14180.062 13591.057 13588.559
"BIC" 97 14822.583 14242.298 13795.531 14234.201 14293.252 13806.702 14226.239 13686.708 13733.685
"ICL" 97 14822.583 14248.762 13809.388 14234.201 14295.042 13831.929 14226.239 13704.932 13751.877
"AWE" 97 14922.163 14456.22 14124.724 14342.079 14519.097 14172.16 14342.415 13945.583 14117.003
"AIC" 98 14617.129 13956.707 13594.637 14046.131 14065.76 13641.689 14073.682 13550.944 13564.757
"BIC" 98 14656.708 14039.165 13719.973 14089.009 14154.814 13776.92 14119.859 13646.595 13709.883
"ICL" 98 14656.708 14048.76 13738.85 14089.009 14157.014 13815.924 14119.859 13672.277 13739.264
"AWE" 98 14756.288 14256.218 14054.186 14196.888 14381.069 14156.155 14236.035 13912.928 14104.39
"AIC" 99 14708.042 14038.627 13710.6 14175.851 13769.682 13756.851 14173.097 13657.353 13679.324
"BIC" 99 14747.621 14121.085 13835.936 14218.729 13858.737 13892.082 14219.273 13753.005 13824.45
"ICL" 99 14747.621 14129.489 13858.892 14218.729 13867.359 13923.6 14219.273 13783.329 13856.775
"AWE" 99 14847.201 14336.947 14174.228 14326.607 14091.414 14263.831 14335.449 14023.98 14221.901
"AIC" 100 14846.977 14111.852 14122.756 14257.22 13744.042 13763.63 14263.609 14275.454 13667.421
"BIC" 100 14886.557 14194.31 14248.092 14300.098 13833.097 13898.861 14309.786 14371.106 13812.547
"ICL" 100 14886.557 14203.449 14257.534 14300.098 13867.976 13933.394 14309.786 14383.639 13845.786
"AWE" 100 14986.137 14410.907 14572.87 14407.976 14092.031 14273.625 14425.962 14624.29 14210.912
