"CCR" 1 0.973333333333333 0.986666666666667 0.973333333333333 0.973333333333333 0.733333333333333 0.986666666666667
"ARI" 1 0.917866790521042 0.957681361585466 0.917866790521042 0.927095927823541 0.520309728044632 0.957681361585466
"CCR" 2 0.906666666666667 0.906666666666667 0.996666666666667 0.906666666666667 0.973333333333333 0.973333333333333
"ARI" 2 0.757121990403523 0.757121990403523 0.959379252406031 0.757121990403523 0.920688543481541 0.920688543481541
"CCR" 98 0.986666666666667 0.986666666666667 1 0.986666666666667 0.986666666666667 0.986666666666667
"ARI" 98 0.960717714624501 0.960717714624501 1 0.960717714624501 0.960717714624501 0.960717714624501
"CCR" 99 0.96 0.986666666666667 0.996666666666667 0.96 0.973333333333333 0.986666666666667
"ARI" 99 0.898116532657782 0.964227139208286 0.964227139208286 0.898116532657782 0.930080317543468 0.964227139208286
"CCR" 100 0.986666666666667 1 1 0.933333333333333 1 0.946666666666667
"ARI" 100 0.96349722858463 1 1 0.836371033840239 1 0.865310441231669
"CCR" 3 1 1 1 0.733333333333333 0.733333333333333 1
"ARI" 3 1 1 1 0.553705151891024 0.553705151891024 1
"CCR" 4 1 1 1 0.986666666666667 1 0.986666666666667
"ARI" 4 1 1 1 0.961419132566341 1 0.961419132566341
"CCR" 5 0.986666666666667 0.986666666666667 0.986666666666667 0.986666666666667 0.986666666666667 0.986666666666667
"ARI" 5 0.960183613418481 0.960183613418481 0.960183613418481 0.960183613418481 0.960183613418481 0.960183613418481
"CCR" 6 0.986666666666667 0.986666666666667 0.996666666666667 1 0.986666666666667 0.986666666666667
"ARI" 6 0.964463426978397 0.964463426978397 0.964463426978397 1 0.964463426978397 0.964463426978397
"CCR" 7 0.96 0.96 0.96 0.96 0.96 0.96
"ARI" 7 0.887324225792236 0.887324225792236 0.887324225792236 0.887324225792236 0.887324225792236 0.887324225792236
"CCR" 8 0.96 1 1 0.96 0.96 1
"ARI" 8 0.906233027786561 1 0.906233027786561 0.906233027786561 0.906233027786561 1
"CCR" 9 0.92 1 1 0.906666666666667 0.8 1
"ARI" 9 0.823347304727156 1 1 0.800510931826073 0.685132625776751 1
"CCR" 10 0.973333333333333 0.933333333333333 0.936666666666667 0.906666666666667 0.946666666666667 0.906666666666667
"ARI" 10 0.916896166857293 0.813862348253704 0.747534790886303 0.755270661352003 0.849701937233269 0.755270661352003
"CCR" 11 1 1 1 1 0.986666666666667 1
"ARI" 11 1 1 1 1 0.958479286192846 1
"CCR" 12 0.946666666666667 0.986666666666667 0.986666666666667 0.986666666666667 0.986666666666667 0.986666666666667
"ARI" 12 0.856758778158144 0.961279509199989 0.961279509199989 0.961279509199989 0.961279509199989 0.961279509199989
"CCR" 13 0.986666666666667 0.986666666666667 0.986666666666667 0.986666666666667 0.946666666666667 0.973333333333333
"ARI" 13 0.962065255613426 0.961861369844267 0.961861369844267 0.962065255613426 0.856604979013358 0.926001887488087
"CCR" 14 0.706666666666667 1 1 0.946666666666667 1 1
"ARI" 14 0.420440305658616 1 1 0.855308691793345 1 1
"CCR" 15 0.973333333333333 0.973333333333333 0.993333333333333 0.973333333333333 0.986666666666667 1
"ARI" 15 0.924363305982226 0.924363305982226 0.924363305982226 0.924363305982226 0.961216563458088 1
"CCR" 16 0.973333333333333 0.973333333333333 0.973333333333333 0.973333333333333 0.973333333333333 0.973333333333333
"ARI" 16 0.917872108549831 0.917386416172824 0.917386416172824 0.917872108549831 0.917386416172824 0.917386416172824
"CCR" 17 0.973333333333333 0.986666666666667 0.986666666666667 0.92 0.973333333333333 0.986666666666667
"ARI" 17 0.921339578730708 0.959718204526425 0.959718204526425 0.788463059113724 0.920795752939833 0.959718204526425
"CCR" 18 0.933333333333333 0.986666666666667 0.973333333333333 0.933333333333333 0.986666666666667 0.973333333333333
"ARI" 18 0.838058158190953 0.963798678183364 0.92880742254426 0.823033567171978 0.963798678183364 0.92880742254426
"CCR" 19 0.946666666666667 0.986666666666667 0.986666666666667 0.946666666666667 0.986666666666667 0.986666666666667
"ARI" 19 0.861788084117968 0.962301306859124 0.962301306859124 0.861788084117968 0.962301306859124 0.962301306859124
"CCR" 20 1 1 1 0.76 0.746666666666667 0.96
"ARI" 20 1 1 1 0.593306037207002 0.544380279007074 0.879420413098272
"CCR" 21 0.893333333333333 1 1 0.893333333333333 0.986666666666667 0.986666666666667
"ARI" 21 0.701424286847874 1 1 0.701424286847874 0.966319759710052 0.955928889078825
"CCR" 22 0.96 0.986666666666667 0.986666666666667 0.96 0.96 0.96
"ARI" 22 0.889621968465354 0.962852135692454 0.962852135692454 0.889621968465354 0.889621968465354 0.889621968465354
"CCR" 23 1 1 1 1 1 1
"ARI" 23 1 1 1 1 1 1
"CCR" 24 1 1 1 0.986666666666667 1 0.96
"ARI" 24 1 1 1 0.95779065856713 1 0.879195237685951
"CCR" 25 1 1 1 1 1 1
"ARI" 25 1 1 1 1 1 1
"CCR" 26 0.96 1 1 0.773333333333333 0.773333333333333 1
"ARI" 26 0.892607527922043 1 1 0.624077400070793 0.624077400070793 1
"CCR" 27 0.973333333333333 0.986666666666667 0.986666666666667 0.973333333333333 0.986666666666667 0.986666666666667
"ARI" 27 0.92266894953501 0.960365813529309 0.960365813529309 0.92266894953501 0.960365813529309 0.960365813529309
"CCR" 28 0.96 1 1 0.96 1 0.986666666666667
"ARI" 28 0.89901061835939 1 1 0.892407640782997 1 0.953627163508672
"CCR" 29 0.973333333333333 0.986666666666667 0.933333333333333 0.96 0.973333333333333 1
"ARI" 29 0.91324521718964 0.955685640664727 0.797556196043044 0.883965235681027 0.924913891293258 1
"CCR" 30 0.946666666666667 0.986666666666667 0.946666666666667 0.946666666666667 0.973333333333333 0.96
"ARI" 30 0.836753381893861 0.95624600892649 0.836753381893861 0.836753381893861 0.915278529255621 0.874988596932828
"CCR" 31 0.986666666666667 1 1 0.986666666666667 1 1
"ARI" 31 0.964463426978397 1 1 0.964463426978397 1 1
"CCR" 32 0.973333333333333 0.973333333333333 0.983333333333333 0.933333333333333 0.973333333333333 0.973333333333333
"ARI" 32 0.922497653128051 0.922497653128051 0.922497653128051 0.821005498980299 0.922497653128051 0.922497653128051
"CCR" 33 0.986666666666667 1 1 1 1 1
"ARI" 33 0.962828328831989 1 1 1 1 1
"CCR" 34 1 0.96 1 1 0.973333333333333 1
"ARI" 34 1 0.886774589211798 1 1 0.92266894953501 1
"CCR" 35 0.96 1 0.96 0.946666666666667 0.946666666666667 0.946666666666667
"ARI" 35 0.890517647543158 1 0.890517647543158 0.84820000910757 0.84820000910757 0.84820000910757
"CCR" 36 1 1 1 1 0.986666666666667 0.96
"ARI" 36 1 1 1 1 0.954123738609462 0.870347404202162
"CCR" 37 0.906666666666667 1 0.906666666666667 0.693333333333333 0.986666666666667 0.906666666666667
"ARI" 37 0.737522564908882 1 0.737522564908882 0.504276936960998 0.9567789908427 0.737522564908882
"CCR" 38 0.933333333333333 0.986666666666667 1 0.933333333333333 0.973333333333333 0.986666666666667
"ARI" 38 0.814352735127944 0.958964398982948 1 0.814352735127944 0.919863518074858 0.958964398982948
"CCR" 39 0.733333333333333 0.973333333333333 0.973333333333333 0.733333333333333 0.973333333333333 0.973333333333333
"ARI" 39 0.425425089914067 0.926987718607865 0.930662465906206 0.425425089914067 0.930662465906206 0.93009491290204
"CCR" 40 0.893333333333333 1 1 0.853333333333333 1 1
"ARI" 40 0.724235815643056 1 1 0.653742023661325 1 1
"CCR" 41 0.973333333333333 1 0.933333333333333 0.893333333333333 1 1
"ARI" 41 0.921415068863084 1 0.80406852248394 0.703904555314534 1 1
"CCR" 42 0.946666666666667 1 1 0.946666666666667 0.986666666666667 0.933333333333333
"ARI" 42 0.839241707478997 1 1 0.839241707478997 0.957015711075436 0.801623972158485
"CCR" 43 0.96 0.986666666666667 0.96 0.96 0.973333333333333 0.96
"ARI" 43 0.879798687831287 0.957669226713498 0.879798687831287 0.879798687831287 0.917205187480386 0.879798687831287
"CCR" 44 0.986666666666667 0.973333333333333 1 0.986666666666667 1 1
"ARI" 44 0.961587242811883 0.924074264886945 1 0.961329476345368 1 1
"CCR" 45 0.986666666666667 0.986666666666667 1 0.866666666666667 0.986666666666667 1
"ARI" 45 0.967177008144063 0.96690503179419 0.967177008144063 0.754109383404846 0.96690503179419 1
"CCR" 46 0.933333333333333 0.986666666666667 0.986666666666667 0.933333333333333 0.986666666666667 0.986666666666667
"ARI" 46 0.862194675188061 0.969173912114674 0.969173912114674 0.862194675188061 0.969173912114674 0.969173912114674
"CCR" 47 0.933333333333333 0.96 0.983333333333333 0.933333333333333 0.973333333333333 0.973333333333333
"ARI" 47 0.845949657061674 0.90974821935676 0.858252513144632 0.845949657061674 0.938128894278016 0.938128894278016
"CCR" 48 1 1 1 0.973333333333333 1 1
"ARI" 48 1 1 1 0.915052955244277 1 1
"CCR" 49 1 1 1 1 1 1
"ARI" 49 1 1 1 1 1 1
"CCR" 50 0.813333333333333 0.973333333333333 0.993333333333333 0.96 0.973333333333333 0.96
"ARI" 50 0.702811009801579 0.935328252814095 0.935328252814095 0.891266139716551 0.921752370926659 0.891266139716551
"CCR" 51 0.933333333333333 0.973333333333333 0.933333333333333 0.933333333333333 0.973333333333333 0.933333333333333
"ARI" 51 0.81341115869855 0.918829376949585 0.81341115869855 0.81341115869855 0.918829376949585 0.81341115869855
"CCR" 52 0.973333333333333 0.973333333333333 0.983333333333333 0.973333333333333 0.973333333333333 0.973333333333333
"ARI" 52 0.923016593622977 0.923016593622977 0.913704040274903 0.923016593622977 0.923016593622977 0.923016593622977
"CCR" 53 0.96 0.96 1 0.96 0.96 0.96
"ARI" 53 0.893500042739541 0.893500042739541 1 0.893500042739541 0.893500042739541 0.893500042739541
"CCR" 54 0.973333333333333 0.973333333333333 0.973333333333333 0.973333333333333 0.973333333333333 0.973333333333333
"ARI" 54 0.922800182544939 0.922800182544939 0.922800182544939 0.922755695379378 0.922800182544939 0.922800182544939
"CCR" 55 1 1 1 1 1 1
"ARI" 55 1 1 1 1 1 1
"CCR" 56 0.973333333333333 0.986666666666667 0.996666666666667 0.973333333333333 0.986666666666667 0.986666666666667
"ARI" 56 0.922448278890761 0.960282564861792 0.854124118369456 0.922448278890761 0.960282564861792 0.960282564861792
"CCR" 57 0.946666666666667 0.8 1 0.973333333333333 0.8 1
"ARI" 57 0.866906925410324 0.665494769625279 1 0.93046891060557 0.665494769625279 1
"CCR" 58 0.96 1 0.96 0.96 1 0.96
"ARI" 58 0.913760343442924 1 0.993760343442924 0.913760343442924 1 0.913760343442924
"CCR" 59 0.986666666666667 0.973333333333333 0.973333333333333 0.986666666666667 0.973333333333333 0.973333333333333
"ARI" 59 0.959182839632278 0.918883143743537 0.918883143743537 0.959182839632278 0.918883143743537 0.918883143743537
"CCR" 60 1 1 1 1 1 1
"ARI" 60 1 1 1 1 1 1
"CCR" 61 0.96 0.986666666666667 1 0.96 0.96 0.986666666666667
"ARI" 61 0.900251033853207 0.964863959158626 1 0.900251033853207 0.900251033853207 0.96458088874102
"CCR" 62 0.946666666666667 0.946666666666667 0.946666666666667 0.933333333333333 1 0.973333333333333
"ARI" 62 0.844196891533955 0.844196891533955 0.844196891533955 0.80366427032423 1 0.917461420264056
"CCR" 63 0.92 0.986666666666667 0.986666666666667 0.893333333333333 0.986666666666667 0.966666666666667
"ARI" 63 0.776992957132378 0.957996182106199 0.957996182106199 0.71030675610982 0.957996182106199 0.957996182106199
"CCR" 64 0.973333333333333 0.986666666666667 0.986666666666667 0.973333333333333 0.986666666666667 0.973333333333333
"ARI" 64 0.928804581696305 0.96338409273039 0.96338409273039 0.928804581696305 0.96338409273039 0.928804581696305
"CCR" 65 0.973333333333333 1 1 0.96 1 0.946666666666667
"ARI" 65 0.926492690730305 1 1 0.883226460252898 1 0.860672741837203
"CCR" 66 0.986666666666667 0.986666666666667 0.96 0.746666666666667 0.746666666666667 0.93
"ARI" 66 0.957996182106199 0.957996182106199 0.878388611856767 0.547079799756543 0.547079799756543 0.878388611856767
"CCR" 67 0.973333333333333 0.973333333333333 0.973333333333333 0.973333333333333 0.973333333333333 0.973333333333333
"ARI" 67 0.921894341525787 0.921894341525787 0.921894341525787 0.921894341525787 0.921894341525787 0.921894341525787
"CCR" 68 0.986666666666667 1 1 0.986666666666667 1 1
"ARI" 68 0.960646531399459 1 1 0.960646531399459 1 1
"CCR" 69 1 1 1 0.96 1 1
"ARI" 69 1 1 1 0.890517647543158 1 1
"CCR" 70 0.96 1 1 0.96 1 1
"ARI" 70 0.875837912934441 1 1 0.886296427016223 1 1
"CCR" 71 0.933333333333333 0.986666666666667 0.986666666666667 1 0.986666666666667 0.986666666666667
"ARI" 71 0.824782668836381 0.961433271798074 0.961433271798074 1 0.961433271798074 0.961433271798074
"CCR" 72 0.96 0.986666666666667 0.986666666666667 0.946666666666667 0.706666666666667 0.986666666666667
"ARI" 72 0.873374546454301 0.95574713193574 0.95574713193574 0.834983120934615 0.486453373816025 0.95574713193574
"CCR" 73 0.973333333333333 0.986666666666667 0.986666666666667 0.946666666666667 0.986666666666667 0.986666666666667
"ARI" 73 0.930772991959411 0.957327900381721 0.957327900381721 0.843294734011933 0.957327900381721 0.957327900381721
"CCR" 74 0.96 0.96 0.96 0.96 0.96 0.96
"ARI" 74 0.891417312455338 0.891417312455338 0.891417312455338 0.891417312455338 0.891417312455338 0.891417312455338
"CCR" 75 0.986666666666667 1 1 0.76 0.76 1
"ARI" 75 0.959718204526425 1 1 0.578439400999562 0.578439400999562 1
"CCR" 76 1 1 0.986666666666667 1 1 1
"ARI" 76 1 1 0.958617551897937 1 1 1
"CCR" 77 0.92 0.986666666666667 0.986666666666667 0.933333333333333 0.96 0.906666666666667
"ARI" 77 0.802729793132864 0.962065255613426 0.962065255613426 0.830708805525596 0.881944553714572 0.754815476381416
"CCR" 78 0.96 1 1 0.96 1 1
"ARI" 78 0.87658632678528 1 1 0.87658632678528 1 1
"CCR" 79 0.973333333333333 0.706666666666667 1 0.96 1 0.986666666666667
"ARI" 79 0.91324521718964 0.479759877562488 1 0.872720621835711 1 0.955685640664727
"CCR" 80 0.92 1 1 0.92 1 0.926666666666667
"ARI" 80 0.78106280260497 1 1 0.78106280260497 1 0.958293512884144
"CCR" 81 0.933333333333333 0.986666666666667 0.946666666666667 0.933333333333333 0.973333333333333 0.973333333333333
"ARI" 81 0.816260725972765 0.963055940801523 0.863569009556172 0.816260725972765 0.92552930201733 0.927148230234345
"CCR" 82 0.96 0.826666666666667 0.986666666666667 0.96 0.973333333333333 0.96
"ARI" 82 0.898079497991567 0.627738868660399 0.96002287591204 0.898079497991567 0.935055710852187 0.898079497991567
"CCR" 83 0.92 1 1 0.92 1 0.986666666666667
"ARI" 83 0.791568923495263 1 1 0.791568923495263 1 0.954857774643953
"CCR" 84 0.933333333333333 0.96 0.96 0.933333333333333 0.933333333333333 0.933333333333333
"ARI" 84 0.840897076748957 0.898971891272778 0.840897076748957 0.840897076748957 0.838701802354779 0.838701802354779
"CCR" 85 0.946666666666667 0.986666666666667 1 0.973333333333333 1 1
"ARI" 85 0.866869203245792 0.963851573114972 0.866869203245792 0.929600570975309 1 1
"CCR" 86 0.96 0.986666666666667 0.986666666666667 0.96 0.986666666666667 0.946666666666667
"ARI" 86 0.887669335731099 0.960636554463116 0.854130956462119 0.887669335731099 0.960636554463116 0.854130956462119
"CCR" 87 1 1 1 1 1 1
"ARI" 87 1 1 1 1 1 1
"CCR" 88 0.986666666666667 0.986666666666667 0.986666666666667 0.986666666666667 1 0.986666666666667
"ARI" 88 0.95671103953214 0.95671103953214 0.95671103953214 0.95671103953214 1 0.95671103953214
"CCR" 89 0.96 0.973333333333333 0.986666666666667 0.92 0.986666666666667 0.986666666666667
"ARI" 89 0.88946681066373 0.923702775340187 0.960914403189741 0.796692690150335 0.961216563458088 0.960914403189741
"CCR" 90 1 1 0.986666666666667 1 1 0.8
"ARI" 90 1 1 0.963298146707356 1 1 0.655988359389891
"CCR" 91 0.906666666666667 0.986666666666667 0.986666666666667 0.893333333333333 0.973333333333333 0.906666666666667
"ARI" 91 0.776743478067081 0.962065255613426 0.962065255613426 0.752751475138159 0.925569988699932 0.776743478067081
"CCR" 92 0.906666666666667 1 1 0.84 1 0.986666666666667
"ARI" 92 0.744929854639562 1 1 0.623361776834197 1 0.957629930475502
"CCR" 93 0.973333333333333 1 1 0.973333333333333 1 1
"ARI" 93 0.932782898119573 1 1 0.932782898119573 1 1
"CCR" 94 0.906666666666667 1 0.996666666666667 0.906666666666667 1 0.906666666666667
"ARI" 94 0.779845773038842 1 0.779845773038842 0.779845773038842 1 0.779845773038842
"CCR" 95 1 0.986666666666667 1 1 0.973333333333333 1
"ARI" 95 1 0.96169343647102 1 1 0.924913619781158 1
"CCR" 96 0.986666666666667 1 1 0.96 1 1
"ARI" 96 0.962556825644919 1 1 0.893384832321746 1 1
"CCR" 97 0.973333333333333 0.986666666666667 0.986666666666667 0.933333333333333 0.986666666666667 0.986666666666667
"ARI" 97 0.923064943982077 0.960646531399459 0.960646531399459 0.821469929746005 0.960646531399459 0.960646531399459
