"AIC" 1 4798.79456048236 4651.53333740062 4641.70720135238 4871.011558768 4914.13371697063 4700.94466822969
"BIC" 1 4877.5891563426 4737.28039760146 4734.40672589384 4945.17117840117 4995.2458009444 4789.00921654407
"ICL" 1 4878.49821660427 4739.38342897149 4736.03844080851 4945.65960203035 4995.8809726089 4791.92011166436
"AWE" 1 5127.2928124645 5010.13048917233 5028.73796534997 5179.81922166352 5251.99305658267 5069.98465997874
"AIC" 2 5112.30207556247 4905.95212283969 4876.30442472108 5166.23565705956 4957.85260064035 4933.37101328118
"BIC" 2 5191.09667142271 4991.69918304053 4969.00394926253 5240.39527669272 5038.96468461412 5021.43556159556
"ICL" 2 5191.56621703778 4992.0552959102 4973.80100008134 5241.04956414544 5048.76021382513 5025.66034779219
"AWE" 2 5440.36081289802 5262.80235611104 5266.5005246228 5475.2091837786 5304.8722977989 5303.72489610657
"AIC" 98 4754.11537280761 4661.07058489809 4652.23507065205 4823.21086441895 4730.14321455036 4722.01453153518
"BIC" 98 4832.90996866784 4746.81764509893 4744.9345951935 4897.37048405211 4811.25529852413 4810.07907984956
"ICL" 98 4832.9206706294 4747.26866240518 4746.54823385024 4897.39183866529 4811.76031278503 4810.83162350573
"AWE" 98 5081.71526648963 5018.01572260602 5039.24775839169 5131.55145829845 5067.8723967588 5088.89617182011
"AIC" 99 4937.57581503423 4760.94602823375 4739.13128236571 5000.78037605098 4823.88600297094 4802.40731205671
"BIC" 99 5016.37041089447 4846.69308843459 4831.83080690716 5074.93999568414 4904.99808694471 4890.47186037109
"ICL" 99 5016.99700775324 4849.91633375752 4833.53805042506 5075.99108617804 4908.53560678446 4892.46675676462
"AWE" 99 5265.79160361348 5120.66339395837 5126.23757496651 5310.1507058112 5164.64769075823 5170.531305079
"AIC" 100 5119.29155372456 4950.21047537658 4927.24972879327 5204.63890371726 5031.96558631536 5030.40002397604
"BIC" 100 5198.08614958479 5035.95753557742 5019.94925333473 5278.79852335042 5113.07767028913 5118.46457229042
"ICL" 100 5198.41825484091 5038.18639249316 5022.31627181362 5279.29950308026 5115.13948379653 5119.92608772708
"AWE" 100 5447.21285070114 5308.933452694 5315.01579635507 5513.45912271342 5371.2515677703 5397.99063604146
"AIC" 3 4883.65383461792 4737.97355146773 4712.79981884996 5158.5375766625 5017.67864565515 4781.74354391475
"BIC" 3 4962.44843047816 4823.72061166857 4805.49934339142 5232.69719629566 5098.79072962892 4869.80809222913
"ICL" 3 4962.51233357567 4823.87301501867 4805.82921268614 5232.70326144332 5099.09342233519 4870.41399380529
"AWE" 3 5211.3069294359 5094.62007521952 5098.52873722759 5466.86288107648 5355.20550630896 5148.47854211967
"AIC" 4 4949.56234235141 4778.05187116064 4751.88017935178 5022.57998495885 4849.27983436373 4829.35869977235
"BIC" 4 5028.35693821164 4863.79893136148 4844.57970389323 5096.73960459201 4930.3919183375 4917.42324808673
"ICL" 4 5028.37140074585 4864.15160574871 4844.76836456144 5096.87675114013 4931.35794404239 4918.03252704091
"AWE" 4 5277.16599660609 5134.89866594956 5137.46788910289 5331.03637077329 5187.47002801616 5196.09707535529
"AIC" 5 5148.99201617976 4999.5363598278 4979.22801328707 5213.89286877352 5064.47443118477 5044.0482542781
"BIC" 5 5227.78661204 5085.28342002864 5071.92753782852 5288.05248840668 5145.58651515854 5132.11280259248
"ICL" 5 5227.89273901121 5087.03586790942 5072.06343088856 5288.10936041087 5147.64479925151 5132.61310162931
"AWE" 5 5476.68733487144 5357.78292811026 5364.76295543001 5522.26898004403 5403.75688322528 5410.67764994369
"AIC" 6 5042.30013534193 4877.55410647905 4855.59367930981 5116.83433803202 4949.76401821664 4927.80883596547
"BIC" 6 5121.09473120217 4963.3011666799 4948.29320385126 5190.99395766518 5030.87610219041 5015.87338427985
"ICL" 6 5121.31401276177 4963.67731807742 4948.69015618449 5191.37075648052 5031.48581787371 5016.44536823973
"AWE" 6 5370.10860862201 5234.42437827826 5241.38968072594 5425.53037611368 5287.59790184748 5294.50991655411
"AIC" 7 4882.4643910301 4748.4598615263 4734.28342022555 4974.55602602624 4840.2856287745 4826.15649029897
"BIC" 7 4961.25898689034 4834.20692172714 4826.982944767 5048.7156456594 4921.39771274827 4914.22103861335
"ICL" 7 4961.26870816679 4834.20973779954 4826.98363495367 5048.73763611269 4922.34364580739 4915.09744329888
"AWE" 7 5210.06330402703 5104.95679800038 5119.68315949512 5282.89725574585 5178.45572978116 5193.16199161326
"AIC" 8 4868.47032170758 4764.53232785732 4757.4753363903 4947.59950064853 4857.32617356345 4817.63906754981
"BIC" 8 4947.26491756782 4850.27938805817 4850.17486093175 5021.7591202817 4938.43825753722 4905.70361586419
"ICL" 8 4947.32044316456 4852.21418832837 4850.46652001021 5022.12065749199 4939.04339103718 4909.22279706685
"AWE" 8 5196.1150390248 5122.96124852921 5143.16604455166 5256.28027712515 5195.15547501095 5187.28734538123
"AIC" 9 5161.4313904226 4917.46121949493 4907.72478118785 5218.46972771227 5109.04370219917 4973.32325069995
"BIC" 9 5240.22598628284 5003.20827969578 5000.4243057293 5292.62934734543 5190.15578617294 5061.38779901433
"ICL" 9 5240.44864285252 5005.35837575818 5002.28090087188 5293.32469599493 5191.64016458446 5064.85222235237
"AWE" 9 5489.24323871276 5276.10543595903 5294.98042541333 5527.48431562809 5447.75224855823 5342.91677066675
"AIC" 10 4860.36855308272 4745.29670770355 4788.55823190283 4931.24416470286 4826.54839768667 4842.57905998857
"BIC" 10 4939.16314894296 4831.0437679044 4881.25775644428 5005.40378433602 4907.66048166044 4930.64360830295
"ICL" 10 4939.50364659982 4831.93059195101 4881.30976292671 5005.67865503285 4910.07289834731 4931.22601736002
"AWE" 10 5188.29824246005 5102.67765215185 5174.00928746817 5239.83827466601 5166.18498232108 5209.2905656744
"AIC" 11 4992.97688868855 4833.87308337669 4801.39944344457 5070.91385934313 4911.19953343833 4879.38621789615
"BIC" 11 5071.77148454879 4919.62014357753 4894.09896798602 5145.07347897629 4992.3116174121 4967.45076621053
"ICL" 11 5072.05525211736 4921.02547942128 4894.69812066998 5145.6957319183 4995.21791635791 4968.35425749169
"AWE" 11 5320.8498479776 5191.77253962212 5187.39764521143 5379.85535155146 5251.33000033168 5246.41880580607
"AIC" 12 5165.48450907494 5013.98437121315 4997.04378221713 5226.29025544352 5101.13751993551 5083.25962651655
"BIC" 12 5244.27910493518 5099.73143141399 5089.74330675858 5300.44987507668 5182.24960390928 5171.32417483093
"ICL" 12 5244.46301550375 5099.7414392852 5089.74886907286 5300.45377933453 5182.70506265844 5171.35941087863
"AWE" 12 5493.25761136399 5370.48849948604 5382.44839361431 5534.61339896769 5438.81714663221 5449.42395919301
"AIC" 13 4886.05081905941 4686.38629886013 4656.87934880315 4963.7599993972 4765.72672798242 4752.87944334873
"BIC" 13 4964.84541491964 4772.13335906097 4749.5788733446 5037.91961903036 4846.83881195619 4840.94399166311
"ICL" 13 4965.13341726676 4774.09394393072 4751.64707234709 5038.11106511519 4850.47316512492 4841.62811181745
"AWE" 13 5213.92801312699 5044.84100413157 5044.34659688854 5272.27068474835 5106.58524909869 5119.69266013183
"AIC" 14 5093.12080853257 4909.14595733306 4885.27413306621 5146.80046877037 4999.16080218494 4975.36301496643
"BIC" 14 5171.91540439281 4994.8930175339 4977.97365760767 5220.96008840354 5080.27288615871 5063.42756328081
"ICL" 14 5176.31856513209 4997.38840153174 4979.75929265981 5221.18179940512 5084.06164907452 5065.86744305692
"AWE" 14 5425.11316099232 5268.13546173258 5272.45881720127 5455.34141903829 5340.17373304829 5343.9319913713
"AIC" 15 4814.45064611724 4673.84797112785 4655.83461573363 4891.41086448665 4749.91958212575 4727.30847932927
"BIC" 15 4893.24524197747 4759.59503132869 4748.53414027508 4965.57048411981 4831.03166609952 4815.37302764365
"ICL" 15 4893.70945637206 4759.72957555927 4748.57643466497 4966.14185394721 4834.67883492734 4819.44488576228
"AWE" 15 5142.5040522323 5030.47663576012 5041.27595920642 5200.30147358037 5090.79091890111 5097.50943407666
"AIC" 16 4837.96287204243 4705.14792331819 4681.36213139889 4908.19877428024 4775.60033826643 4751.79578384283
"BIC" 16 4916.75746790267 4790.89498351904 4774.06165594034 4982.3583939134 4856.7124222402 4839.86033215721
"ICL" 16 4917.30712340275 4793.75484321483 4777.19723876044 4982.96795380663 4860.07896241933 4843.12732544379
"AWE" 16 5166.10171926298 5064.50190341567 5069.89676330189 5217.12757343979 5116.1910463931 5121.19187375817
"AIC" 17 5050.80002805206 4873.63072365162 4853.31633709133 5115.08033928922 4943.806249839 4924.07045750035
"BIC" 17 5129.59462391229 4959.37778385246 4946.01586163279 5189.23995892238 5024.91833381277 5012.13500581473
"ICL" 17 5130.81051008589 4963.14978496074 4947.37368008942 5193.2314914823 5029.54842854352 5014.20908064322
"AWE" 17 5379.60510594612 5233.89684516159 5240.07320463087 5427.39111111546 5285.66051251729 5292.2736289576
"AIC" 18 5112.60002325784 4927.32490547073 4895.34496129011 5194.40885759315 5009.60730295789 4978.53753741204
"BIC" 18 5191.39461911807 5013.07196567158 4988.04448583156 5268.56847722632 5090.71938693166 5066.60208572642
"ICL" 18 5191.88044888211 5015.56604676933 4991.48490490622 5269.33919303809 5096.06751372391 5072.00300871094
"AWE" 18 5440.67504474235 5286.31310697018 5284.18442944767 5503.49881267125 5352.17959769769 5350.06755702532
"AIC" 19 4888.71790528065 4745.09396163927 4741.78443880412 4954.7587153885 4820.58876587544 4817.042176095
"BIC" 19 4967.51250114088 4830.84102184011 4834.48396334557 5028.91833502166 4901.70084984921 4905.10672440938
"ICL" 19 4967.8582575846 4832.55405463568 4836.1721170948 5029.27330577403 4904.93298388571 4908.38235803622
"AWE" 19 5216.65285344484 5103.30111483652 5128.87164163625 5263.4329254072 5161.04506785948 5186.4469063506
"AIC" 20 4980.30575183454 4792.04202238823 4756.57651253305 5161.14468835698 5009.52363976609 4814.27455222882
"BIC" 20 5059.10034769477 4877.78908258908 4849.2760370745 5235.30430799014 5090.63572373986 4902.3391005432
"ICL" 20 5059.44620834351 4879.00304819297 4850.05950076271 5235.39012604827 5091.4361407868 4903.73280176738
"AWE" 20 5308.24080420375 5149.75010839382 5142.75902530416 5469.54974568143 5347.54822476057 5181.79735008176
"AIC" 21 5034.84209425786 4890.49542575375 4873.79436074042 5099.87693459776 4962.48878865659 4946.16524608104
"BIC" 21 5113.63669011809 4976.24248595459 4966.49388528188 5174.03655423092 5043.60087263036 5034.22979439542
"ICL" 21 5115.73764588579 4980.08764159723 4969.73121492556 5176.30127337295 5052.20218006312 5039.83444929441
"AWE" 21 5364.53224174603 5250.83470179807 5262.43073946701 5410.46089300611 5308.31426403689 5317.89899760879
"AIC" 22 5025.2427049255 4818.79363661581 4793.97491318396 5098.06720089856 4901.99022061316 4887.99575651412
"BIC" 22 5104.03730078573 4904.54069681665 4886.67443772541 5172.22682053172 4983.10230458694 4976.0603048285
"ICL" 22 5104.0868552151 4906.14044514361 4888.31780673421 5172.29724674119 4983.84032916665 4976.67699579561
"AWE" 22 5352.88145107533 5176.88750534446 5181.01733127567 5406.45686637435 5239.95241314042 5254.74154410999
"AIC" 23 4994.0971720869 4763.88445223964 4741.03205536787 5064.54159683102 4833.36056809457 4811.19596447053
"BIC" 23 5072.89176794713 4849.63151244049 4833.73157990932 5138.70121646418 4914.47265206834 4899.26051278491
"ICL" 23 5072.99553030484 4850.21879754911 4834.00935283025 5138.85417821392 4916.88103611818 4900.52622732909
"AWE" 23 5321.79012616507 5120.96585774995 5126.7088773717 5373.01379784708 5172.99312009195 5178.59077564347
"AIC" 24 4762.84083085232 4588.10653474324 4580.88533108934 4830.92090619297 4656.85342376018 4674.55899619147
"BIC" 24 4841.63542671256 4673.85359494409 4673.58485563079 4905.08052582614 4737.96550773395 4762.62354450585
"ICL" 24 4841.64465009574 4674.01240772208 4673.73995193062 4905.13266410293 4738.40214733208 4763.38515662041
"AWE" 24 5090.43924595597 4944.75946792293 4966.43947647207 5139.29228373609 4994.51423130585 5041.44970493479
"AIC" 25 5287.21688293185 5133.68732584575 5111.7806366616 5378.50916845009 5224.83117097543 5203.06478487921
"BIC" 25 5366.01147879208 5219.4343860466 5204.48016120305 5452.66878808326 5305.9432549492 5291.12933319359
"ICL" 25 5366.1463176175 5220.03299608342 5204.65827206646 5452.80153818312 5307.26250553806 5291.39240393989
"AWE" 25 5614.94091347774 5490.78005628426 5497.35779660791 5686.96115781629 5563.37458951183 5569.45695225427
"AIC" 26 5120.79139133204 4939.85710347547 4904.11775450085 5324.65569690257 5167.35303645158 4994.8144936831
"BIC" 26 5199.58598719227 5025.60416367632 4996.8172790423 5398.81531653573 5248.46512042535 5082.87904199748
"ICL" 26 5200.43849487789 5027.68127122695 4998.65037357863 5398.81569071477 5248.81640545157 5086.87177826948
"AWE" 26 5449.23309073812 5298.42833142779 5291.34989812008 5632.97531034793 5504.92848942534 5364.93632658386
"AIC" 27 4965.41798330366 4813.65889122321 4795.37937658218 5043.12467653308 4888.46382484188 4870.20660262506
"BIC" 27 5044.21257916389 4899.40595142405 4888.07890112363 5117.28429616624 4969.57590881565 4958.27115093944
"ICL" 27 5044.41661202628 4901.56162785836 4889.90074156576 5117.80485186034 4973.17660409549 4960.61971748213
"AWE" 27 5293.21120788652 5172.3086880592 5182.60026610721 5351.96447149351 5229.28868806926 5238.68426579651
"AIC" 28 5061.67760214506 4874.26067986152 4854.18335360073 5150.75395560853 4947.97556560287 4926.96838979455
"BIC" 28 5140.47219800529 4960.00774006236 4946.88287814218 5224.9135752417 5029.08764957664 5015.03293810893
"ICL" 28 5141.01668299707 4962.65262530098 4947.9195175057 5225.66195551704 5033.08333093419 5017.6951053179
"AWE" 28 5389.81127885731 5233.39968550182 5240.61904204715 5459.8215751502 5289.19541490796 5295.75965363228
"AIC" 29 4911.53209370824 4737.95572384753 4772.57952128306 4965.69526646937 4794.72657070512 4776.99216093678
"BIC" 29 4990.32668956848 4823.70278404837 4865.27904582451 5039.85488610253 4875.83865467889 4865.05670925116
"ICL" 29 4990.56473026133 4826.65096211235 4865.90070745059 5040.12519442388 4879.88447186709 4867.31518818827
"AWE" 29 5239.35932612156 5097.39802231319 5158.60023199204 5274.28481405705 5135.99655584086 5145.37973650265
"AIC" 30 4967.03678509832 4807.62977655997 4797.84278565824 5045.10003295721 4883.43230589081 4857.75399091636
"BIC" 30 5045.83138095856 4893.37683676081 4890.5423101997 5119.25965259037 4964.54438986458 4945.81853923074
"ICL" 30 5046.45041311154 4897.28102194155 4891.12256500973 5119.94330742077 4968.43287900066 4950.58914154973
"AWE" 30 5295.24500897178 5168.02808214239 5183.82208955118 5354.10292705393 5224.54496297444 5228.65368986411
"AIC" 31 5245.95886118001 5072.11463829244 5033.5432810042 5331.4350683967 5159.10956232842 5120.46707301397
"BIC" 31 5324.75345704025 5157.86169849328 5126.24280554565 5405.59468802986 5240.22164630219 5208.53162132835
"ICL" 31 5324.97134752489 5158.85331743459 5126.63277987211 5405.84780750554 5241.16389556777 5208.98828605715
"AWE" 31 5573.76594338513 5429.60037763543 5419.33230441356 5640.0074271387 5497.27597954154 5487.05283437153
"AIC" 32 5010.43405750405 4843.7735194762 4825.06288428714 5077.24051463236 4916.76986960107 4898.26770804984
"BIC" 32 5089.22865336428 4929.52057967704 4917.76240882859 5151.40013426552 4997.88195357484 4986.33225636422
"ICL" 32 5090.04867005675 4931.15180033116 4918.61213731693 5152.84009561955 5000.82040321388 4987.4572460449
"AWE" 32 5338.84326591699 5201.898860532 5211.31166185839 5386.99971525271 5256.93248718765 5265.52179435928
"AIC" 33 5037.71367987062 4899.37024546908 4861.511289957 5128.0174945903 4987.88036813529 4949.9593844181
"BIC" 33 5116.50827573086 4985.11730566993 4954.21081449845 5202.17711422347 5068.99245210906 5038.02393273248
"ICL" 33 5116.52416925049 4985.19358680944 4954.30302232487 5202.30475160293 5069.93548447071 5039.16461944341
"AWE" 33 5365.31876511072 5255.94064701028 5247.00254686633 5436.46437123609 5326.04756844448 5317.22916775779
"AIC" 34 4714.75660553023 4604.78229844426 4584.54319754028 4782.69774818449 4671.71762015125 4652.31085873982
"BIC" 34 4793.55120139046 4690.5293586451 4677.24272208173 4856.85736781765 4752.82970412502 4740.3754070542
"ICL" 34 4794.04234655336 4693.62579175015 4677.56936320454 4857.27304823989 4756.57010236121 4741.31344160033
"AWE" 34 5042.8369424136 4964.37285195099 4970.268887746 5091.43266787306 5012.68218633498 5019.37798991471
"AIC" 35 5137.62025801654 4958.34683262755 4947.92798623842 5214.80645934825 5050.89114633142 5032.22679798965
"BIC" 35 5216.41485387678 5044.0938928284 5040.62751077988 5288.96607898142 5132.00323030519 5120.29134630403
"ICL" 35 5216.83605893794 5045.60897748702 5040.68399196755 5289.25671479466 5134.02305780609 5121.92653451958
"AWE" 35 5465.63065479817 5316.35603768786 5333.38351650901 5523.41633442782 5390.13514177986 5399.99108283396
"AIC" 36 4925.65404063725 4815.47245623613 4792.68786539791 4988.44795395603 4877.10228166087 4877.44835923303
"BIC" 36 5004.44863649749 4901.21951643697 4885.38738993936 5062.6075735892 4958.21436563464 4965.51290754741
"ICL" 36 5004.44878876727 4901.24847498249 4885.47590734141 5062.60822433485 4958.99399911568 4965.65726207476
"AWE" 36 5253.2433846275 5171.99553518333 5178.17543188286 5296.76784396801 5215.10608308945 5243.72181038914
"AIC" 37 5033.37721557657 4879.77306150927 4904.62806406768 5262.49548892897 4934.40523388281 4951.24302902485
"BIC" 37 5112.1718114368 4965.52012171012 4997.32758860913 5336.65510856213 5015.51731785658 5039.30757733923
"ICL" 37 5112.33438581318 4968.55060492477 4997.89140346209 5336.65664476245 5020.35870356427 5040.18227854825
"AWE" 37 5361.12898167342 5239.29766512561 5290.59092800354 5570.81626439561 5276.47078753804 5318.24682686263
"AIC" 38 4993.03995609527 4782.77763441468 4755.14913457596 5068.00311202511 4860.62257584 4835.67589868863
"BIC" 38 5071.83455195551 4868.52469461553 4847.84865911741 5142.16273165827 4941.73465981377 4923.74044700301
"ICL" 38 5071.93219565052 4871.27029090666 4850.79006214891 5142.23474102303 4944.81283666626 4927.45965461645
"AWE" 38 5320.72679151075 5142.01735110751 5143.48958669036 5376.39436065619 5200.92492064003 5205.52420293083
"AIC" 39 5080.0329780006 4987.21717386843 4963.05288612071 5122.97751488946 5058.72906569866 5034.95631335309
"BIC" 39 5158.82757386083 5072.96423406927 5055.75241066216 5197.13713452262 5139.84114967243 5123.02086166747
"ICL" 39 5160.94016329009 5077.02254343888 5058.41117543363 5199.36433041364 5145.68944599266 5127.9112390249
"AWE" 39 5409.73475915032 5347.76960363972 5351.11069997508 5433.52395004681 5401.80152996643 5405.97578733928
"AIC" 40 5077.25701703028 4835.05025491571 4814.90767491601 5172.4220558851 4913.94866588612 4893.98271567477
"BIC" 40 5156.05161289051 4920.79731511656 4907.60719945747 5246.58167551826 4995.06074985989 4982.04726398915
"ICL" 40 5156.18971930613 4921.86578852499 4908.74672624012 5246.64469881877 4998.13512820131 4984.92699197288
"AWE" 40 5404.98431516637 5192.61284872583 5201.44625078158 5480.80431845193 5254.24721217508 5262.99154028726
"AIC" 41 4823.60877515971 4635.41349700278 4627.22910835451 4802.32323731189 4696.35384425794 4657.65899744628
"BIC" 41 4902.40337101995 4721.16055720363 4719.92863289596 4876.48285694505 4777.46592823171 4745.72354576066
"ICL" 41 4902.82043275882 4723.47871487866 4721.22505872935 4877.5148424887 4780.71030881645 4749.13073961477
"AWE" 41 5151.61502861905 4994.2257750795 5013.9245832708 5111.67446212186 5036.82239279022 5027.19528792915
"AIC" 42 4711.1247586567 4638.63262807113 4627.62774829199 4799.87217161844 4731.47845390191 4735.23051231335
"BIC" 42 4789.91935451693 4724.37968827197 4720.32727283344 4874.0317912516 4812.59053787568 4823.29506062773
"ICL" 42 4790.53397811168 4726.90304435444 4722.64898957818 4874.47502676131 4815.15910271112 4824.49835128174
"AWE" 42 5039.32857397191 4997.65010455528 5015.34851411963 5108.63464639447 5071.27118668489 5102.56289959612
"AIC" 43 4767.77016739196 4637.31016542612 4637.53571276291 4842.02590286565 4714.59254418678 4711.79017932889
"BIC" 43 4846.5647632522 4723.05722562697 4730.23523730436 4916.18552249881 4795.70462816056 4799.85472764327
"ICL" 43 4847.15742435195 4725.60026049793 4730.53060091764 4916.59065342642 4798.5828532527 4800.05765782857
"AWE" 43 5095.95202021219 4996.34732069877 5023.23012545909 5150.75027305958 5054.69493722647 5078.12220614295
"AIC" 44 5179.42939211765 5011.90577960847 4995.94215644415 5248.00838390476 5082.50843342942 5065.38712194358
"BIC" 44 5258.22398797789 5097.65283980932 5088.6416809856 5322.16800353793 5163.62051740319 5153.45167025796
"ICL" 44 5260.70080706154 5102.82698315823 5090.30150969311 5325.95564845354 5168.73757464034 5155.82267412724
"AWE" 44 5509.49540292178 5373.57404335907 5383.00103423456 5560.1152680867 5424.84965861411 5433.88722244162
"AIC" 45 5129.81371726485 4968.24324658379 4969.7380497189 5319.20429517893 5054.19581382197 5043.95233407826
"BIC" 45 5208.60831312508 5053.99030678464 5062.43757426035 5393.36391481209 5135.30789779574 5132.01688239264
"ICL" 45 5208.67464723179 5055.61365090362 5062.46122086972 5393.3639804628 5136.47001103143 5132.14659344255
"AWE" 45 5457.46924309202 5326.36071110447 5355.16074541118 5627.52360009596 5392.5820950052 5410.21114175693
"AIC" 46 4903.96961961342 4733.35147631197 4722.33334509378 4988.64321655179 4818.21357014388 4807.87052869262
"BIC" 46 4982.76421547366 4819.09853651281 4815.03286963524 5062.80283618496 4899.32565411765 4895.935077007
"ICL" 46 4983.51154766601 4819.95532159681 4815.31599634418 5063.61599751941 4901.93150667683 4896.37133201827
"AWE" 46 5232.30614352624 5090.70238179765 5108.01552088563 5297.77561715257 5158.0435906506 5174.43588033265
"AIC" 47 4941.31009645406 4808.49333611281 4791.46621430125 5019.50856921879 4889.70569071289 4857.15572561263
"BIC" 47 5020.10469231429 4894.24039631365 4884.1657388427 5093.66818885196 4970.81777468666 4945.22027392701
"ICL" 47 5021.25577205284 4895.4002434898 4885.49439174648 5094.61698851679 4973.85078053391 4947.61183825889
"AWE" 47 5270.05036791308 5166.14730369065 5178.19391628793 5328.77660814996 5229.96286450768 5225.67638657327
"AIC" 48 4935.82941354294 4791.5057514495 4767.59020500834 5009.42367742988 4867.03068210662 4843.04128885474
"BIC" 48 5014.62400940318 4877.25281165034 4860.28972954979 5083.58329706304 4948.14276608039 4931.10583716912
"ICL" 48 5014.7023338655 4878.40306173946 4860.85872014461 5084.03633874982 4950.37936848528 4933.2188234316
"AWE" 48 5263.49692972574 5149.15012194031 5153.55824468606 5318.19595838298 5206.49145245905 5211.28337174598
"AIC" 49 5098.626842461 4941.04267616332 4917.05329072247 5178.92303944919 5021.13262976975 4993.94033532513
"BIC" 49 5177.42143832124 5026.78973636416 5009.75281526392 5253.08265908236 5102.24471374352 5082.00488363951
"ICL" 49 5177.44455554989 5026.82288379832 5009.77112169408 5253.11703243513 5103.06805922719 5082.47034147297
"AWE" 49 5426.23915141012 5297.56994399916 5302.47064623553 5487.27665206829 5359.18014320097 5360.53488978735
"AIC" 50 4984.85451247405 4726.28098618779 4709.30039834351 4905.75500265666 4802.81116596369 4788.40897035079
"BIC" 50 5063.64910833429 4812.02804638863 4801.99992288496 4979.91462228982 4883.92324993746 4876.47351866517
"ICL" 50 5064.41051898372 4812.52839944956 4802.3254656147 4980.13519454275 4885.65142433902 4878.31244629787
"AWE" 50 5313.20511484396 5083.2754596504 5095.02499015615 5214.29481417591 5141.76350831279 5156.37699461225
"AIC" 51 5150.54557071007 5023.11122494221 5018.9380404366 5216.28892247691 5087.97721074261 5084.66216656803
"BIC" 51 5229.3401665703 5108.85828514305 5111.63756497805 5290.44854211007 5169.08929471638 5172.72671488241
"ICL" 51 5229.70952282632 5114.14928973304 5111.79014468042 5290.86924238627 5174.83738894009 5173.05964156929
"AWE" 51 5478.50411868656 5384.89634993388 5404.48966922187 5525.02886201943 5430.94947291386 5451.12418988367
"AIC" 52 4900.63477641786 4743.14080270397 4730.85931156059 4959.18799214511 4801.85604334458 4790.45109242247
"BIC" 52 4979.42937227809 4828.88786290481 4823.55883610204 5033.34761177827 4882.96812731835 4878.51564073685
"ICL" 52 4979.63533267572 4829.9339391125 4825.02430013786 5033.68056497232 4883.83657248736 4879.43994110424
"AWE" 52 5228.42992853596 5100.68099931334 5117.72382467932 5267.84018460548 5139.94865646113 5157.50448941861
"AIC" 53 4913.67826959581 4788.23445644677 4762.73506837538 4995.21456046076 4869.54968715402 4854.83733519579
"BIC" 53 4992.47286545605 4873.98151664761 4855.43459291683 5069.37418009393 4950.66177112779 4942.90188351017
"ICL" 53 4992.52266825954 4874.08227503724 4856.08894560143 5069.40895382213 4951.6026424427 4943.1935510263
"AWE" 53 5241.31726411978 5144.82933523809 5148.78847014288 5303.56857345529 5207.71472641647 5221.25809934068
"AIC" 54 4739.60119498795 4605.32011545146 4574.4944395621 4825.04862605793 4704.14404793171 4673.31443345984
"BIC" 54 4818.39579084818 4691.06717565231 4667.19396410355 4899.20824569109 4785.25613190548 4761.37898177422
"ICL" 54 4818.39608334396 4691.19501433793 4667.21957443901 4900.21657019107 4785.43518827139 4761.47024408861
"AWE" 54 5067.19067920419 4961.94207453877 4959.91909898047 5134.37618982423 5041.54727224516 5039.53479240299
"AIC" 55 4904.99039233458 4797.31141366436 4782.83122535682 4982.48751007828 4874.81269163254 4860.35760475396
"BIC" 55 4983.78498819482 4883.05847386521 4875.53074989828 5056.64712971144 4955.92477560631 4948.42215306834
"ICL" 55 4983.89496405247 4883.35051670299 4875.93628516332 5056.71514948701 4956.23598344347 4948.73944543791
"AWE" 55 5232.6895599127 5154.09757690383 5168.63580970477 5290.87476912017 5212.34806741724 5226.80399375229
"AIC" 56 4793.3451646104 4685.64786317966 4703.30173636774 4884.73195924098 4775.39617474087 4763.57213193275
"BIC" 56 4872.13976047064 4771.39492338051 4796.00126090919 4958.89157887414 4856.50825871464 4851.63668024713
"ICL" 56 4872.51669050369 4773.82371831847 4796.94007858099 4959.56834418158 4858.4484933703 4853.39625164172
"AWE" 56 5121.31128636393 5044.57077851932 5089.63960312244 5193.72796381474 5114.56057734407 5131.4607999561
"AIC" 57 5116.66336777503 5029.50062291168 4856.94173492206 5192.034489665 5112.60921745746 4945.3402858053
"BIC" 57 5195.45796363526 5115.24768311252 4949.64125946351 5266.19410929817 5193.72130143123 5033.40483411968
"ICL" 57 5196.45586420561 5115.57889697875 4950.4384438338 5266.69390061226 5194.27605395675 5035.06729420898
"AWE" 57 5445.25046006584 5386.3259571796 5243.13796837525 5500.85352024542 5450.38813793052 5313.13184252336
"AIC" 58 5129.29309421575 4995.37019511244 4988.13365512577 5214.96731673121 5084.04344336783 5073.67509423565
"BIC" 58 5208.08769007598 5081.11725531328 5080.83317966722 5289.12693636438 5165.1555273416 5161.73964255003
"ICL" 58 5208.92186959725 5083.49370698052 5081.06629584258 5289.5210866333 5166.61296542984 5161.9659519823
"AWE" 58 5457.71646545748 5354.24076718136 5373.76582038404 5523.68070626646 5422.72504940362 5440.03050029668
"AIC" 59 4886.73537020966 4765.56891619704 4764.89947521886 4968.81588631673 4845.12294964028 4844.62355241599
"BIC" 59 4965.52996606989 4851.31597639789 4857.59899976031 5042.97550594989 4926.23503361405 4932.68810073037
"ICL" 59 4966.8468636054 4854.37485943653 4861.6070059628 5043.85361837114 4929.81649221426 4936.65086469917
"AWE" 59 5215.64145946564 5125.12191963738 5154.30653050425 5278.01323800431 5185.92857618803 5214.71541301355
"AIC" 60 4951.30012756694 4769.81767595546 4741.16724616561 5044.88164099523 4863.37444463886 4834.74347661869
"BIC" 60 5030.09472342718 4855.56473615631 4833.86677070706 5119.04126062839 4944.48652861263 4922.80802493307
"ICL" 60 5030.09842886369 4855.57683204954 4833.87356822121 5119.0464995515 4944.65652222602 4922.83944064996
"AWE" 60 5278.89302472392 5126.32389225038 5126.57309276266 5353.20611918466 5200.76860619979 5200.90398896434
"AIC" 61 5097.66861995657 4943.12491172806 4916.20453839181 5173.8381491601 5032.92229315443 4990.41913131091
"BIC" 61 5176.46321581681 5028.8719719289 5008.90406293326 5247.99776879326 5114.0343771282 5078.48367962529
"ICL" 61 5177.24200266803 5033.79459150689 5013.12551880867 5249.16028582449 5115.45979998967 5082.77921999555
"AWE" 61 5426.03659852826 5304.54165170774 5305.82504335012 5483.31990545765 5371.57188396344 5360.84376830993
"AIC" 62 4909.41883771904 4783.40866933498 4767.14195221472 4984.59181682322 4845.70688665953 4822.27536117333
"BIC" 62 4988.21343357928 4869.15572953583 4859.84147675617 5058.75143645638 4926.8189706333 4910.33990948771
"ICL" 62 4988.59364020408 4869.32760374893 4859.90560721297 5059.38695348599 4930.55460930225 4913.83535555541
"AWE" 62 5237.38823606431 5140.07466394977 5152.60513175442 5293.54657311916 5186.66669327602 5191.89990386979
"AIC" 63 5036.89672543735 4878.75826005045 4856.91536097363 5080.88392229233 4938.02593586553 4916.57015312458
"BIC" 63 5115.69132129759 4964.50532025129 4949.61488551508 5155.0435419255 5019.1380198393 5004.63470143896
"ICL" 63 5116.39846405622 4967.36294649901 4952.74215905361 5156.26804985368 5024.65887220314 5009.60825802014
"AWE" 63 5365.19305991646 5238.11000669985 5245.44168359506 5390.42766948684 5280.77095617691 5287.67280633452
"AIC" 64 4949.87998117134 4858.45963293297 4845.11241267553 5032.23763885319 4945.15859827608 4949.47625438104
"BIC" 64 5028.67457703158 4944.20669313381 4937.81193721698 5106.39725848635 5026.27068224985 5037.54080269542
"ICL" 64 5030.10696590378 4945.37494520609 4938.95026180447 5107.10369507987 5027.84505304049 5038.48268737416
"AWE" 64 5278.90156176402 5216.12200540694 5231.64978634593 5341.26331471303 5283.95713701426 5316.54723568854
"AIC" 65 5011.36515488609 4855.87357268585 4831.47029771779 5094.22569740737 4952.7772125089 4947.54966469118
"BIC" 65 5090.15975074633 4941.62063288669 4924.16982225925 5168.38531704053 5033.88929648267 5035.61421300556
"ICL" 65 5090.8734288802 4942.63932682933 4924.79792477508 5169.46832803971 5036.00208595254 5036.46377169742
"AWE" 65 5339.66802474044 5213.38638703017 5217.49744931653 5403.62794767287 5292.11416992631 5314.5283200118
"AIC" 66 4761.2181181702 4611.42210349239 4608.9233873984 4962.24343302413 4853.75875401317 4682.03096840395
"BIC" 66 4840.01271403043 4697.16916369324 4701.62291193985 5036.40305265729 4934.87083798694 4770.09551671833
"ICL" 66 4840.59179824131 4702.72153438049 4706.82511704506 5036.47044707165 4934.97228763909 4774.16072207816
"AWE" 66 5089.38639410155 4973.46859458133 4999.52464158651 5270.63006670481 5191.08437161286 5052.22527039254
"AIC" 67 5112.38773534388 4936.23736247947 4922.99553860855 5164.97912947896 4988.52677632916 4975.13451166013
"BIC" 67 5191.18233120411 5021.98442268031 5015.69506315 5239.13874911213 5069.63886030293 5063.19905997451
"ICL" 67 5191.91913669582 5026.58210502292 5018.82582657358 5239.67865786138 5075.15532330569 5067.01097725042
"AWE" 67 5440.71373255606 5297.32916522376 5311.52535111503 5473.83827749455 5331.26740727946 5345.0755255648
"AIC" 68 4943.7181030411 4811.52155870247 4791.4739746893 5022.92062115488 4889.72650932765 4869.57289126128
"BIC" 68 5022.51269890134 4897.26861890331 4884.17349923075 5097.08024078805 4970.83859330143 4957.63743957566
"ICL" 68 5022.71724388843 4898.48407402584 4885.02839718024 5097.69364261008 4971.80411249251 4958.28359041017
"AWE" 68 5271.51183974867 5169.23113422668 5177.72792172169 5331.85326224324 5227.91619646629 5236.34813872455
"AIC" 69 5246.45264791416 5033.23451044747 5007.69675820463 5351.47852316408 5129.2327322994 5103.95997407127
"BIC" 69 5325.2472437744 5118.98157064831 5100.39628274608 5425.63814279724 5210.34481627317 5192.02452238565
"ICL" 69 5325.27831038374 5120.04012187109 5100.57079621937 5427.08726102328 5213.29758248755 5193.97129993319
"AWE" 69 5574.07290624397 5390.78718207194 5393.27032076082 5661.24688065644 5469.40966646132 5472.03584824756
"AIC" 70 4821.64476435468 4648.5473005839 4625.72539067787 4877.22435094357 4717.3293092732 4694.80384508202
"BIC" 70 4900.43936021491 4734.29436078475 4718.42491521932 4951.38397057673 4798.44139324697 4782.8683933964
"ICL" 70 4900.80848646288 4735.81811416373 4718.77577874632 4951.46149351748 4801.28209006083 4783.53870346725
"AWE" 70 5149.60308232311 5006.56517436457 5011.47530328777 5185.62111315064 5057.3941740346 5061.60325178163
"AIC" 71 5032.36806833518 4803.19542885861 4780.76838271302 5117.5836649429 4893.27618029243 4871.49181924978
"BIC" 71 5111.16266419542 4888.94248905945 4873.46790725447 5191.74328457606 4974.3882642662 4959.55636756416
"ICL" 71 5111.54924195841 4891.8570399205 4875.25136967838 5191.75216040372 4977.88871645156 4961.84547801054
"AWE" 71 5360.34383781864 5162.60410012134 5167.95089421983 5425.91178003688 5234.00080042533 5239.91002632492
"AIC" 72 4738.06623350393 4605.93344036078 4594.76356877382 4804.55160012933 4893.32337261615 4664.31481925684
"BIC" 72 4816.86082936416 4691.68050056163 4687.46309331527 4878.71121976249 4974.43545658992 4752.37936757122
"ICL" 72 4818.05413399852 4694.93604441941 4690.25301128649 4879.46914456915 4974.54094070191 4754.83891954753
"AWE" 72 5066.84872985875 4965.68310462025 4982.95253582794 5113.62876420231 5230.65302467568 5032.90346786191
"AIC" 73 4924.9528022695 4754.37522264372 4740.65188449519 4947.85231590581 4836.09760544489 4822.70414582263
"BIC" 73 5003.74739812973 4840.12228284456 4833.35140903664 5022.01193553897 4917.20968941866 4910.76869413701
"ICL" 73 5004.57649202314 4841.68472963058 4834.84543299117 5022.75804644289 4920.14400204194 4912.52144674609
"AWE" 73 5253.37108788337 5112.43178983142 5127.54495753262 5256.91766607605 5176.25608601571 5190.58599506047
"AIC" 74 5183.31275511174 5046.6944887553 5028.96926365731 5249.01097449919 5112.29955709449 5094.62540169333
"BIC" 74 5262.10735097197 5132.44154895614 5121.66878819876 5323.17059413235 5193.41164106827 5182.68995000771
"ICL" 74 5262.18943525866 5132.51195680234 5121.69041898259 5323.42091842775 5194.24020471815 5183.07404027279
"AWE" 74 5510.98403111889 5403.25901700318 5414.38994352404 5557.58053806091 5450.35228869192 5461.13858858717
"AIC" 75 4780.23872523021 4669.34666635076 4676.5389922838 5017.42025491091 4931.84035152451 4754.58039082339
"BIC" 75 4859.03332109044 4755.0937265516 4769.23851682526 5091.57987454407 5012.95243549828 4842.64493913777
"ICL" 75 4859.13627578546 4755.69508052499 4769.2436082512 5091.76181275516 5013.18623338252 4843.26796901274
"AWE" 75 5107.9308716457 5026.44214072583 5061.94313279265 5325.92143238833 5269.29831735629 5121.33251732712
"AIC" 76 4875.90549056189 4746.77901842205 4738.1855320385 4941.21156801259 4812.08558682515 4795.20275932419
"BIC" 76 4954.70008642213 4832.5260786229 4830.88505657995 5015.37118764575 4893.19767079892 4883.26730763857
"ICL" 76 4954.80131097978 4832.63566756951 4831.07723809184 5015.49801516373 4893.3630566712 4883.52204789525
"AWE" 76 5203.59590684002 5103.38272777035 5123.77676263329 5249.65763479689 5149.47514064497 5161.58659620962
"AIC" 77 5073.82853149972 4926.63080864587 4907.36420715879 5157.88236089031 5012.37059361536 5024.74891436019
"BIC" 77 5152.62312735995 5012.37786884672 5000.06373170025 5232.04198052347 5093.48267758913 5112.81346267457
"ICL" 77 5153.63231368132 5016.29289875939 5005.25704614705 5233.07470702003 5102.16997902893 5114.63666844463
"AWE" 77 5402.42690954156 5287.03995896023 5297.9565706885 5467.2343266532 5358.2820630027 5392.70121675901
"AIC" 78 4868.90637637616 4738.51287480738 4713.04238911471 4923.08866649253 4795.78560722657 4770.11939382459
"BIC" 78 4947.7009722364 4824.25993500822 4805.74191365616 4997.24828612569 4876.89769120034 4858.18394213897
"ICL" 78 4947.98330039909 4827.22795639959 4807.53660678502 4997.80614899757 4879.50030250405 4860.28001385503
"AWE" 78 5196.77789625932 5097.97501660043 5100.23613132648 5231.96576863073 5135.61238647782 5138.34456216941
"AIC" 79 4804.1288177049 4940.43536063995 4672.9430491585 4852.01699240758 4738.18236752019 4723.68298763616
"BIC" 79 4882.92341356513 5026.1824208408 4765.64257369996 4926.17661204074 4819.29445149397 4811.74753595054
"ICL" 79 4884.37537392268 5026.19997703907 4767.49811367361 4927.73135821557 4821.21845554068 4812.73804296982
"AWE" 79 5133.16996978291 5296.94703723991 5060.19763821506 5161.89097784873 5077.33053951445 5090.8025912842
"AIC" 80 5089.23274130468 4977.4970339113 4956.04194075739 5157.43118255872 5049.94819730008 5028.30474527346
"BIC" 80 5168.02733716491 5063.24409411214 5048.74146529884 5231.59080219188 5131.06028127385 5116.36929358784
"ICL" 80 5168.31219983431 5066.89786236587 5052.68893971558 5231.73098347087 5136.73768567588 5120.79321424471
"AWE" 80 5417.10679569455 5337.64492256672 5345.38846425703 5465.89060310403 5392.84976964965 5398.85776255909
"AIC" 81 5036.57214450163 4858.8195392692 4855.06490919833 5095.14263546686 4929.45483308783 4902.19626027365
"BIC" 81 5115.36674036187 4944.56659947004 4947.76443373978 5169.30225510002 5010.5669170616 4990.26080858803
"ICL" 81 5115.74380637717 4948.20945145732 4948.37129167453 5170.06998922416 5018.24161632991 4997.1843542888
"AWE" 81 5364.5384022374 5218.95651165817 5241.07081621598 5404.22960885732 5274.35370030368 5275.24890260318
"AIC" 82 5100.55700038897 5092.21785487341 4916.45118303944 5181.94757433946 5038.71408292328 5010.72008314018
"BIC" 82 5179.35159624921 5177.96491507426 5009.15070758089 5256.10719397262 5119.82616689705 5098.78463145456
"ICL" 82 5179.57958287124 5178.02965991086 5013.12628847456 5256.32940275969 5126.63929237371 5100.69822919493
"AWE" 82 5428.37417873147 5448.7767201117 5305.82581301601 5490.48902239286 5382.75137634748 5378.76277750931
"AIC" 83 5084.33702861771 4905.75663824651 4876.35191624229 5146.11024251381 4972.07708010608 4938.91473523351
"BIC" 83 5163.13162447794 4991.50369844736 4969.05144078374 5220.26986214698 5053.18916407985 5026.97928354789
"ICL" 83 5163.22979353074 4992.8686458179 4969.71578009639 5220.37749206759 5056.9393069869 5027.79949854292
"AWE" 83 5412.02438939097 5263.61570601874 5262.41530463784 5454.53711170076 5313.05139096067 5305.8640468573
"AIC" 84 5133.81791026233 4970.69768105785 4974.02057992105 5219.44881963057 5052.48535897573 5036.56118174771
"BIC" 84 5212.61250612256 5056.4447412587 5066.72010446251 5293.60843926373 5133.5974429495 5124.62573006209
"ICL" 84 5212.71794587425 5058.57070671768 5066.9304877842 5293.7543908022 5138.36193104795 5129.64707284302
"AWE" 84 5461.51254173449 5329.31776691853 5359.63001232565 5527.91401043536 5394.47401502172 5407.7116211574
"AIC" 85 5058.6711215551 4904.19431347773 4904.02109684403 5148.29023563261 4987.62706737828 4965.57137051823
"BIC" 85 5137.46571741534 4989.94137367857 4996.72062138548 5222.44985526577 5068.73915135205 5053.63591883261
"ICL" 85 5138.24338091078 4993.62663596607 4997.20010088312 5223.57302609486 5073.76341590086 5056.9618041619
"AWE" 85 5387.03797677101 5264.37369616692 5289.89962542457 5457.73264572803 5329.87549987463 5335.02635247628
"AIC" 86 4936.67977371562 4793.14421506069 4779.80410862649 5014.11549374507 4873.46640184511 4855.37254494363
"BIC" 86 5015.47436957585 4878.89127526153 4872.50363316794 5088.27511337823 4954.57848581888 4943.43709325801
"ICL" 86 5015.5228538497 4881.39896648473 4872.5275905023 5088.31758134818 4957.58209960023 4943.46373743245
"AWE" 86 5264.31744970994 5152.14602668558 5165.22711504375 5322.47720098135 5213.694183574 5221.52828574683
"AIC" 87 5091.97727611471 4873.60023374419 4861.76672906953 5169.16779051381 4950.62325263085 4938.79541494552
"BIC" 87 5170.77187197494 4959.34729394503 4954.46625361098 5243.32741014697 5031.73533660462 5026.8599632599
"ICL" 87 5170.9433239336 4960.36131910922 4955.12474215969 5243.66652043641 5033.5141179663 5028.35718346523
"AWE" 87 5419.73791979384 5231.10837931006 5247.82426670115 5477.82614006957 5289.62620194007 5306.42173177961
"AIC" 88 4801.46440946477 4695.94034164396 4670.27887127242 4880.70691719514 4774.58813188186 4764.44892219663
"BIC" 88 4880.259005325 4781.6874018448 4762.97839581387 4954.86653682831 4855.70021585563 4852.51347051101
"ICL" 88 4880.3346404779 4782.41258500894 4764.09107863872 4954.91837241603 4857.08802763583 4852.71983313267
"AWE" 88 5129.12923633813 5053.15964520978 5056.79060318017 5189.07799204919 5113.20011160961 5130.78438144705
"AIC" 89 5037.32179573627 4882.17329636144 4854.01980162847 5091.33899427892 4944.33881963673 4916.00536470625
"BIC" 89 5116.1163915965 4967.92035656228 4946.71932616992 5165.49861391208 5025.4509036105 5004.06991302063
"ICL" 89 5117.00952977864 4973.27496841291 4950.28066253669 5165.7252394744 5030.39804673703 5007.29069099176
"AWE" 89 5365.80412563888 5244.02202861375 5242.98018707814 5399.88485910756 5286.5101307108 5285.35523930614
"AIC" 90 4801.89866451158 4675.86113155552 4661.23440836255 4869.85300124544 4743.87088902626 4964.65848070669
"BIC" 90 4880.69326037181 4761.60819175636 4753.933932904 4944.0126208786 4824.98297300003 5052.72302902107
"ICL" 90 4880.69331241772 4762.29152417563 4755.16825573389 4944.01266742113 4825.50243912274 5052.81020246787
"AWE" 90 5129.48790827796 5033.03858437647 5047.86778027534 5178.17228705429 5081.61452309651 5330.87475078225
"AIC" 91 4971.49127047806 4790.78264903018 4766.19196164699 5049.98441867476 4868.88576537585 4880.10943315694
"BIC" 91 5050.28586633829 4876.52970923102 4858.89148618844 5124.14403830792 4949.99784934962 4968.17398147132
"ICL" 91 5051.58930672075 4878.92837407039 4861.29802536043 5125.36263344472 4951.71639554932 4970.15757379915
"AWE" 91 5300.38390258098 5149.67543427124 5153.99754990188 5359.52225307788 5207.82847952309 5248.22212211353
"AIC" 92 5116.04093835182 4908.50472275817 4875.86653447145 5155.1396616162 4965.97785023218 4933.84809089908
"BIC" 92 5194.83553421206 4994.25178295901 4968.56605901291 5229.29928124936 5047.08993420595 5021.91263921346
"ICL" 92 5197.4943435295 4997.98410536926 4971.94955290714 5229.97706064937 5053.84444919771 5026.32232556209
"AWE" 92 5446.28893938974 5268.7311655701 5264.64907744859 5464.13668028253 5309.95653317148 5304.38687387647
"AIC" 93 4795.83612780768 4678.56611394534 4651.3464266813 4874.66010489213 4757.08732966675 4729.86778613899
"BIC" 93 4874.63072366792 4764.31317414618 4744.04595122275 4948.81972452529 4838.19941364052 4817.93233445337
"ICL" 93 4874.70488101459 4766.73389095428 4746.31847298069 4948.90811757116 4840.75857013869 4820.08530327057
"AWE" 93 5123.49947687483 5037.48095115513 5039.01799752214 5183.06773720432 5096.87065411246 5098.14985158495
"AIC" 94 5063.70063489216 4863.29064852807 4882.66859065939 5138.3185191741 4941.23088341629 4957.24764726473
"BIC" 94 5142.49523075239 4949.03770872891 4975.36811520085 5212.47813880727 5022.34296739006 5045.31219557911
"ICL" 94 5142.96935475836 4951.8180929641 4975.40326012835 5212.96879107817 5025.96594962634 5045.62689044181
"AWE" 94 5391.7639506186 5222.56515316494 5268.1027846698 5447.12841071134 5282.07803360011 5323.69143875619
"AIC" 95 4836.85588516024 4718.17983624354 4704.06704051989 4912.69379446263 4788.52502711433 4779.80992392746
"BIC" 95 4915.65048102047 4803.92689644439 4796.76656506134 4986.85341409579 4869.6371110881 4867.87447224184
"ICL" 95 4915.71658755467 4805.0281029737 4797.52721517579 4987.05166436171 4871.22388504837 4869.10681553601
"AWE" 95 5164.5111834149 5075.77516317454 5090.22673971725 5221.21128399487 5127.33596902214 5147.17136385039
"AIC" 96 5059.7666127888 4918.00963833893 4897.93728549937 5144.77596236739 5006.79869005985 4986.7547972044
"BIC" 96 5138.56120864904 5003.75669853978 4990.63681004082 5218.93558200055 5087.91077403362 5074.81934551878
"ICL" 96 5138.89643277413 5004.45973149395 4991.26910205365 5218.98061509397 5089.30056416844 5075.98058267071
"AWE" 96 5387.69102863436 5275.20679169479 5283.96862659511 5453.14023472713 5345.41264814221 5354.04513098509
"AIC" 97 4961.60985352974 4815.58441247887 4792.75693057303 5014.00973550692 4885.3050750222 4862.34135751053
"BIC" 97 5040.40444938997 4901.33147267971 4885.45645511448 5088.16935514008 4966.41715899598 4950.40590582491
"ICL" 97 5040.94388110669 4902.06808376803 4886.43990709173 5088.54490331547 4968.32568216408 4952.84163563738
"AWE" 97 5289.73847696693 5172.81514396888 5179.13943163318 5322.70452294863 5224.43776613785 5230.90618395176
