"CCR" 1 1 1 0.966666666666667 1 1 0.966666666666667
"ARI" 1 1 1 0.878928559500351 1 1 0.878928559500351
"CCR" 2 0.933333333333333 0.966666666666667 0.8 0.933333333333333 0.766666666666667 0.766666666666667
"ARI" 2 0.831493317838466 0.910644159547602 0.631633421151675 0.831493317838466 0.612250095504903 0.612250095504903
"CCR" 3 0.9 0.733333333333333 0.9 0.933333333333333 0.966666666666667 0.9
"ARI" 3 0.728846083332315 0.521715228147334 0.728846083332315 0.808229243203527 0.898981874182627 0.728846083332315
"CCR" 4 0.833333333333333 0.933333333333333 0.933333333333333 0.833333333333333 0.933333333333333 0.833333333333333
"ARI" 4 0.559366181897113 0.786495582667228 0.786495582667228 0.559366181897113 0.786495582667228 0.559366181897113
"CCR" 5 0.966666666666667 1 0.966666666666667 0.866666666666667 0.866666666666667 0.966666666666667
"ARI" 5 0.923567102812496 1 0.923567102812496 0.763501268575571 0.763501268575571 0.923567102812496
"CCR" 6 0.966666666666667 1 1 0.866666666666667 1 1
"ARI" 6 0.898912437255996 1 1 0.650305007802525 1 1
"CCR" 7 0.8 0.766666666666667 0.833333333333333 0.833333333333333 0.933333333333333 1
"ARI" 7 0.58072511200788 0.459333841638553 0.610554713332458 0.610554713332458 0.791083414354157 1
"CCR" 8 0.9 0.966666666666667 0.9 1 1 0.9
"ARI" 8 0.746312541005516 0.905214991284137 0.746312541005516 1 1 0.746312541005516
"CCR" 9 0.833333333333333 0.966666666666667 0.966666666666667 0.733333333333333 0.733333333333333 0.966666666666667
"ARI" 9 0.635599913836433 0.905214991284137 0.905214991284137 0.579493458787137 0.579493458787137 0.905214991284137
"CCR" 10 0.9 1 0.866666666666667 0.866666666666667 1 0.866666666666667
"ARI" 10 0.693027850959729 1 0.616615641525188 0.616615641525188 1 0.616615641525188
"CCR" 11 0.9 1 1 1 1 1
"ARI" 11 0.793063610003624 1 1 1 1 1
"CCR" 12 1 1 0.933333333333333 0.7 0.7 1
"ARI" 12 1 1 0.797560437945477 0.4653188378155 0.501375515818432 1
"CCR" 13 0.966666666666667 1 1 0.966666666666667 1 1
"ARI" 13 0.882802890979161 1 1 0.882802890979161 1 1
"CCR" 14 1 1 1 1 1 1
"ARI" 14 1 1 1 1 1 1
"CCR" 15 1 1 1 0.966666666666667 1 0.966666666666667
"ARI" 15 1 1 1 0.917715392061956 1 0.917715392061956
"CCR" 16 0.933333333333333 1 1 0.933333333333333 1 1
"ARI" 16 0.775446994227791 1 1 0.775446994227791 1 1
"CCR" 17 1 1 1 0.966666666666667 0.7 1
"ARI" 17 1 1 1 0.898981874182627 0.539038657171923 1
"CCR" 18 0.766666666666667 0.766666666666667 0.966666666666667 0.766666666666667 0.733333333333333 0.766666666666667
"ARI" 18 0.607527228201328 0.607527228201328 0.905214991284137 0.607527228201328 0.537374658158614 0.607527228201328
"CCR" 19 0.933333333333333 0.933333333333333 0.933333333333333 0.9 0.933333333333333 0.933333333333333
"ARI" 19 0.791726515369147 0.791726515369147 0.791726515369147 0.723571094564944 0.791726515369147 0.791726515369147
"CCR" 20 0.9 0.766666666666667 1 0.933333333333333 1 1
"ARI" 20 0.782001718213058 0.658622719246616 1 0.843738774337237 1 1
"CCR" 21 0.933333333333333 0.933333333333333 0.966666666666667 0.966666666666667 0.966666666666667 0.933333333333333
"ARI" 21 0.782805107111439 0.782805107111439 0.885408434513974 0.885408434513974 0.885408434513974 0.782805107111439
"CCR" 22 0.966666666666667 0.966666666666667 1 0.966666666666667 0.966666666666667 1
"ARI" 22 0.885408434513974 0.885408434513974 1 0.885408434513974 0.885408434513974 1
"CCR" 23 0.966666666666667 1 0.666666666666667 0.966666666666667 1 1
"ARI" 23 0.882034593753316 1 0.383428502004617 0.882034593753316 1 1
"CCR" 24 0.933333333333333 0.966666666666667 0.966666666666667 0.866666666666667 0.7 1
"ARI" 24 0.796748967145387 0.893025772181782 0.893452862076567 0.640609433091148 0.510614804475093 1
"CCR" 25 1 1 1 1 1 1
"ARI" 25 1 1 1 1 1 1
"CCR" 26 1 1 0.733333333333333 1 1 1
"ARI" 26 1 1 0.376790830945559 1 1 1
"CCR" 27 0.966666666666667 0.966666666666667 0.966666666666667 0.966666666666667 0.966666666666667 0.966666666666667
"ARI" 27 0.886606000284374 0.886606000284374 0.886606000284374 0.896573860529256 0.886606000284374 0.886606000284374
"CCR" 28 0.933333333333333 0.933333333333333 0.866666666666667 0.933333333333333 0.933333333333333 0.933333333333333
"ARI" 28 0.7991640949627 0.796748967145387 0.650305007802525 0.7991640949627 0.796748967145387 0.796748967145387
"CCR" 29 0.933333333333333 0.7 1 0.966666666666667 0.933333333333333 0.966666666666667
"ARI" 29 0.802182810368349 0.413315350662089 1 0.894683323649041 0.810429982568274 0.894683323649041
"CCR" 30 0.966666666666667 1 0.966666666666667 0.966666666666667 0.966666666666667 1
"ARI" 30 0.898912437255996 1 0.898912437255996 0.898912437255996 0.898912437255996 1
"CCR" 31 0.966666666666667 1 1 0.966666666666667 1 1
"ARI" 31 0.877807615815908 1 1 0.877807615815908 1 1
"CCR" 32 0.8 1 1 0.8 1 1
"ARI" 32 0.744346009011558 1 1 0.744346009011558 1 1
"CCR" 33 1 1 1 1 1 1
"ARI" 33 1 1 1 1 1 1
"CCR" 34 0.866666666666667 0.766666666666667 1 0.866666666666667 1 1
"ARI" 34 0.684049970947124 0.589173410032411 1 0.647832864099373 1 1
"CCR" 35 0.933333333333333 0.933333333333333 0.966666666666667 0.933333333333333 0.933333333333333 0.966666666666667
"ARI" 35 0.77760736196319 0.77760736196319 0.884245600638645 0.77760736196319 0.77760736196319 0.884245600638645
"CCR" 36 1 0.966666666666667 0.966666666666667 1 0.966666666666667 1
"ARI" 36 1 0.885408434513974 0.886606000284374 1 0.885408434513974 1
"CCR" 37 0.966666666666667 0.966666666666667 0.966666666666667 0.966666666666667 0.966666666666667 1
"ARI" 37 0.906916474476331 0.906916474476331 0.906916474476331 0.906916474476331 0.906916474476331 1
"CCR" 38 0.8 0.933333333333333 1 0.8 0.933333333333333 1
"ARI" 38 0.451183071781137 0.792556090471432 1 0.451183071781137 0.792556090471432 1
"CCR" 39 1 1 1 1 1 1
"ARI" 39 1 1 1 1 1 1
"CCR" 40 1 1 1 0.833333333333333 0.833333333333333 1
"ARI" 40 1 1 1 0.636894824707846 0.636894824707846 1
"CCR" 41 1 1 0.966666666666667 1 1 0.966666666666667
"ARI" 41 1 1 0.905214991284137 1 1 0.905214991284137
"CCR" 42 0.9 0.9 0.766666666666667 0.766666666666667 0.766666666666667 0.766666666666667
"ARI" 42 0.743261853236278 0.743261853236278 0.585592124662599 0.585592124662599 0.585592124662599 0.585592124662599
"CCR" 43 0.833333333333333 1 1 0.9 0.966666666666667 0.7
"ARI" 43 0.570990247287869 1 1 0.717099208540401 0.894683323649041 0.481216457960644
"CCR" 44 0.9 1 1 1 1 1
"ARI" 44 0.714601608631205 1 1 1 1 1
"CCR" 45 0.966666666666667 0.966666666666667 0.7 0.966666666666667 0.966666666666667 0.966666666666667
"ARI" 45 0.886606000284374 0.886606000284374 0.450162513542795 0.886606000284374 0.886606000284374 0.886606000284374
"CCR" 46 0.966666666666667 0.966666666666667 1 0.9 0.833333333333333 0.966666666666667
"ARI" 46 0.913669316709277 0.913669316709277 1 0.778761061946903 0.694082897854523 0.913669316709277
"CCR" 47 0.9 0.966666666666667 0.966666666666667 0.966666666666667 0.966666666666667 0.9
"ARI" 47 0.731042007637752 0.89817039364258 0.89817039364258 0.89817039364258 0.89817039364258 0.731042007637752
"CCR" 48 0.866666666666667 0.666666666666667 0.866666666666667 0.966666666666667 0.966666666666667 0.966666666666667
"ARI" 48 0.599668691330757 0.383428502004617 0.599668691330757 0.882034593753316 0.882034593753316 0.882034593753316
"CCR" 49 0.966666666666667 0.933333333333333 0.933333333333333 0.933333333333333 0.933333333333333 0.933333333333333
"ARI" 49 0.900509190711784 0.809692786311491 0.813952383215321 0.813952383215321 0.809692786311491 0.808229243203527
"CCR" 50 0.866666666666667 0.966666666666667 0.933333333333333 1 0.966666666666667 0.966666666666667
"ARI" 50 0.605835447625951 0.890623462661113 0.79342945950613 1 0.890623462661113 0.890623462661113
"CCR" 51 0.933333333333333 0.933333333333333 0.933333333333333 0.933333333333333 0.966666666666667 0.933333333333333
"ARI" 51 0.808229243203527 0.808229243203527 0.808229243203527 0.808229243203527 0.89817039364258 0.808229243203527
"CCR" 52 0.733333333333333 0.9 0.9 0.966666666666667 0.966666666666667 1
"ARI" 52 0.478016061044276 0.702708535664185 0.702708535664185 0.891207259994998 0.893356214758519 1
"CCR" 53 1 1 0.933333333333333 1 1 1
"ARI" 53 1 1 0.869703463053847 1 1 1
"CCR" 54 0.733333333333333 1 1 0.966666666666667 1 0.733333333333333
"ARI" 54 0.579493458787137 1 1 0.90410757586891 1 0.579493458787137
"CCR" 55 0.966666666666667 0.966666666666667 0.966666666666667 0.933333333333333 0.966666666666667 0.966666666666667
"ARI" 55 0.909960916097454 0.909960916097454 0.909960916097454 0.831493317838466 0.909960916097454 0.909960916097454
"CCR" 56 1 1 1 0.8 0.8 1
"ARI" 56 1 1 1 0.660568753251257 0.660568753251257 1
"CCR" 57 0.7 0.7 0.9 0.7 0.7 0.9
"ARI" 57 0.539038657171923 0.539038657171923 0.728846083332315 0.539038657171923 0.539038657171923 0.728846083332315
"CCR" 58 1 1 1 0.766666666666667 0.766666666666667 1
"ARI" 58 1 1 1 0.658622719246616 0.658622719246616 1
"CCR" 59 0.966666666666667 1 1 1 1 1
"ARI" 59 0.884992549151565 1 1 1 1 1
"CCR" 60 0.966666666666667 1 1 0.966666666666667 1 1
"ARI" 60 0.905214991284137 1 1 0.905214991284137 1 1
"CCR" 61 0.966666666666667 1 1 0.966666666666667 1 1
"ARI" 61 0.891207259994998 1 1 0.891207259994998 1 1
"CCR" 62 0.933333333333333 0.966666666666667 0.933333333333333 0.933333333333333 0.933333333333333 0.966666666666667
"ARI" 62 0.863170665947695 0.925775517865065 0.863170665947695 0.863170665947695 0.863170665947695 0.925775517865065
"CCR" 63 0.9 0.7 0.766666666666667 0.9 1 1
"ARI" 63 0.713438735177866 0.486047560739834 0.506734240488753 0.713438735177866 1 1
"CCR" 64 1 1 1 0.933333333333333 1 1
"ARI" 64 1 1 1 0.820298741112778 1 1
"CCR" 65 0.9 1 1 0.966666666666667 0.966666666666667 1
"ARI" 65 0.820639102050166 1 1 0.930431802604524 0.931333859510655 1
"CCR" 66 0.8 0.8 0.933333333333333 0.966666666666667 1 0.933333333333333
"ARI" 66 0.701317668087147 0.690749133564383 0.857102632690413 0.923567102812496 1 0.857102632690413
"CCR" 67 0.866666666666667 0.866666666666667 0.866666666666667 0.866666666666667 0.866666666666667 0.866666666666667
"ARI" 67 0.763501268575571 0.763501268575571 0.763501268575571 0.763501268575571 0.763501268575571 0.763501268575571
"CCR" 68 0.966666666666667 1 0.966666666666667 0.733333333333333 0.733333333333333 1
"ARI" 68 0.8861891273931 1 0.8861891273931 0.447750535586765 0.447750535586765 1
"CCR" 69 0.933333333333333 1 1 0.766666666666667 1 0.766666666666667
"ARI" 69 0.813952383215321 1 1 0.580565180075654 1 0.580565180075654
"CCR" 70 0.966666666666667 0.933333333333333 0.933333333333333 0.966666666666667 0.966666666666667 1
"ARI" 70 0.936147149486806 0.882262721039336 0.882262721039336 0.936147149486806 0.936459960224272 1
"CCR" 71 0.866666666666667 1 1 0.933333333333333 1 0.966666666666667
"ARI" 71 0.610613810741688 1 1 0.780500647199491 1 0.88228661630398
"CCR" 72 0.9 0.9 0.933333333333333 0.9 0.9 0.9
"ARI" 72 0.731042007637752 0.731042007637752 0.802503221056507 0.731042007637752 0.719371918933723 0.731042007637752
"CCR" 73 1 1 1 0.966666666666667 1 0.966666666666667
"ARI" 73 1 1 1 0.917531636570454 1 0.917531636570454
"CCR" 74 0.8 0.8 0.8 0.8 0.966666666666667 0.8
"ARI" 74 0.687070825976064 0.687070825976064 0.687070825976064 0.687070825976064 0.916660679646526 0.687070825976064
"CCR" 75 1 1 1 1 1 1
"ARI" 75 1 1 1 1 1 1
"CCR" 76 0.9 0.933333333333333 0.966666666666667 0.9 0.866666666666667 0.966666666666667
"ARI" 76 0.747257254178202 0.791651699116316 0.900509190711784 0.747257254178202 0.627727856225931 0.900509190711784
"CCR" 77 1 1 1 1 1 1
"ARI" 77 1 1 1 1 1 1
"CCR" 78 0.9 1 0.9 0.966666666666667 1 0.9
"ARI" 78 0.749291580615725 1 0.749291580615725 0.90410757586891 1 0.749291580615725
"CCR" 79 0.933333333333333 0.933333333333333 0.933333333333333 0.933333333333333 0.933333333333333 0.933333333333333
"ARI" 79 0.810485042114435 0.810485042114435 0.810485042114435 0.810485042114435 0.810485042114435 0.810485042114435
"CCR" 80 0.933333333333333 0.933333333333333 0.933333333333333 0.933333333333333 0.933333333333333 0.933333333333333
"ARI" 80 0.810485042114435 0.810485042114435 0.810485042114435 0.810485042114435 0.810485042114435 0.810485042114435
"CCR" 81 0.966666666666667 1 0.966666666666667 0.966666666666667 0.966666666666667 0.966666666666667
"ARI" 81 0.918867880539948 1 0.918867880539948 0.918867880539948 0.918867880539948 0.918867880539948
"CCR" 82 0.966666666666667 0.966666666666667 0.966666666666667 0.966666666666667 0.966666666666667 0.966666666666667
"ARI" 82 0.902577884649386 0.902577884649386 0.902577884649386 0.902577884649386 0.902577884649386 0.902577884649386
"CCR" 83 0.933333333333333 1 0.933333333333333 0.8 0.8 1
"ARI" 83 0.882262721039336 1 0.882262721039336 0.769535177916896 0.771273332749102 1
"CCR" 84 1 0.966666666666667 0.933333333333333 0.933333333333333 1 1
"ARI" 84 1 0.893025772181782 0.7991640949627 0.7991640949627 1 1
"CCR" 85 0.8 0.8 0.966666666666667 0.8 0.8 0.8
"ARI" 85 0.730804933032754 0.730804933032754 0.930431802604524 0.730804933032754 0.730804933032754 0.730804933032754
"CCR" 86 1 0.966666666666667 1 1 0.966666666666667 1
"ARI" 86 1 0.893146647015475 1 1 0.936147149486806 1
"CCR" 87 0.866666666666667 0.9 1 0.866666666666667 0.9 1
"ARI" 87 0.64482973920561 0.711169584890813 1 0.64482973920561 0.711169584890813 1
"CCR" 88 1 0.933333333333333 1 1 0.933333333333333 1
"ARI" 88 1 0.843738774337237 1 1 0.843738774337237 1
"CCR" 89 0.966666666666667 1 0.966666666666667 1 1 0.966666666666667
"ARI" 89 0.885408434513974 1 0.885408434513974 1 1 0.885408434513974
"CCR" 90 0.8 0.9 0.9 0.766666666666667 0.766666666666667 0.766666666666667
"ARI" 90 0.541644468122891 0.717099208540401 0.717099208540401 0.510015676711374 0.510015676711374 0.510015676711374
"CCR" 91 1 1 1 0.8 0.8 1
"ARI" 91 1 1 1 0.736842105263158 0.736842105263158 1
"CCR" 92 0.9 0.666666666666667 1 0.933333333333333 0.966666666666667 0.833333333333333
"ARI" 92 0.714601608631205 0.380910212214175 1 0.797560437945477 0.90410757586891 0.5885941268265
"CCR" 93 0.966666666666667 1 0.9 0.9 1 0.9
"ARI" 93 0.89817039364258 1 0.728846083332315 0.728846083332315 1 0.728846083332315
"CCR" 94 0.966666666666667 0.933333333333333 0.9 0.9 0.933333333333333 0.9
"ARI" 94 0.888775249296855 0.803280491829326 0.714161121133559 0.714161121133559 0.803280491829326 0.714161121133559
"CCR" 95 0.933333333333333 0.666666666666667 1 0.933333333333333 1 0.933333333333333
"ARI" 95 0.788547540346102 0.449645748987854 1 0.788547540346102 1 0.788547540346102
"CCR" 96 1 1 0.8 1 1 0.8
"ARI" 96 1 1 0.462249896982739 1 1 0.462249896982739
"CCR" 97 0.933333333333333 0.933333333333333 0.933333333333333 0.966666666666667 0.933333333333333 0.966666666666667
"ARI" 97 0.810429982568274 0.810429982568274 0.810429982568274 0.909960916097454 0.810429982568274 0.894683323649041
"CCR" 98 1 1 0.9 0.666666666666667 0.666666666666667 0.9
"ARI" 98 1 1 0.702708535664185 0.466650318783717 0.466650318783717 0.702708535664185
"CCR" 99 0.733333333333333 0.7 0.7 0.933333333333333 1 1
"ARI" 99 0.528573214955608 0.413315350662089 0.413315350662089 0.802182810368349 1 1
"CCR" 100 0.966666666666667 1 1 0.966666666666667 1 1
"ARI" 100 0.888775249296855 1 1 0.888775249296855 1 1
