1 0.4692949 2.039172 2.648874 -1.148619 2.69823 0.2961186 3.169571 2.090273 1.225013 2.524676 -1.709356 1.020835 -1.129753 -1.785502 0.05486943 0.04656825 1.775752 2.05857 1.405992 2.705961 -0.5434035 2.857001 1.080516 -2.947949 11.65201 0.502749 2.985217 5.129237 1.747922 9.332856 -0.4343252 -0.006554534 -1.113654 -0.05322255 NA NA NA NA NA NA NA NA NA NA NA NA NA NA NA NA NA NA NA NA NA NA NA NA NA NA NA NA NA NA NA NA NA NA
2 1.137206 2.080299 1.218068 -0.8316143 3.489392 0.6130716 2.456342 1.082374 1.226384 3.248291 -2.608709 1.212843 -0.6429927 -1.831349 11.65983 11.16596 12.37034 5.576186 4.910905 9.652015 -1.090588 2.743209 2.352714 -3.217289 2.479575 -1.348204 1.600756 7.365655 5.530906 12.975 0.2655984 -0.1193135 0.5563246 -0.2027553 NA NA NA NA NA NA NA NA NA NA NA NA NA NA NA NA NA NA NA NA NA NA NA NA NA NA NA NA NA NA NA NA NA NA
3 0.2655235 2.08962 1.582422 -0.8933892 0.499143 0.2766711 0.2935349 1.663891 1.091535 2.846536 -1.610302 1.338457 -0.3876779 -1.546946 13.74362 4.345819 5.561217 5.094736 2.522846 9.027154 0.2059141 2.913349 1.85872 -3.024969 9.987099 9.31863 12.138 8.269993 5.745778 21.5088 -0.7770669 0.1848001 -1.188221 0.2951838 NA NA NA NA NA NA NA NA NA NA NA NA NA NA NA NA NA NA NA NA NA NA NA NA NA NA NA NA NA NA NA NA NA NA
4 1.786913 1.908876 3.409123 -1.182507 2.75366 0.03205987 0.3402164 1.014942 0.6516769 2.238034 -0.6206973 1.518155 1.74366 -1.860239 16.74437 9.822116 17.47318 11.85014 6.637693 18.05728 -2.020507 3.081664 1.311007 -2.929132 1.002744 0.5946928 0.8548165 8.038202 6.33935 18.94991 1.882075 -0.6181165 0.6658492 -0.07323002 NA NA NA NA NA NA NA NA NA NA NA NA NA NA NA NA NA NA NA NA NA NA NA NA NA NA NA NA NA NA NA NA NA NA
5 1.838048 2.049459 2.14704 -0.9569261 0.9238694 -0.1001847 1.512901 0.7115551 0.6610268 1.813381 -1.555319 1.177633 0.2848282 -1.800184 4.751406 -0.6469117 14.54672 4.942939 3.734124 7.873349 -2.122811 2.894129 1.878796 -3.321596 3.695097 -0.4142976 0.4186635 5.953127 5.734155 16.16388 -1.919423 0.1905037 0.05445221 -0.09763817 NA NA NA NA NA NA NA NA NA NA NA NA NA NA NA NA NA NA NA NA NA NA NA NA NA NA NA NA NA NA NA NA NA NA
6 0.7768993 1.951964 2.554962 -1.002775 3.077166 0.5656279 4.816373 1.51786 1.167449 2.925907 0.1579159 0.9419785 0.3619736 -1.881595 7.501411 4.658787 3.413017 3.098273 0.6875753 7.013685 -3.450318 3.115642 -0.5413279 -2.790906 4.842785 0.2997507 3.89436 10.67818 5.115084 12.71271 1.072473 -0.150066 -0.01549328 -0.04957448 NA NA NA NA NA NA NA NA NA NA NA NA NA NA NA NA NA NA NA NA NA NA NA NA NA NA NA NA NA NA NA NA NA NA
7 3.786231 2.114575 0.5741405 -0.5432044 0.0004194398 0.0002304668 0.0006005862 0.6374829 0.3479401 0.9056024 0.9402365 1.628881 1.567647 -1.459599 8.813513 9.74608 21.07547 3.987468 2.712255 7.426302 -1.090569 2.895648 1.049034 -2.856272 6.678139 2.026676 5.909998 3.584192 1.80696 9.782168 -0.866992 -0.9503198 0.1985058 0.09853436 NA NA NA NA NA NA NA NA NA NA NA NA NA NA NA NA NA NA NA NA NA NA NA NA NA NA NA NA NA NA NA NA NA NA
8 0.3146454 2.098128 2.333973 -0.8977311 1.986818 0.608055 0.4420866 0.8437423 0.6168459 2.152717 0.1333397 1.213384 1.335065 -1.709177 10.77577 9.752165 20.75324 2.168609 1.420399 4.786624 -1.725725 2.782954 1.187709 -3.022802 2.839982 0.9632747 2.104518 9.638195 5.909231 18.02585 -1.23797 0.2730387 -0.6408275 0.168546 NA NA NA NA NA NA NA NA NA NA NA NA NA NA NA NA NA NA NA NA NA NA NA NA NA NA NA NA NA NA NA NA NA NA
9 1.086832 2.077685 2.986503 -0.964379 5.386325 0.8957591 0.8011236 0.7703969 0.3441802 1.432571 -0.3522202 1.387971 -0.9107865 -1.272208 13.97229 6.159781 6.808693 5.955293 4.104219 9.287444 -2.637649 3.138938 -0.5869818 -2.736998 2.576615 0.5063095 4.166582 3.908392 3.183234 11.70489 -0.6143758 0.004296865 -0.1396015 0.08379933 NA NA NA NA NA NA NA NA NA NA NA NA NA NA NA NA NA NA NA NA NA NA NA NA NA NA NA NA NA NA NA NA NA NA
10 2.690031 1.840217 4.055169 -1.305756 5.815746 0.4843408 0.3906402 1.404768 1.287011 2.850218 -1.50156 1.265232 -0.3184805 -1.947626 6.853868 0.3227782 4.61157 4.487532 3.41599 8.729181 -1.675901 2.956457 0.08284496 -2.970029 1.917049 0.8915654 0.7460154 3.996398 4.303245 12.39669 0.3727744 -0.06606698 0.2874399 0.1058341 NA NA NA NA NA NA NA NA NA NA NA NA NA NA NA NA NA NA NA NA NA NA NA NA NA NA NA NA NA NA NA NA NA NA
11 1.469233 1.893642 3.438188 -0.8494488 0.07102702 0.04338271 0.03421208 1.092079 0.09410819 1.658137 -0.5841445 1.218071 0.9501366 -1.980238 6.471604 4.70844 5.529409 1.682125 1.712724 4.477141 -1.129616 2.83215 0.4810155 -2.92022 0.3422181 -0.6273895 4.948789 5.600314 3.491362 9.827917 -0.2346489 -0.3329471 0.4632804 -0.07930716 NA NA NA NA NA NA NA NA NA NA NA NA NA NA NA NA NA NA NA NA NA NA NA NA NA NA NA NA NA NA NA NA NA NA
12 1.571104 2.060832 1.805167 -0.9553593 2.959423 2.075074 2.899352 1.432157 0.8467228 2.91252 -0.5212533 0.9708987 -0.2385571 -2.125337 5.106803 2.313341 2.610362 3.413359 3.079527 5.434086 -0.4664477 2.852705 2.255083 -2.899506 5.423769 -1.207845 1.398276 7.525233 5.067987 13.93777 -0.03443527 0.07549549 -0.6929855 0.1475431 NA NA NA NA NA NA NA NA NA NA NA NA NA NA NA NA NA NA NA NA NA NA NA NA NA NA NA NA NA NA NA NA NA NA
13 1.351522 1.950782 2.714047 -1.036976 1.869962 0.003845172 1.370177 1.458346 1.16338 2.293673 -1.06632 1.105476 -0.3562272 -1.96392 8.672335 -0.8100258 0.8783519 2.654365 2.520346 7.675577 0.1830049 2.837721 -0.8768409 -2.733858 6.150716 5.889006 9.597479 4.98247 4.368721 14.30914 0.8816 -0.01779642 1.497432 -0.1679173 NA NA NA NA NA NA NA NA NA NA NA NA NA NA NA NA NA NA NA NA NA NA NA NA NA NA NA NA NA NA NA NA NA NA
14 2.164522 1.909414 4.005716 -1.039532 1.098347 2.540442 6.646878 1.930882 0.05191768 2.820773 -0.5403236 1.089391 -1.745539 -1.707617 1.094758 3.982366 15.32067 3.21033 2.216794 6.571901 -1.193656 2.92448 0.3154957 -2.901853 1.736257 -0.522615 0.3913074 3.540776 3.396735 8.259296 0.4547546 -0.2671457 0.1240598 0.04179569 NA NA NA NA NA NA NA NA NA NA NA NA NA NA NA NA NA NA NA NA NA NA NA NA NA NA NA NA NA NA NA NA NA NA
15 -2.692419 2.136005 1.432071 -0.8385725 3.357445 -1.838761 5.158379 1.377437 0.2321025 3.033782 -0.8225448 1.013492 -0.04984656 -1.910179 1.3804 -0.2323418 1.390251 1.328179 0.9418358 3.764414 -2.439526 2.995996 2.109447 -3.425985 0.9208576 0.8833586 1.712749 8.946002 6.250365 14.73834 -1.15136 0.01077721 0.2722618 -0.02492049 NA NA NA NA NA NA NA NA NA NA NA NA NA NA NA NA NA NA NA NA NA NA NA NA NA NA NA NA NA NA NA NA NA NA
16 0.9818978 2.234635 1.828843 -0.8182438 5.73759 -1.288137 2.452167 2.554702 1.87044 3.805 -0.929725 1.109106 0.8249477 -2.120937 13.72516 8.371856 10.66695 4.749212 3.763273 9.493994 -1.404726 3.14266 1.205943 -3.006095 3.270785 4.055488 5.059848 4.421803 3.400803 12.88369 0.4030372 0.02782241 0.7482239 0.02685985 NA NA NA NA NA NA NA NA NA NA NA NA NA NA NA NA NA NA NA NA NA NA NA NA NA NA NA NA NA NA NA NA NA NA
17 1.044257 2.007608 2.285823 -1.118461 1.540421 -0.05358333 1.16016 0.8759434 0.4323102 1.150327 -0.03714816 1.029042 0.5272612 -2.174718 3.440656 3.969643 5.576417 5.680995 2.881806 7.149232 -1.708692 2.95405 1.839254 -3.298784 1.340493 -1.739759 2.459429 3.774148 2.917349 12.13321 -0.2030655 0.01893126 0.182033 -0.01746454 NA NA NA NA NA NA NA NA NA NA NA NA NA NA NA NA NA NA NA NA NA NA NA NA NA NA NA NA NA NA NA NA NA NA
18 9.837702 1.753293 -0.4334809 -1.067405 0.006421322 0.003004864 0.004217449 2.709656 1.303469 1.75715 -1.408855 1.362224 0.8407103 -1.679959 8.679002 5.024685 7.071579 5.02639 4.412896 11.95291 -0.7404224 2.901509 2.091803 -3.096346 2.318937 1.451055 0.9965966 4.320852 1.82144 6.68317 -4.366734 0.2859939 0.8199966 -0.06585176 NA NA NA NA NA NA NA NA NA NA NA NA NA NA NA NA NA NA NA NA NA NA NA NA NA NA NA NA NA NA NA NA NA NA
19 0.7733217 2.046172 2.039185 -1.01096 1.727616 0.0689316 1.162676 0.7897524 0.5175132 1.72702 -0.5634375 1.175457 -0.8806944 -1.815166 3.325508 3.136095 6.365852 5.29062 2.903496 8.200785 -2.189523 2.827889 1.582706 -3.062369 6.619367 6.111239 6.382045 5.017176 4.48682 11.00918 0.733543 -0.07285043 0.6004598 -0.08496933 NA NA NA NA NA NA NA NA NA NA NA NA NA NA NA NA NA NA NA NA NA NA NA NA NA NA NA NA NA NA NA NA NA NA
20 0.9411878 1.989643 2.054556 -1.025446 0.9923903 -0.3979507 0.3923334 0.8310201 0.2369116 1.361136 1.597799 1.034374 1.383693 -1.764052 9.288112 7.104556 11.1145 7.45553 5.5598 9.456377 -0.63279 2.896317 2.039352 -3.178783 3.568859 1.161117 0.4542191 4.855245 2.747131 12.69891 -0.3350661 -0.0661372 -0.0762467 -0.04192953 NA NA NA NA NA NA NA NA NA NA NA NA NA NA NA NA NA NA NA NA NA NA NA NA NA NA NA NA NA NA NA NA NA NA
21 0.789644 2.030371 2.899925 -0.9635082 0.7312823 0.1641149 1.393249 1.034484 1.065295 2.295107 -0.6679038 1.062243 -0.2513123 -1.923437 3.077001 0.7334298 23.42667 3.941825 2.914771 9.030297 -2.78286 3.11572 0.3805376 -2.770011 0.7439395 -0.1798502 1.977233 1.898049 1.546056 5.070442 0.9150595 -0.1435305 1.113365 -0.08459303 NA NA NA NA NA NA NA NA NA NA NA NA NA NA NA NA NA NA NA NA NA NA NA NA NA NA NA NA NA NA NA NA NA NA
22 0.4334594 1.974875 1.967846 -0.9920156 1.876763 -1.253477 1.909388 1.056113 0.6327229 2.280358 -1.833572 1.161715 -0.2496714 -1.835965 6.330147 2.559252 5.419338 4.74934 3.650746 8.972508 -1.630169 2.931674 2.266482 -2.975617 0.488416 0.09003363 1.199188 8.982718 6.011348 12.34452 1.392652 -0.2578224 1.361971 -0.1668516 NA NA NA NA NA NA NA NA NA NA NA NA NA NA NA NA NA NA NA NA NA NA NA NA NA NA NA NA NA NA NA NA NA NA
23 2.585948 1.935393 1.979572 -1.014401 7.47757 2.634629 3.219684 1.986308 1.689194 4.148855 -1.503504 1.119901 -0.2339066 -1.876427 5.117746 -0.5171386 4.685835 4.881072 2.293579 9.104611 -1.331133 2.686357 -0.4909072 -3.191787 0.3508079 1.631892 8.141498 7.334072 6.186303 12.90416 -1.29921 0.4257236 -0.3720704 0.2894035 NA NA NA NA NA NA NA NA NA NA NA NA NA NA NA NA NA NA NA NA NA NA NA NA NA NA NA NA NA NA NA NA NA NA
24 0.1162366 2.034645 2.407866 -1.002908 2.816789 1.108991 6.474682 2.427463 1.893263 4.023307 -2.228124 0.9508658 -0.3954469 -2.016899 8.065927 -0.05268626 2.90201 5.462581 3.756728 13.26299 -1.755761 2.996061 2.665093 -3.166331 1.277158 -0.8631391 0.6895497 4.661397 -0.8512755 9.27076 1.14019 -0.3017899 0.2449789 -0.008994913 NA NA NA NA NA NA NA NA NA NA NA NA NA NA NA NA NA NA NA NA NA NA NA NA NA NA NA NA NA NA NA NA NA NA
25 1.328719 1.977791 0.8026672 -1.000504 2.973314 1.10521 3.2995 0.7832022 0.4201809 3.181185 -1.633896 1.033871 -1.106939 -1.900842 1.443174 -0.3288608 3.334523 4.766571 2.762527 8.995592 -2.622204 3.032919 1.645138 -3.168741 1.281707 -1.822386 4.752136 6.773288 2.476904 7.407724 -0.1345877 -0.09792384 -0.2636326 0.08707094 NA NA NA NA NA NA NA NA NA NA NA NA NA NA NA NA NA NA NA NA NA NA NA NA NA NA NA NA NA NA NA NA NA NA
26 0.9680543 1.959302 1.821527 -0.9910424 1.119107 -0.144281 2.271348 1.231702 0.5346666 1.969127 -1.261046 1.087771 1.163995 -2.045959 6.101299 -0.9885749 15.63905 7.78488 3.950205 11.01877 -1.018823 3.069868 2.683719 -3.139374 0.5388107 0.8605983 3.356718 1.583106 0.4776628 4.534738 1.713045 -0.1557903 1.406147 -0.2203414 NA NA NA NA NA NA NA NA NA NA NA NA NA NA NA NA NA NA NA NA NA NA NA NA NA NA NA NA NA NA NA NA NA NA
27 1.325279 2.052039 0.9695269 -1.074269 1.15932 -0.08595645 8.024044 5.196516 5.350519 12.56005 -0.2600906 0.8851163 0.04735479 -1.967459 1.445795 -0.1546487 0.2914148 1.715377 0.6343372 4.162445 1.395655 2.751789 3.667861 -3.453821 12.42714 -1.064501 0.2575195 4.964122 4.634718 8.416694 0.2284242 0.02722221 0.8771982 -0.06175212 NA NA NA NA NA NA NA NA NA NA NA NA NA NA NA NA NA NA NA NA NA NA NA NA NA NA NA NA NA NA NA NA NA NA
28 -0.3242665 2.085231 2.676363 -0.9855483 4.870918 -1.872994 2.401713 1.510096 0.7589848 3.704234 -0.9617079 1.224795 0.8745693 -1.967036 3.092197 2.667945 6.808031 4.537912 3.754721 8.480198 -2.621903 3.112239 0.5648537 -2.867979 2.705462 -0.1303673 6.075953 7.130125 3.741912 12.66185 -0.3580946 0.04503258 0.1062951 0.04979014 NA NA NA NA NA NA NA NA NA NA NA NA NA NA NA NA NA NA NA NA NA NA NA NA NA NA NA NA NA NA NA NA NA NA
29 0.2608942 1.959761 1.63037 -1.136597 1.716989 1.634555 2.814007 1.019455 0.6960983 1.730208 0.2692777 1.027374 0.9746326 -1.818254 6.364948 4.956425 10.05613 2.160163 1.350881 5.585762 -2.956174 3.155769 0.7713146 -2.782904 2.00137 -2.293181 3.972096 2.989844 3.704794 13.50966 0.04799365 -0.04674116 2.528286 -0.4263532 NA NA NA NA NA NA NA NA NA NA NA NA NA NA NA NA NA NA NA NA NA NA NA NA NA NA NA NA NA NA NA NA NA NA
30 1.788835 1.934121 3.023036 -0.9991299 0.5210574 0.3422471 0.4389815 1.21307 0.8409381 1.749327 -0.5037251 0.9910754 1.278666 -2.093179 2.924546 1.690272 4.045235 2.881635 2.243416 5.711015 -2.309021 3.105544 0.489007 -2.843552 1.077822 0.1435557 1.525175 4.538846 2.088167 4.906186 -1.155384 0.1354143 0.5613374 -0.0108362 NA NA NA NA NA NA NA NA NA NA NA NA NA NA NA NA NA NA NA NA NA NA NA NA NA NA NA NA NA NA NA NA NA NA
31 1.27167 2.183002 0.7855747 -0.8845451 0.4900863 0.05399991 0.09997765 1.064166 0.7379279 2.17139 -0.9307035 0.9508589 -0.8092679 -1.931247 1.279949 0.6766664 7.049853 2.71204 1.763512 5.298328 -2.033223 2.874857 1.298626 -3.118471 2.672048 -0.002945824 2.901188 4.740222 2.413965 8.246362 -1.489355 0.02928826 0.5406423 -0.2424664 NA NA NA NA NA NA NA NA NA NA NA NA NA NA NA NA NA NA NA NA NA NA NA NA NA NA NA NA NA NA NA NA NA NA
32 2.004491 1.980138 2.348308 -0.7692477 8.623736e-05 0.000113551 0.00037134 0.05158547 0.06852058 0.2267753 0.5187642 1.455572 -0.2392913 -1.379408 10.35295 7.478799 7.736029 3.424986 1.87223 5.267402 -3.042327 3.021404 2.195489 -3.177551 1.876016 -0.9048988 3.569308 4.938302 2.888841 9.151257 -0.5241318 -0.8280873 -0.09792517 0.007616093 NA NA NA NA NA NA NA NA NA NA NA NA NA NA NA NA NA NA NA NA NA NA NA NA NA NA NA NA NA NA NA NA NA NA
33 0.8664119 2.072754 1.979463 -0.9004992 2.360381 0.1118903 0.4578438 1.879358 1.117528 2.835104 0.7217351 0.8650452 0.1181509 -2.225505 1.44246 1.408586 1.505558 1.303959 0.7291716 4.305345 -2.383717 3.091329 2.149828 -3.130325 1.1369 1.285969 5.631144 2.169455 1.097142 3.977565 -0.5331205 0.06078484 0.2800113 -0.08497751 NA NA NA NA NA NA NA NA NA NA NA NA NA NA NA NA NA NA NA NA NA NA NA NA NA NA NA NA NA NA NA NA NA NA
34 1.205348 1.993755 3.214853 -1.038991 2.938651 0.4391409 1.191403 1.066796 1.048624 2.569863 0.6367915 1.385643 -0.6259894 -1.772686 17.25533 10.76233 10.63801 7.721797 4.291276 9.496441 -3.880266 3.17613 -0.5976672 -2.944428 3.325437 4.965777 14.75498 4.844629 3.942927 9.545837 0.7984224 -0.2496165 0.06319585 -0.01154013 NA NA NA NA NA NA NA NA NA NA NA NA NA NA NA NA NA NA NA NA NA NA NA NA NA NA NA NA NA NA NA NA NA NA
35 0.9117288 2.060613 2.301518 -0.9676803 0.9446255 -0.07251899 2.313736 1.284171 0.7879502 2.324272 -0.287779 1.081162 -0.3500345 -1.886508 10.332 -2.639471 6.781708 2.476696 2.059093 5.053691 -1.505512 2.812881 0.8325536 -3.043041 0.9467302 -1.007944 3.988004 5.279259 2.365393 6.27829 1.039838 -0.07604582 0.7351817 -0.03646836 NA NA NA NA NA NA NA NA NA NA NA NA NA NA NA NA NA NA NA NA NA NA NA NA NA NA NA NA NA NA NA NA NA NA
36 1.597202 1.969153 1.883603 -0.9324835 1.70503 -0.7567501 4.564397 2.256625 1.215479 4.042417 -1.98623 1.069146 0.08743486 -2.142812 3.08826 0.9000856 1.21016 3.593853 2.329468 6.009351 -1.952509 2.949408 0.9078024 -2.859262 1.031345 0.5869303 2.616825 3.679465 2.374993 10.12901 0.4768299 -0.02094011 1.196235 -0.1054379 NA NA NA NA NA NA NA NA NA NA NA NA NA NA NA NA NA NA NA NA NA NA NA NA NA NA NA NA NA NA NA NA NA NA
37 1.680873 1.966243 1.753327 -0.9642776 0.9235936 0.2275602 0.5219688 0.982889 0.928521 2.056276 -1.225973 1.175478 0.3397968 -1.739491 1.548663 1.347487 1.227089 4.595576 2.396531 5.852077 -2.102795 2.845789 1.72109 -3.188285 3.627562 -0.7388199 1.680919 4.429637 3.735057 10.50999 -0.09763909 0.03897847 -0.8703459 0.08329938 NA NA NA NA NA NA NA NA NA NA NA NA NA NA NA NA NA NA NA NA NA NA NA NA NA NA NA NA NA NA NA NA NA NA
38 0.4165126 2.12729 2.050087 -1.038626 0.9786432 0.3412548 1.03109 0.6031086 0.6092622 1.949567 0.337513 1.260917 0.01916359 -1.705022 12.67873 7.169514 8.467968 4.199134 2.681642 8.447113 -2.991137 2.982108 0.6866262 -2.895877 1.886071 -3.05913 5.126744 5.152092 0.6342157 4.427482 -0.6927328 0.4082622 0.1110479 0.4437457 NA NA NA NA NA NA NA NA NA NA NA NA NA NA NA NA NA NA NA NA NA NA NA NA NA NA NA NA NA NA NA NA NA NA
39 1.510994 1.92312 2.056982 -1.030186 1.206135 -1.32011 1.768994 2.208822 1.694421 3.094106 -1.210286 0.980554 0.02715424 -2.005956 0.9311636 0.5304862 2.221357 2.543865 1.475036 5.67985 -0.7156077 3.046026 0.8034042 -2.727616 9.149294 6.307942 6.956655 7.015948 3.76992 10.21236 -0.5232737 0.03435775 -0.1105166 -0.0976911 NA NA NA NA NA NA NA NA NA NA NA NA NA NA NA NA NA NA NA NA NA NA NA NA NA NA NA NA NA NA NA NA NA NA
40 0.3015096 2.069509 1.384676 -0.8523723 1.21488 -0.7736464 1.76505 1.440575 1.272564 3.944807 -2.153031 0.7653793 -0.3350727 -1.617398 0.8573006 -2.268632 6.39307 4.432011 2.922645 8.202651 -1.061141 2.935541 0.6887059 -2.97049 6.16185 2.057905 1.573687 3.08476 2.312344 6.746383 0.5934866 -0.05984002 -1.393278 0.08724599 NA NA NA NA NA NA NA NA NA NA NA NA NA NA NA NA NA NA NA NA NA NA NA NA NA NA NA NA NA NA NA NA NA NA
41 1.428997 1.986593 2.726941 -1.107255 7.078015 5.05166 6.261379 1.521859 1.451139 3.188002 -1.633869 0.9538273 -0.7899034 -1.954814 0.7330602 -1.010104 1.986725 4.422467 2.729819 6.961476 -3.061703 3.25159 -0.6260178 -2.61007 2.565399 0.102815 0.5681295 4.125623 3.428077 7.650859 -0.09663443 -0.101354 -0.4673954 0.1173351 NA NA NA NA NA NA NA NA NA NA NA NA NA NA NA NA NA NA NA NA NA NA NA NA NA NA NA NA NA NA NA NA NA NA
42 1.104464 1.851458 1.712529 -1.059119 5.908087 1.846717 1.498534 1.968357 1.902342 5.525956 -1.338204 1.409208 0.7661706 -1.898797 4.034958 -0.9751282 13.42396 3.743758 1.134698 5.396426 -0.8730173 3.005091 1.448341 -3.180822 2.307117 -0.536978 2.24415 3.085944 1.934592 9.977723 -0.5283705 0.08434411 -0.7058011 0.1444215 NA NA NA NA NA NA NA NA NA NA NA NA NA NA NA NA NA NA NA NA NA NA NA NA NA NA NA NA NA NA NA NA NA NA
43 0.7360814 1.995858 2.349846 -1.068898 2.395503 -1.518176 2.235883 0.8102028 0.4514952 1.605751 -1.539506 1.294197 0.8325934 -1.611871 13.34476 5.521856 8.195583 4.406209 4.436239 9.841284 -0.3907656 2.772596 0.1175486 -2.964333 1.277181 0.2227208 2.189851 6.03638 3.247109 6.529011 -0.68616 0.1000076 -0.1950465 0.08389987 NA NA NA NA NA NA NA NA NA NA NA NA NA NA NA NA NA NA NA NA NA NA NA NA NA NA NA NA NA NA NA NA NA NA
44 0.1760211 2.068504 0.9038873 -0.8712907 2.352754 0.4219248 0.9830371 1.122599 0.7746667 2.30811 -0.9309888 1.348957 -1.448037 -1.561938 8.220526 1.775642 6.443878 7.053815 4.803022 8.630528 -1.472823 3.053202 1.599786 -3.044056 1.785703 0.01726764 3.091672 5.66502 2.604016 5.201164 -0.2857055 0.03391561 0.5555153 -0.04485311 NA NA NA NA NA NA NA NA NA NA NA NA NA NA NA NA NA NA NA NA NA NA NA NA NA NA NA NA NA NA NA NA NA NA
45 0.9584787 2.137957 0.8511015 -0.740875 1.844677 -1.103658 1.750544 1.22827 0.7578252 3.208549 -0.6829936 1.011721 1.478327 -2.074021 8.366684 1.794326 5.500264 3.966188 1.996684 8.263286 -3.999737 3.3159 -0.2551804 -2.755057 7.369026 -3.476475 2.773309 5.623984 2.945863 15.32316 1.223577 -0.2347285 0.6253928 0.01297914 NA NA NA NA NA NA NA NA NA NA NA NA NA NA NA NA NA NA NA NA NA NA NA NA NA NA NA NA NA NA NA NA NA NA
46 -0.07693865 2.221537 3.720346 -1.089822 10.18061 -1.112545 3.618699 2.610111 0.830925 2.080487 -0.766486 1.140428 -0.7930491 -1.667832 3.030698 0.9073486 2.17271 4.328905 3.906602 10.15276 -2.803264 3.31332 0.6813267 -2.806401 3.725597 -0.3528638 2.820824 5.620532 2.788437 7.469694 -0.2970953 -0.08252999 0.5062723 -0.06002658 NA NA NA NA NA NA NA NA NA NA NA NA NA NA NA NA NA NA NA NA NA NA NA NA NA NA NA NA NA NA NA NA NA NA
47 2.316882 2.153868 1.715851 -0.6438299 9.187967 0.7905855 0.230654 1.769102 0.5468457 3.615643 0.5116277 1.096325 2.727055 -2.00164 13.12349 12.99449 26.32764 3.014749 2.297674 8.549275 -4.718236 3.108635 1.833826 -3.20734 6.257876 3.362761 3.142032 6.259012 2.98379 13.48614 -0.9550605 0.1399569 0.2413524 0.005839241 NA NA NA NA NA NA NA NA NA NA NA NA NA NA NA NA NA NA NA NA NA NA NA NA NA NA NA NA NA NA NA NA NA NA
48 0.7372642 2.082972 2.925037 -1.142105 2.997666 0.2451851 0.03803863 0.8529291 0.7953745 2.26425 -1.734359 1.279386 0.1902584 -1.774905 7.591344 3.978872 2.677236 8.104656 5.529466 9.586671 -1.788911 2.826671 -1.131763 -2.715142 19.1516 8.833957 5.902893 4.520751 5.005058 14.47379 0.3271694 -0.009840599 0.77014 0.04755905 NA NA NA NA NA NA NA NA NA NA NA NA NA NA NA NA NA NA NA NA NA NA NA NA NA NA NA NA NA NA NA NA NA NA
49 1.326087 1.881412 2.840137 -1.003356 0.8318088 1.471615 3.651107 1.102448 1.052814 3.279868 -1.923944 1.212915 -0.5490565 -1.914408 6.831543 2.309595 2.358559 5.437932 2.554476 7.694986 -2.401577 3.20087 0.7502693 -2.81017 1.030781 -0.9263918 0.9539459 5.976929 4.364309 10.6825 -0.4824924 0.02494694 0.08367849 0.03488983 NA NA NA NA NA NA NA NA NA NA NA NA NA NA NA NA NA NA NA NA NA NA NA NA NA NA NA NA NA NA NA NA NA NA
50 1.928304 1.90544 2.109416 -1.033846 7.703109 -2.51832 4.824229 0.7696224 0.7188675 2.059553 -0.4989908 1.549681 -0.224411 -1.191015 23.46507 8.284522 15.45137 6.306692 4.917772 12.75405 -2.019611 3.073621 0.9017177 -3.028129 0.2330167 1.98034 22.21591 4.852747 1.965919 8.176784 1.592852 -0.1779677 0.787949 -0.03169293 NA NA NA NA NA NA NA NA NA NA NA NA NA NA NA NA NA NA NA NA NA NA NA NA NA NA NA NA NA NA NA NA NA NA
51 0.2215394 1.957598 2.174944 -1.070166 1.734195 0.5886582 1.196155 1.023291 0.8670842 2.107601 -1.050649 1.182893 1.317929 -2.069673 6.131878 2.011373 3.392489 3.488661 2.658364 7.554654 -2.766162 3.283151 -2.034409 -2.255467 4.589836 2.939128 10.72711 9.108376 7.244322 19.76502 0.8216938 -0.2200105 0.3950476 -0.03893655 NA NA NA NA NA NA NA NA NA NA NA NA NA NA NA NA NA NA NA NA NA NA NA NA NA NA NA NA NA NA NA NA NA NA
52 0.3460991 2.867954 -1.11426 -0.4763635 0.001706435 0.00306937 0.00937447 1.022364 1.83934 5.60574 0.5846621 1.530158 1.631154 -1.391806 15.85919 8.909522 13.90694 3.413163 2.8471 6.722852 0.0450819 2.659855 2.887436 -3.322084 2.754715 -0.198089 0.188817 5.656776 4.897415 9.284225 -1.222009 -0.588676 0.4174928 0.2250351 NA NA NA NA NA NA NA NA NA NA NA NA NA NA NA NA NA NA NA NA NA NA NA NA NA NA NA NA NA NA NA NA NA NA
53 -0.3486857 2.043024 3.38579 -1.157916 0.4412197 -0.5457486 0.9502125 2.30964 2.209745 5.062761 -1.648627 1.090371 0.1040636 -1.917469 0.9117915 1.009506 4.21968 2.254161 2.029158 5.517304 -0.8431964 2.820407 1.767666 -3.108012 2.997772 0.5472549 1.688634 4.562453 4.018543 12.671 -1.063294 0.1262352 -0.4388465 -0.1509686 NA NA NA NA NA NA NA NA NA NA NA NA NA NA NA NA NA NA NA NA NA NA NA NA NA NA NA NA NA NA NA NA NA NA
54 2.684298 1.969367 9.231963 -1.164109 0.0009858545 0.0008116495 0.002378847 1.367208 1.13329 3.299386 -0.2856474 1.521025 1.562097 -1.51872 13.85062 9.129992 9.678069 2.467918 2.383521 5.700722 -1.850436 2.879534 1.332146 -3.190263 1.158243 0.804785 2.158344 5.19926 3.017041 11.8996 -0.2131745 -1.027605 -1.002322 0.2772571 NA NA NA NA NA NA NA NA NA NA NA NA NA NA NA NA NA NA NA NA NA NA NA NA NA NA NA NA NA NA NA NA NA NA
55 2.218992 1.946064 3.425503 -1.145167 0.2527346 -0.8281163 4.557621 1.322002 0.5226969 2.873796 -1.825741 1.205698 0.7085337 -2.061165 11.6574 -4.077175 1.927656 5.691402 6.666911 19.79958 -1.368951 2.871489 1.815876 -3.131999 1.251119 0.8974621 0.6765965 9.387461 6.016451 9.14521 -0.1159875 -0.0701401 -0.2240303 0.009043148 NA NA NA NA NA NA NA NA NA NA NA NA NA NA NA NA NA NA NA NA NA NA NA NA NA NA NA NA NA NA NA NA NA NA
56 1.370244 2.060178 0.5382426 -0.8738437 3.04521 2.106796 1.479963 1.510998 0.8686697 3.135449 -1.551699 1.02834 -0.6694534 -1.867759 1.573812 -0.3977782 1.054929 3.454139 1.993831 7.351314 -0.8955568 3.004584 1.302727 -3.115406 3.128752 -0.997234 5.492332 9.566084 5.527723 14.56114 0.4319846 -0.2420574 0.3164051 -0.08073295 NA NA NA NA NA NA NA NA NA NA NA NA NA NA NA NA NA NA NA NA NA NA NA NA NA NA NA NA NA NA NA NA NA NA
57 3.51623 2.120698 2.519323 -1.147117 0.0006648634 0.0002132737 0.002433365 0.3454432 0.1066127 1.24113 -0.3850772 1.539783 -0.02908655 -1.351319 11.67746 7.030017 10.47419 2.963565 1.968873 4.744658 -2.342715 3.083312 1.134466 -3.085071 2.233383 1.174979 0.6533453 5.090227 4.598001 12.59529 -2.509033 0.04237296 0.43157 0.04312779 NA NA NA NA NA NA NA NA NA NA NA NA NA NA NA NA NA NA NA NA NA NA NA NA NA NA NA NA NA NA NA NA NA NA
58 1.069973 1.980446 1.352727 -0.9741966 1.769855 0.4260447 1.083237 0.8855478 0.5962748 2.792103 -0.4793126 0.9546534 0.6058999 -2.261575 1.814556 0.4382071 1.600129 2.145527 1.443911 3.408286 -2.623222 3.139355 1.11256 -2.919348 2.008329 -0.5617005 3.203275 5.057122 3.022471 7.527847 -0.3254532 0.0137339 -1.5954 0.1677054 NA NA NA NA NA NA NA NA NA NA NA NA NA NA NA NA NA NA NA NA NA NA NA NA NA NA NA NA NA NA NA NA NA NA
59 0.5723815 2.077995 2.759844 -1.068184 1.028822 0.7683482 1.329351 0.8048591 0.5464689 1.987868 -0.7015636 1.183899 -0.9302369 -1.810638 9.2151 3.769478 4.407628 3.116008 2.830297 6.339644 -0.2075293 2.659134 3.248611 -3.337963 1.231993 -0.05016336 0.5221373 7.310115 3.446577 12.37176 1.308611 -0.1776756 1.031969 -0.09540174 NA NA NA NA NA NA NA NA NA NA NA NA NA NA NA NA NA NA NA NA NA NA NA NA NA NA NA NA NA NA NA NA NA NA
60 1.513085 2.103621 0.3589837 -0.6716553 4.207619 -0.3368 2.155623 0.6929704 0.9014962 2.268248 -0.5914621 1.118629 0.508999 -1.910794 6.013908 5.2968 7.676412 4.204999 2.873577 8.94609 -2.578248 2.877065 0.4423089 -3.162242 4.640569 1.302602 0.5279458 6.186834 5.339026 13.74568 -0.1825467 -0.06617621 0.7930861 -0.1973385 NA NA NA NA NA NA NA NA NA NA NA NA NA NA NA NA NA NA NA NA NA NA NA NA NA NA NA NA NA NA NA NA NA NA
61 1.796914 1.999247 2.001776 -0.9005286 2.138041 0.2326504 5.187866 1.255614 0.7251167 2.055167 -2.735079 1.178804 -0.05999361 -1.882718 2.781842 1.358451 5.68016 6.164516 4.095247 10.71733 -2.999939 2.978041 1.018642 -3.123694 0.182106 -0.6259113 3.186983 2.463358 1.314217 3.683424 -0.009403639 0.001675791 1.235702 -0.1388026 NA NA NA NA NA NA NA NA NA NA NA NA NA NA NA NA NA NA NA NA NA NA NA NA NA NA NA NA NA NA NA NA NA NA
62 0.8132187 2.056053 2.349542 -1.285865 0.6777795 0.7918531 0.9352714 0.6069004 0.276889 1.252044 -0.1869954 1.027391 2.176667 -2.060643 4.536757 4.258819 16.05369 4.2593 3.488729 11.00314 -2.277254 2.912598 2.396101 -3.355831 2.52689 0.5544116 1.119879 7.653726 3.538144 9.225585 -0.8339834 -0.2021676 0.3197135 -0.09657207 NA NA NA NA NA NA NA NA NA NA NA NA NA NA NA NA NA NA NA NA NA NA NA NA NA NA NA NA NA NA NA NA NA NA
63 0.9328551 1.998463 2.032959 -0.9845489 3.281513 0.5238843 0.8268397 1.034562 0.5476714 1.885043 -0.6123192 1.33876 2.267758 -1.814146 8.865925 9.593374 15.11238 5.794373 4.614864 11.84638 -2.093382 3.028686 2.205888 -2.976562 3.370835 -4.33835 5.860039 5.208739 5.956129 18.65835 0.8270153 -0.1849732 1.007003 -0.1561251 NA NA NA NA NA NA NA NA NA NA NA NA NA NA NA NA NA NA NA NA NA NA NA NA NA NA NA NA NA NA NA NA NA NA
64 0.4317439 1.987034 2.619402 -0.9546104 0.8644693 -0.07356241 0.686055 1.012932 0.7058223 1.632493 -0.3624476 0.9885452 0.6636788 -2.150738 0.4891739 0.396472 8.110022 4.683835 2.907574 7.394085 -0.9587125 2.933845 1.516065 -2.930114 0.2855318 0.9472213 4.607781 2.679595 2.151398 6.11409 -0.04432949 -0.1642638 0.4198432 0.0375323 NA NA NA NA NA NA NA NA NA NA NA NA NA NA NA NA NA NA NA NA NA NA NA NA NA NA NA NA NA NA NA NA NA NA
65 0.7876034 1.972257 3.031994 -1.01401 1.630977 -1.024536 1.764603 1.017905 0.9087856 2.825203 1.728733 1.252238 0.2358285 -1.307088 22.66743 7.052561 17.48197 4.58238 4.098537 11.53215 -3.166544 3.061842 0.4701878 -2.999818 4.721067 -0.793501 8.622287 5.591698 5.230349 11.71174 -1.736526 0.1483389 0.1137141 -0.1589432 NA NA NA NA NA NA NA NA NA NA NA NA NA NA NA NA NA NA NA NA NA NA NA NA NA NA NA NA NA NA NA NA NA NA
66 1.553317 2.109013 -0.7431327 -0.4592845 0.0007015907 0.0002842058 0.002265446 0.2842346 0.1064789 0.9488082 -0.3629399 1.630027 -0.1101483 -1.292868 9.705781 7.563805 10.65043 2.983321 2.638644 4.848341 -2.885937 3.166039 1.125392 -2.973331 1.786953 -1.686719 2.308849 8.33749 6.739829 18.20416 -1.468173 -0.4026502 0.1175429 -0.01195408 NA NA NA NA NA NA NA NA NA NA NA NA NA NA NA NA NA NA NA NA NA NA NA NA NA NA NA NA NA NA NA NA NA NA
67 1.105961 2.072936 1.058362 -1.115381 1.909493 0.7977243 0.9028914 0.6966693 1.130225 3.041206 -0.7015326 1.222962 0.1988302 -1.631854 5.385892 1.019942 2.255151 4.933084 3.892477 9.607949 -1.492532 3.040018 1.10502 -2.976957 3.244921 -0.2635695 3.360727 5.628689 2.733256 7.597465 -1.434179 -0.01801972 -0.3558367 0.05348684 NA NA NA NA NA NA NA NA NA NA NA NA NA NA NA NA NA NA NA NA NA NA NA NA NA NA NA NA NA NA NA NA NA NA
68 0.7572806 1.966667 2.070725 -0.9965412 2.814735 0.6543506 1.656498 0.7162126 0.5534047 2.167673 -1.83615 1.222556 0.3037513 -1.891126 4.613945 3.667863 7.319087 4.90352 4.167365 11.17275 -0.3158073 3.151529 0.5148456 -2.765857 0.2628989 -0.2266887 0.7579074 8.980902 5.758769 10.22432 1.098328 -0.1492363 1.912524 -0.1754035 NA NA NA NA NA NA NA NA NA NA NA NA NA NA NA NA NA NA NA NA NA NA NA NA NA NA NA NA NA NA NA NA NA NA
69 -0.3917719 2.191289 1.404495 -0.871197 3.50309 2.461618 2.235532 2.316256 1.813551 5.020992 -2.449746 1.248366 -0.1588546 -1.800706 5.425898 2.404257 11.07065 4.717449 3.66158 7.992987 -2.974366 3.223635 2.260004 -2.998409 3.131241 -0.9971517 6.590216 7.887715 1.927384 12.60011 -0.9413216 0.07670298 0.1306961 0.03706758 NA NA NA NA NA NA NA NA NA NA NA NA NA NA NA NA NA NA NA NA NA NA NA NA NA NA NA NA NA NA NA NA NA NA
70 -0.6546248 2.029832 2.136012 -1.042046 1.977744 1.216412 0.8284128 1.185741 0.6846513 2.810852 0.0836207 1.024264 2.268081 -2.035518 5.652429 6.08099 7.260931 4.900493 4.717463 11.65808 -1.823398 2.874163 2.362207 -3.187311 3.742586 1.268244 1.006146 4.402989 2.731299 7.396357 -0.3782822 -0.08547193 -1.425648 0.09563548 NA NA NA NA NA NA NA NA NA NA NA NA NA NA NA NA NA NA NA NA NA NA NA NA NA NA NA NA NA NA NA NA NA NA
71 1.85158 1.997042 2.214705 -1.016732 0.3116672 -0.1100219 0.3986392 1.122794 1.111793 2.004104 -1.478457 1.208278 0.05566653 -1.838288 8.066885 7.670853 12.90876 6.850069 5.533365 10.96724 -1.906619 2.957748 1.769714 -2.982973 1.143369 -0.9027096 0.7684802 4.968807 3.780661 9.066386 0.8736658 -0.2849068 1.255598 0.0292153 NA NA NA NA NA NA NA NA NA NA NA NA NA NA NA NA NA NA NA NA NA NA NA NA NA NA NA NA NA NA NA NA NA NA
72 2.380923 1.960663 1.243428 -0.8581353 0.9485843 0.7697048 2.165126 0.5598584 0.3844977 1.77433 -2.198083 1.498332 0.1141141 -1.606583 7.84537 8.080408 14.79508 4.694894 4.026328 8.331563 -0.4530208 2.820612 3.406874 -3.587181 5.640648 -3.537846 17.93982 6.89722 3.711617 18.32479 -0.5344127 0.02680381 1.032041 -0.1414344 NA NA NA NA NA NA NA NA NA NA NA NA NA NA NA NA NA NA NA NA NA NA NA NA NA NA NA NA NA NA NA NA NA NA
73 0.9742714 2.012608 2.179708 -0.9326905 1.618154 0.7828778 1.472261 1.321175 0.8845022 2.353368 -1.323 1.18858 0.4924277 -1.948664 0.319418 -0.1495635 0.2508503 1.616046 0.9415428 3.874497 -1.106533 2.948059 2.543042 -3.242674 1.627818 -1.050045 2.41827 3.571 2.588367 7.366842 0.01883791 -0.03557551 -0.9343498 0.02845075 NA NA NA NA NA NA NA NA NA NA NA NA NA NA NA NA NA NA NA NA NA NA NA NA NA NA NA NA NA NA NA NA NA NA
74 -0.4755811 2.855162 -4.765905 0.0317269 0.008814693 0.001278923 0.003493408 6.770479 0.9755793 2.547063 -0.08167706 1.377813 0.4666583 -1.557709 7.88926 0.5524036 9.637641 5.818638 4.273871 11.07084 -1.573813 2.973244 2.40797 -3.139615 1.054483 0.5383683 2.622629 5.061388 4.083903 7.692713 -7.813503 0.666381 0.2332642 -0.004337163 NA NA NA NA NA NA NA NA NA NA NA NA NA NA NA NA NA NA NA NA NA NA NA NA NA NA NA NA NA NA NA NA NA NA
75 0.8171219 2.02782 2.37352 -1.044174 1.844181 0.4641641 0.8843172 0.7503924 0.6573198 2.077061 -0.8676176 0.9249216 0.3280916 -1.932282 0.2038461 -0.09247499 0.7514458 4.48999 3.108557 8.750932 -3.308673 3.242849 1.363743 -2.98516 7.576855 4.897612 3.239476 5.634971 5.831581 18.53839 -1.099995 0.2376397 -0.491656 -0.104883 NA NA NA NA NA NA NA NA NA NA NA NA NA NA NA NA NA NA NA NA NA NA NA NA NA NA NA NA NA NA NA NA NA NA
76 2.137325 2.106658 2.722913 -0.8301252 2.099893 -0.5774763 1.760476 1.339681 1.459253 3.258871 -1.531123 1.235069 -0.02549483 -1.77618 7.998731 2.345654 12.8881 8.269659 6.395344 12.76864 -2.965103 3.159373 2.182075 -3.122703 0.3185109 0.5658637 1.228473 5.749831 2.719014 7.18178 -3.746106 0.4022618 0.7635977 -0.06869435 NA NA NA NA NA NA NA NA NA NA NA NA NA NA NA NA NA NA NA NA NA NA NA NA NA NA NA NA NA NA NA NA NA NA
77 1.604428 1.87477 2.859807 -1.119072 2.518778 0.1219794 1.351503 0.7589887 0.9033841 3.441651 -0.7330676 0.9314122 0.154497 -2.12986 0.4207567 0.6435111 1.025279 3.288752 2.763158 5.736721 -2.417318 2.92001 2.217378 -3.224439 1.304442 0.269384 4.90261 8.883126 5.990849 16.16834 -0.9863679 0.1039633 -0.7144187 0.00461656 NA NA NA NA NA NA NA NA NA NA NA NA NA NA NA NA NA NA NA NA NA NA NA NA NA NA NA NA NA NA NA NA NA NA
78 0.4856088 2.243026 0.8860504 -0.8512334 3.044617 -0.08542298 0.6618809 1.016781 0.3095649 0.828406 -0.347971 1.108457 1.6135 -1.905422 9.503847 6.027104 14.39607 5.821285 4.994779 10.94412 -0.3425677 2.858813 0.3768077 -2.892609 2.292076 -1.584373 1.247931 7.665448 7.616976 13.29516 0.6687461 -0.4520385 -0.3379475 0.09447 NA NA NA NA NA NA NA NA NA NA NA NA NA NA NA NA NA NA NA NA NA NA NA NA NA NA NA NA NA NA NA NA NA NA
79 1.43192 2.002973 2.786915 -1.066035 0.8023778 -0.8094217 0.8504389 0.7485794 0.4055893 1.193737 -1.231255 1.218127 -0.670155 -1.917376 2.824228 -0.7696394 2.702659 4.14463 3.433398 12.25912 -2.538853 3.237334 -0.2798357 -2.711508 0.8994004 1.119372 4.681975 3.483257 2.374453 8.910213 -0.08743701 -0.07923599 0.1259066 0.03439203 NA NA NA NA NA NA NA NA NA NA NA NA NA NA NA NA NA NA NA NA NA NA NA NA NA NA NA NA NA NA NA NA NA NA
80 -0.005703577 2.031815 1.79875 -0.9649387 1.039456 -0.2006378 1.41095 1.106993 1.060402 2.272962 -0.321389 0.938258 0.9051791 -2.006188 4.127258 4.739787 11.89043 7.306306 6.815399 14.4079 -3.103621 3.328314 1.089901 -2.887016 4.990396 2.492187 1.889823 15.413 10.38745 19.32221 -0.2308865 -0.0260738 0.7226319 -0.107544 NA NA NA NA NA NA NA NA NA NA NA NA NA NA NA NA NA NA NA NA NA NA NA NA NA NA NA NA NA NA NA NA NA NA
81 -0.6204056 2.088619 0.7195438 -1.029485 0.2147934 0.1073526 0.3145668 0.9605868 0.8133083 1.86488 -0.2885039 1.073143 1.685692 -2.013939 9.249423 6.144405 8.366757 4.466695 1.860633 7.611039 -1.704145 2.997434 1.125457 -3.090234 10.98146 -2.762243 0.825716 3.230611 0.8493907 7.373693 -0.3519637 -0.1939902 -0.4789205 0.08904289 NA NA NA NA NA NA NA NA NA NA NA NA NA NA NA NA NA NA NA NA NA NA NA NA NA NA NA NA NA NA NA NA NA NA
82 2.09094 2.079256 1.79177 -0.9669765 5.43728 -1.571964 1.809101 1.873236 1.243477 3.386908 -0.4166587 1.004838 -0.0154168 -2.131049 1.169674 -0.353603 0.1613697 1.731215 1.515694 4.455456 -2.586062 3.090641 -0.02851428 -2.760392 2.307271 0.8447648 2.094713 7.123962 3.147643 9.93277 0.3015345 -0.007915354 -0.5755269 0.04179441 NA NA NA NA NA NA NA NA NA NA NA NA NA NA NA NA NA NA NA NA NA NA NA NA NA NA NA NA NA NA NA NA NA NA
83 0.3435001 2.095738 2.619999 -1.014345 0.8537888 -0.2382795 0.5787577 0.875338 0.4817581 1.351941 -1.392485 1.394932 0.03793253 -1.58551 8.682491 8.792925 13.11753 3.0565 1.246214 8.58198 -2.153924 3.072746 1.859491 -2.941163 7.169743 0.1379767 3.379802 7.215806 6.068955 13.4247 -0.07282246 -0.1774666 -0.8120272 0.02025011 NA NA NA NA NA NA NA NA NA NA NA NA NA NA NA NA NA NA NA NA NA NA NA NA NA NA NA NA NA NA NA NA NA NA
84 -0.1997169 2.162812 1.448581 -0.9559156 2.426803 0.9061371 1.52612 1.801353 0.7578797 2.624342 -1.01364 1.090268 0.07152604 -2.025918 0.9689455 -0.51935 1.796888 3.69693 2.549763 5.49338 -4.481873 3.340564 1.028256 -2.932728 5.88138 -1.229933 3.753261 7.605838 5.713127 14.16442 -0.5421839 0.1199781 0.8336522 -0.1769593 NA NA NA NA NA NA NA NA NA NA NA NA NA NA NA NA NA NA NA NA NA NA NA NA NA NA NA NA NA NA NA NA NA NA
85 -3.227665 2.69465 1.215573 0.06040901 0.5680544 0.334434 0.2107129 5.984943 5.353244 7.678042 1.432946 1.451247 -0.2370146 -1.466923 11.75113 9.567291 9.8049 7.135016 6.486903 8.793768 -2.277629 2.943938 0.8788974 -3.026945 2.76367 0.5920482 0.6644362 7.223667 4.476628 13.08288 -3.20655 0.1988268 0.2268718 -0.0903083 NA NA NA NA NA NA NA NA NA NA NA NA NA NA NA NA NA NA NA NA NA NA NA NA NA NA NA NA NA NA NA NA NA NA
86 0.8545804 2.01571 1.907047 -0.8248943 1.227387 0.7622204 2.826905 1.886161 0.9511315 3.36068 -1.30247 1.116529 0.02560517 -1.911309 0.4261946 -1.091937 2.918126 3.360186 0.04315008 2.692125 -0.4301965 2.860571 2.694503 -3.383238 8.936625 3.057653 8.225075 5.167857 2.691309 12.9608 1.245563 -0.1125222 0.6123716 -0.1775884 NA NA NA NA NA NA NA NA NA NA NA NA NA NA NA NA NA NA NA NA NA NA NA NA NA NA NA NA NA NA NA NA NA NA
87 1.284348 2.040157 2.202616 -0.9088134 1.531741 0.288264 0.6216521 0.6804148 0.7375544 3.030818 0.160224 1.140604 1.677602 -1.867981 11.88763 8.613784 18.1597 5.609127 5.305094 11.78975 -1.434953 2.937032 0.8645598 -2.981578 1.060168 0.08204926 1.9328 6.384414 4.731039 10.47241 0.3059964 -0.09355537 1.113241 -0.1139533 NA NA NA NA NA NA NA NA NA NA NA NA NA NA NA NA NA NA NA NA NA NA NA NA NA NA NA NA NA NA NA NA NA NA
88 2.267353 1.980475 3.615716 -1.140607 2.071275 0.9223477 2.275058 1.518322 1.285119 3.211287 1.121323 0.7481129 1.098246 -2.304243 1.179462 -3.225007 14.6352 5.023551 2.930068 9.120566 -1.806416 3.040396 0.7902816 -2.99816 4.678265 -1.49846 0.5651001 4.155912 2.411065 8.081071 -0.9956364 0.07404621 -0.3017932 0.008393794 NA NA NA NA NA NA NA NA NA NA NA NA NA NA NA NA NA NA NA NA NA NA NA NA NA NA NA NA NA NA NA NA NA NA
89 1.181176 2.011882 3.114861 -1.037043 0.8805504 -0.1245305 0.5518639 0.8361613 0.6324718 1.778801 -1.735686 1.229718 1.252904 -2.050585 2.33152 2.105975 4.024247 4.300139 3.074601 6.564367 -3.412803 3.233158 0.2723883 -2.99297 0.9022848 0.007205824 2.800306 2.91533 2.034799 8.25439 0.8920688 -0.1355691 0.5367564 0.01697228 NA NA NA NA NA NA NA NA NA NA NA NA NA NA NA NA NA NA NA NA NA NA NA NA NA NA NA NA NA NA NA NA NA NA
90 1.792685 2.010618 0.4514529 -0.7170761 0.4359459 0.4373671 1.300746 0.8841659 0.4709668 1.498038 -0.0415272 1.362197 2.006077 -1.803217 16.87993 11.29588 12.61668 4.933829 4.539323 10.7546 -1.53162 2.806914 1.065388 -2.97857 5.161409 1.671295 1.430551 6.842803 3.693173 13.40562 -0.7055424 -0.02176909 0.5397327 -0.08310476 NA NA NA NA NA NA NA NA NA NA NA NA NA NA NA NA NA NA NA NA NA NA NA NA NA NA NA NA NA NA NA NA NA NA
91 0.4735686 2.119173 -0.1104098 -0.734204 4.247445 -0.2063507 2.115424 2.032028 1.77756 6.534295 -0.5869079 0.8497678 -1.725968 -1.661692 4.00798 3.994001 7.564275 4.63938 3.86623 11.52997 -1.980652 2.953776 3.156213 -3.33803 1.13754 0.0779235 1.341119 6.670729 5.541839 13.98978 -0.7005706 0.04179766 -0.7908104 -0.03228116 NA NA NA NA NA NA NA NA NA NA NA NA NA NA NA NA NA NA NA NA NA NA NA NA NA NA NA NA NA NA NA NA NA NA
92 1.030511 2.117217 1.970509 -0.9430476 5.302476 0.6359252 2.803646 0.9123355 0.5155457 1.650723 -1.197379 1.412589 1.237597 -1.854115 11.18774 1.37993 3.033267 5.06853 4.581533 10.63853 -2.068108 2.915766 -0.2865642 -3.012395 3.731864 -1.376075 0.7818459 4.693457 4.607722 10.11904 0.2342001 -0.1194339 -0.4024879 0.1686153 NA NA NA NA NA NA NA NA NA NA NA NA NA NA NA NA NA NA NA NA NA NA NA NA NA NA NA NA NA NA NA NA NA NA
93 1.390538 1.908395 2.317641 -1.097877 2.872767 -1.214283 1.418485 1.372773 1.337991 3.453554 -2.058997 1.223599 -1.679736 -1.721522 1.606783 2.679688 6.641937 4.717861 1.774599 8.279588 -2.21012 3.264646 0.9792686 -3.014983 3.060408 1.453079 2.06754 2.434164 1.6476 6.062975 -0.4663191 0.1077389 -0.1056193 0.02732824 NA NA NA NA NA NA NA NA NA NA NA NA NA NA NA NA NA NA NA NA NA NA NA NA NA NA NA NA NA NA NA NA NA NA
94 2.977358 1.827035 2.948169 -1.198842 2.45358 -0.414028 1.633076 1.91824 1.359676 3.052239 0.3580122 0.9616605 -0.2702274 -1.863741 8.128659 -4.861386 4.593897 4.150984 2.676347 11.70809 -1.432486 3.122159 -0.2061432 -2.818633 3.617881 -1.407475 0.7696627 4.392161 2.598299 17.37758 -0.6760726 0.07367714 -0.4009401 0.08159502 NA NA NA NA NA NA NA NA NA NA NA NA NA NA NA NA NA NA NA NA NA NA NA NA NA NA NA NA NA NA NA NA NA NA
95 1.045192 2.042265 1.864115 -0.9326565 0.7416199 -0.5909836 0.8345867 1.209311 0.9153738 2.178219 -1.079886 1.102363 0.696226 -1.957072 4.715194 -0.08323917 10.75163 6.259785 5.001716 15.14314 -1.77719 2.866824 0.6795265 -3.112816 3.675955 3.081713 10.41094 3.676001 0.8660468 5.754865 -0.4703474 0.1486458 0.0540562 0.08391144 NA NA NA NA NA NA NA NA NA NA NA NA NA NA NA NA NA NA NA NA NA NA NA NA NA NA NA NA NA NA NA NA NA NA
96 1.651999 2.119921 1.171391 -0.7490691 2.780976 0.2602543 0.1316882 1.677068 1.890735 4.96905 -2.297949 1.103367 -0.8161611 -1.832225 4.055088 1.454266 0.90558 3.791039 2.901728 6.060123 -1.993588 2.848986 0.2667931 -2.846867 1.309794 0.5518878 1.762461 7.253614 3.529731 12.33817 -1.176752 0.04461197 -0.7136078 0.004950674 NA NA NA NA NA NA NA NA NA NA NA NA NA NA NA NA NA NA NA NA NA NA NA NA NA NA NA NA NA NA NA NA NA NA
97 -0.5833235 2.152104 0.6403387 -0.7325445 2.562545 -0.7971739 1.99776 2.847542 1.83975 3.139369 -0.2070763 1.122204 0.9979988 -2.030714 9.100173 -1.21102 0.1776715 4.182375 2.638649 8.287289 -2.566812 3.041491 1.121101 -2.94158 3.690038 -1.636371 0.8580487 8.562707 6.329486 13.59528 -0.1787004 -0.07516558 0.3696471 -0.219413 NA NA NA NA NA NA NA NA NA NA NA NA NA NA NA NA NA NA NA NA NA NA NA NA NA NA NA NA NA NA NA NA NA NA
98 1.651668 2.086157 1.287918 -0.8215827 5.363015 -0.4782468 2.947776 1.585831 1.649597 4.023786 -1.282055 1.017342 0.5010625 -2.074527 2.020773 0.4031073 2.183325 3.780873 2.332922 5.054355 0.2555392 2.776281 2.270278 -3.510463 4.207234 1.0239 3.128828 10.61085 7.066979 8.886193 0.04704466 0.05209867 1.059571 -0.190733 NA NA NA NA NA NA NA NA NA NA NA NA NA NA NA NA NA NA NA NA NA NA NA NA NA NA NA NA NA NA NA NA NA NA
99 1.32844 2.663015 -4.466178 -0.07519236 0.01097312 0.008590437 0.0179579 2.739173 2.056575 4.067079 -0.5478953 1.378997 0.6360787 -1.591047 9.252378 6.981644 10.51606 4.357043 2.94967 6.664614 -1.957656 2.907958 -0.2290576 -2.867915 4.687865 -1.041145 2.469874 3.241647 2.381533 8.198906 -1.514274 -0.1596886 1.074839 -0.06059696 NA NA NA NA NA NA NA NA NA NA NA NA NA NA NA NA NA NA NA NA NA NA NA NA NA NA NA NA NA NA NA NA NA NA
100 1.515709 2.026632 3.046832 -0.9592394 4.852874 4.299351 9.904225 1.08953 0.9601741 2.344699 -0.2278419 0.9151199 -1.930184 -1.680172 11.27202 4.483739 3.686983 3.89674 2.995451 8.415947 -1.228334 2.918666 1.56444 -3.041237 2.276044 -3.19355 5.212493 9.401202 9.993971 19.53008 0.418606 -0.02398237 -0.03045415 0.07098971 NA NA NA NA NA NA NA NA NA NA NA NA NA NA NA NA NA NA NA NA NA NA NA NA NA NA NA NA NA NA NA NA NA NA
