1 0.6915181 2.005172 2.36641 -1.184758 2.788257 0.5116088 1.137168 1.490954 0.7607803 1.784381 6.391105 -1.720105 1.020788 -1.124194 -1.786252 0.05497927 0.04109038 1.786227 2.048277 1.390957 2.670288 200 -1.275398 2.900143 0.9043867 -2.99409 4.002581 1.015718 3.061148 2.981884 1.878847 6.579128 4.442715 -0.433411 -0.005371562 -1.113287 -0.05278024 NA NA NA NA NA NA NA NA NA NA NA NA NA NA NA NA NA NA NA NA NA NA NA NA NA NA NA NA NA NA NA NA NA NA NA NA NA
2 0.9273454 2.067655 1.507681 -0.9059286 3.63542 0.8000254 1.952669 1.153821 1.112255 3.007085 7.810105 -1.659303 0.9540871 -0.0999642 -2.007976 3.507916 2.415759 4.000474 2.758772 2.841504 6.359569 5.165038 -1.674189 2.753942 1.954271 -3.17248 2.592299 -1.839789 1.461481 3.881153 3.564106 8.918785 5.292509 0.4664728 -0.1381233 0.3534009 -0.1857014 NA NA NA NA NA NA NA NA NA NA NA NA NA NA NA NA NA NA NA NA NA NA NA NA NA NA NA NA NA NA NA NA NA NA NA NA NA
3 0.7044225 2.092884 0.7537594 -0.5933243 0.2370231 0.1264944 0.07615115 1.735394 1.561682 2.260659 162.7262 -0.06570609 1.653776 0.9589289 -1.40306 9.998621 5.90958 7.070276 3.145037 1.625111 4.627009 5.035413 -1.435664 2.934929 1.285334 -3.131197 8.390565 7.18711 9.138328 4.713488 3.066915 11.78309 3.956978 -1.954921 0.2541913 -0.4712377 0.2384389 NA NA NA NA NA NA NA NA NA NA NA NA NA NA NA NA NA NA NA NA NA NA NA NA NA NA NA NA NA NA NA NA NA NA NA NA NA
4 1.42745 1.967405 3.267651 -1.141228 4.288429 0.3164967 0.7247384 1.491856 1.118871 3.735527 3.025416 0.9280987 0.85683 0.3810669 -2.575264 2.136268 0.6050898 0.2188688 4.102774 1.941224 6.381778 2 -2.386156 3.118186 0.5625216 -2.870727 1.283089 1.339737 1.815579 5.190931 4.205703 12.87399 5.467628 1.312137 -0.1776981 0.6715765 -0.2649414 NA NA NA NA NA NA NA NA NA NA NA NA NA NA NA NA NA NA NA NA NA NA NA NA NA NA NA NA NA NA NA NA NA NA NA NA NA
5 1.694215 2.026035 2.411577 -0.969891 3.322709 -1.84879 2.863152 0.7708814 0.6329349 1.797776 6.645403 -0.7700028 1.047672 -0.3562767 -1.808815 2.412067 0.1629082 0.7365659 2.713474 2.23118 4.744834 4.510371 -2.072559 2.995383 0.9225647 -3.09755 2.55756 -0.5594807 1.166745 3.55735 3.179581 9.800163 4.921846 -1.738865 0.1869581 0.07590373 -0.1354474 NA NA NA NA NA NA NA NA NA NA NA NA NA NA NA NA NA NA NA NA NA NA NA NA NA NA NA NA NA NA NA NA NA NA NA NA NA
6 0.5313157 1.997708 1.961079 -0.9808638 3.225421 0.2672219 3.024824 1.113426 0.6656485 1.871846 4.571077 -0.07230751 0.8580009 0.6489157 -2.107928 0.8043432 0.3554338 1.08631 1.365042 1.002482 3.440315 3.219114 -2.774056 3.141238 0.4904129 -2.792656 1.647012 -0.06393006 0.8769199 4.881812 2.71237 5.20698 2.550176 1.105236 -0.1390365 -0.1394968 -0.0558587 NA NA NA NA NA NA NA NA NA NA NA NA NA NA NA NA NA NA NA NA NA NA NA NA NA NA NA NA NA NA NA NA NA NA NA NA NA
7 3.786231 2.114575 0.5741405 -0.5432044 0.0004319717 0.0002373675 0.0006192963 0.6375259 0.3479636 0.9056645 200 1.416789 1.816304 2.487404 -1.306013 5.583053 4.779955 8.869556 2.17233 1.426621 3.637645 2.631272 -2.248733 3.004837 0.426109 -2.85414 3.974293 -0.9614581 3.60989 2.179436 1.991523 6.511249 9.362734 -0.6986174 -0.9662195 0.4847112 0.06649417 NA NA NA NA NA NA NA NA NA NA NA NA NA NA NA NA NA NA NA NA NA NA NA NA NA NA NA NA NA NA NA NA NA NA NA NA NA
8 0.6056648 2.070658 2.386983 -0.9317978 1.84345 0.1234034 0.4520402 0.9487429 0.7120782 2.37813 7.028865 -1.123314 1.084317 0.3646895 -1.900301 1.614386 4.215763 13.7453 1.563851 0.7407456 3.081504 15.1799 -2.018992 2.958749 1.147221 -3.107196 1.143314 0.27577 1.829199 4.17924 3.143736 8.639585 2.632511 -0.8276537 0.2329346 -1.000274 0.2003416 NA NA NA NA NA NA NA NA NA NA NA NA NA NA NA NA NA NA NA NA NA NA NA NA NA NA NA NA NA NA NA NA NA NA NA NA NA
9 0.9376472 2.070832 2.46861 -0.900136 5.240432 0.9031774 2.244401 1.478803 0.7890214 2.413086 2.740015 -0.6713289 0.827168 0.1765613 -2.033282 2.265982 -1.20958 0.664826 1.888789 0.7279864 3.936829 11.33097 -2.531799 3.119384 -0.4963919 -2.750619 2.693446 0.3457858 3.832135 3.706675 2.974052 10.94751 38.10402 0.03629713 0.01488576 -0.945628 0.1240609 NA NA NA NA NA NA NA NA NA NA NA NA NA NA NA NA NA NA NA NA NA NA NA NA NA NA NA NA NA NA NA NA NA NA NA NA NA
10 2.281527 1.883293 3.100919 -1.252995 6.387523 0.6671089 3.539423 1.377314 1.090455 2.841571 5.085718 -1.687704 0.9811573 -0.07855112 -2.112228 1.072204 0.4199169 3.180835 2.274573 1.711212 4.960226 5.957899 -1.565326 2.953371 0.3674759 -3.010341 1.982469 1.136778 1.121234 3.488804 3.320855 9.273446 12.32371 0.5264538 -0.01941092 0.03832361 0.1106068 NA NA NA NA NA NA NA NA NA NA NA NA NA NA NA NA NA NA NA NA NA NA NA NA NA NA NA NA NA NA NA NA NA NA NA NA NA
11 1.414296 1.853013 2.675516 -1.021043 0.04126224 0.2234766 2.121229 1.044272 0.6128921 2.343559 200 -1.09487 1.055948 0.6837525 -2.198016 1.836776 -0.04627269 1.162257 1.276934 1.091216 3.932189 200 -1.394414 2.840619 0.8372076 -2.955904 0.4691119 -0.8464897 3.137364 3.349043 1.736711 5.282519 4.354427 0.0381161 -0.1875631 0.2104354 -0.07671842 NA NA NA NA NA NA NA NA NA NA NA NA NA NA NA NA NA NA NA NA NA NA NA NA NA NA NA NA NA NA NA NA NA NA NA NA NA
12 1.453089 2.057966 1.431811 -0.9214617 2.394648 1.604414 2.247818 1.228904 0.6693983 2.312314 11.38615 -1.615736 1.004552 -1.249274 -1.997306 1.913508 0.4177597 1.379185 1.762034 1.474743 3.095957 4.173487 -1.682276 3.075695 1.24938 -2.720964 1.80866 0.2355497 1.673933 3.774583 2.596665 6.548918 3.567323 -0.03334146 0.07540786 -0.6909256 0.1471625 NA NA NA NA NA NA NA NA NA NA NA NA NA NA NA NA NA NA NA NA NA NA NA NA NA NA NA NA NA NA NA NA NA NA NA NA NA
13 1.147496 1.95063 2.577738 -1.0082 1.364609 0.02806252 2.271959 1.236285 0.9205923 2.056991 8.018442 -1.033648 1.020491 0.2842593 -2.12285 3.541147 -0.7755668 1.4289 2.079222 2.14398 5.428366 10.33212 -1.044984 2.972031 -1.696676 -2.676674 4.700394 3.276749 5.341889 4.17608 3.420987 9.624691 6.586755 0.827992 0.002194281 1.594987 -0.2151653 NA NA NA NA NA NA NA NA NA NA NA NA NA NA NA NA NA NA NA NA NA NA NA NA NA NA NA NA NA NA NA NA NA NA NA NA NA
14 1.356168 1.972449 2.639621 -1.031849 0.4674396 1.173947 3.465129 0.9046727 0.2133769 1.707242 3.155505 -0.5025788 1.122099 -0.5700208 -1.801299 1.038339 2.084074 5.458278 1.707265 1.575198 4.429151 4.477454 -1.609643 2.922264 0.5484629 -2.941548 1.452707 -0.6298911 0.6889726 2.569022 2.086124 5.256484 7.966806 0.4580731 -0.2684637 0.1226304 0.04213999 NA NA NA NA NA NA NA NA NA NA NA NA NA NA NA NA NA NA NA NA NA NA NA NA NA NA NA NA NA NA NA NA NA NA NA NA NA
15 -2.492417 2.161713 0.8223375 -0.9415523 1.852268 -0.1391946 2.739396 1.023513 0.07386996 1.825381 4.787684 -0.8152956 1.012378 -0.07696735 -1.907318 1.368479 -0.2148683 1.378392 1.315264 0.9350593 3.749234 200 -1.674952 2.891353 2.133777 -3.334573 1.079569 1.311678 1.820783 4.344206 2.870191 8.180718 3.929371 -1.151644 0.01080464 0.2721521 -0.02491322 NA NA NA NA NA NA NA NA NA NA NA NA NA NA NA NA NA NA NA NA NA NA NA NA NA NA NA NA NA NA NA NA NA NA NA NA NA
16 1.143199 2.104161 2.620453 -0.9731372 4.710617 -0.1044243 3.611129 1.909761 1.13317 3.247902 5.054472 -1.325098 0.9686051 -0.7321225 -2.033818 4.515885 0.1903136 1.504804 2.397301 2.158168 4.975916 4.349338 -1.392808 3.039698 0.6346025 -3.005249 1.810218 2.120991 2.505183 3.59799 2.777198 8.457913 6.977216 0.4887718 0.05122613 0.6913799 0.001959972 NA NA NA NA NA NA NA NA NA NA NA NA NA NA NA NA NA NA NA NA NA NA NA NA NA NA NA NA NA NA NA NA NA NA NA NA NA
17 1.032685 2.007554 2.281682 -1.11735 1.548035 -0.06568132 1.169267 0.8683672 0.4255265 1.135848 200 0.03193044 1.050077 0.4151787 -2.188979 1.861461 1.580365 2.251193 3.596221 2.286916 5.063323 4.811576 -1.893055 2.966361 1.613586 -3.201306 0.8120933 -1.303932 2.310065 3.178911 2.837221 9.834246 9.90179 -0.2030277 0.01892617 0.1820114 -0.01746304 NA NA NA NA NA NA NA NA NA NA NA NA NA NA NA NA NA NA NA NA NA NA NA NA NA NA NA NA NA NA NA NA NA NA NA NA NA
18 9.837702 1.753293 -0.4334809 -1.067405 0.008152486 0.003748645 0.005398134 2.711993 1.304505 1.758724 200 -1.004568 1.429839 0.6993155 -1.566898 10.49846 6.384745 7.735058 3.650589 3.155317 5.271432 3.963025 -1.325306 2.936881 1.660707 -3.073085 1.519918 0.7730727 0.5930917 3.402409 1.653187 5.542951 9.433567 -4.242336 0.2732362 0.8216636 -0.06624089 NA NA NA NA NA NA NA NA NA NA NA NA NA NA NA NA NA NA NA NA NA NA NA NA NA NA NA NA NA NA NA NA NA NA NA NA NA
19 0.7645079 2.046353 2.020944 -1.009114 1.726468 0.07393453 1.162923 0.7867964 0.5162469 1.719143 200 -0.4300141 1.138672 -0.4416797 -1.833888 2.691233 1.51782 2.426581 4.043362 2.569029 6.504753 7.439362 -1.787108 2.807985 1.978962 -3.056415 5.080116 4.277859 4.551355 3.503682 2.882286 8.382915 9.193335 0.7334869 -0.07283915 0.6008415 -0.085046 NA NA NA NA NA NA NA NA NA NA NA NA NA NA NA NA NA NA NA NA NA NA NA NA NA NA NA NA NA NA NA NA NA NA NA NA NA
20 -3.719637 2.57077 1.875807 -0.4437253 0.0005955728 0.0003110791 0.001183069 2.016394 1.134116 4.078884 200 0.9306666 1.700114 1.757468 -1.285748 6.492533 4.950678 6.470996 2.711186 1.655619 3.313058 3.768721 -1.097151 2.860777 1.8542 -3.188292 1.928051 0.8898373 0.5463935 2.505163 1.528495 8.213144 4.443345 0.5760239 -2.410589 0.3451505 -0.02924751 NA NA NA NA NA NA NA NA NA NA NA NA NA NA NA NA NA NA NA NA NA NA NA NA NA NA NA NA NA NA NA NA NA NA NA NA NA
21 0.7898373 2.030567 2.901891 -0.9621592 0.7265449 0.1569933 1.397402 1.024179 1.052029 2.268132 200 -0.6200165 0.9309081 0.03669609 -2.034936 2.11781 1.757651 10.59778 2.379899 1.863561 4.634602 3.539467 -2.793072 3.116909 0.3615262 -2.766808 0.7486418 -0.1747606 1.96738 1.894098 1.544925 5.060213 200 0.9443763 -0.1466052 1.137747 -0.08719956 NA NA NA NA NA NA NA NA NA NA NA NA NA NA NA NA NA NA NA NA NA NA NA NA NA NA NA NA NA NA NA NA NA NA NA NA NA
22 0.4519735 1.972899 1.945762 -0.9910543 1.857681 -1.232665 1.878129 1.046747 0.6347903 2.286861 199.9931 -1.80303 1.093613 -0.1248925 -2.030754 3.549902 1.158106 2.717939 2.411494 1.845254 4.719005 3.676299 -1.481871 2.765194 2.234704 -3.079435 0.7495796 0.1662066 0.994801 4.812234 3.389373 5.883564 2.987016 1.393766 -0.2573686 1.360522 -0.1669282 NA NA NA NA NA NA NA NA NA NA NA NA NA NA NA NA NA NA NA NA NA NA NA NA NA NA NA NA NA NA NA NA NA NA NA NA NA
23 1.8901 1.861716 1.444596 -1.054011 3.76112 0.4172486 1.249565 1.005009 0.7889745 2.610626 3.254279 -1.415201 1.144315 -0.8682068 -1.963466 3.974619 0.600331 0.9680394 3.293208 1.474442 4.920211 5.800624 -1.24348 2.692993 -0.3442801 -3.036097 0.2292878 0.935147 4.683352 4.195171 3.077227 7.390401 4.460318 -0.8851172 0.3710747 -0.6451623 0.3234067 NA NA NA NA NA NA NA NA NA NA NA NA NA NA NA NA NA NA NA NA NA NA NA NA NA NA NA NA NA NA NA NA NA NA NA NA NA
24 0.6063863 1.966803 1.605379 -0.9814552 3.227298 1.053338 1.865782 1.160352 0.8473677 2.12253 3.019395 -2.234531 0.9435954 -0.6461523 -1.949357 3.193382 -0.7556997 1.730234 3.104503 1.7125 6.779601 3.582673 -2.063411 3.0011 2.497656 -3.089337 1.148297 -0.8342248 0.900511 3.433503 0.3742737 6.396095 6.860244 0.9690464 -0.2103946 0.307549 -0.03984504 NA NA NA NA NA NA NA NA NA NA NA NA NA NA NA NA NA NA NA NA NA NA NA NA NA NA NA NA NA NA NA NA NA NA NA NA NA
25 1.325943 1.978068 0.8094794 -0.9991299 2.937408 1.140606 3.301038 0.7758112 0.4130541 3.143305 199.9996 -1.574784 1.042662 -0.5892656 -1.97035 1.521372 0.01367421 1.99326 2.703793 1.941281 6.051951 4.930683 -2.36303 3.003874 1.411019 -3.177127 1.179969 -0.9024436 3.854939 4.454468 1.795399 5.363837 6.716013 -0.135693 -0.09763214 -0.2653432 0.08737442 NA NA NA NA NA NA NA NA NA NA NA NA NA NA NA NA NA NA NA NA NA NA NA NA NA NA NA NA NA NA NA NA NA NA NA NA NA
26 0.9700751 1.957993 1.843196 -1.001157 1.075363 -0.0825072 2.251354 1.203898 0.5288649 1.901354 62.83587 -1.492116 1.091311 -0.8145502 -2.065834 3.520982 -0.6689625 9.558672 4.907563 2.976239 7.26422 4.069195 -1.043086 3.073008 2.704607 -3.146849 0.5122761 0.8472697 3.368579 1.561774 0.4871223 4.517975 199.9981 1.7458 -0.1594193 1.441122 -0.2243113 NA NA NA NA NA NA NA NA NA NA NA NA NA NA NA NA NA NA NA NA NA NA NA NA NA NA NA NA NA NA NA NA NA NA NA NA NA
27 1.335915 1.963562 1.282371 -1.076594 1.6915 0.578968 4.630695 2.071625 1.70674 4.239365 2.824016 -0.2736644 0.8857111 0.06437207 -1.971012 1.428886 -0.1599187 0.3220369 1.710498 0.6251681 4.101122 200 0.2980627 2.736583 3.709427 -3.452046 2.543933 -0.4302491 0.8632735 2.21217 1.718308 4.543056 4.706931 0.2230179 0.02751537 0.8735295 -0.06158188 NA NA NA NA NA NA NA NA NA NA NA NA NA NA NA NA NA NA NA NA NA NA NA NA NA NA NA NA NA NA NA NA NA NA NA NA NA
28 -0.3383997 2.105684 1.809219 -0.9273613 3.755026 1.32375 5.178917 1.386766 0.956438 3.614741 4.477594 -1.027032 1.066453 0.374832 -2.084607 2.321922 1.603432 2.679395 2.306317 1.519055 4.31149 5.362853 -2.166833 3.062111 0.2699488 -2.992785 3.092843 1.072147 4.717674 4.387195 2.227706 8.051939 5.424992 -0.04183042 0.03306461 -0.1574143 0.06432183 NA NA NA NA NA NA NA NA NA NA NA NA NA NA NA NA NA NA NA NA NA NA NA NA NA NA NA NA NA NA NA NA NA NA NA NA NA
29 2.814404 1.554048 7.045821 -0.6755941 0.01921997 0.01091018 0.01607965 4.974126 2.853217 4.012459 200 -0.194856 1.419969 0.6296894 -1.529691 6.62811 4.886125 5.695583 2.228714 1.430966 3.533709 4.910108 -2.081115 3.011184 0.8905531 -3.001326 1.555927 -0.1868206 0.7940069 1.774338 1.732377 5.256466 200 -0.4356746 -0.3377065 1.978923 -0.186077 NA NA NA NA NA NA NA NA NA NA NA NA NA NA NA NA NA NA NA NA NA NA NA NA NA NA NA NA NA NA NA NA NA NA NA NA NA
30 1.744409 1.924984 3.123346 -1.047542 0.5793947 0.4575564 0.5190806 1.159569 0.7960164 1.663582 5.784674 -0.7284772 0.965605 0.9846053 -2.098889 2.201687 0.7544366 2.956184 2.239924 1.858502 5.017436 17.21765 -1.897144 3.040063 0.2453738 -2.852161 0.9664196 0.5228725 1.236602 3.461133 1.764593 4.57008 11.69318 -1.241319 0.172826 0.6336853 -0.0412825 NA NA NA NA NA NA NA NA NA NA NA NA NA NA NA NA NA NA NA NA NA NA NA NA NA NA NA NA NA NA NA NA NA NA NA NA NA
31 1.277439 2.182988 0.7928558 -0.8864851 0.4913678 0.04984984 0.09641514 1.064348 0.7412599 2.169885 200 -0.764806 0.9462514 -0.4710747 -1.986704 1.550942 -0.6990637 3.68941 2.25367 1.166425 4.151503 5.085429 -2.196028 2.974161 1.276833 -3.12231 2.750181 -0.04193091 2.401626 3.041961 2.363676 6.548253 14.60762 -1.471528 0.03850701 0.4951761 -0.1724595 NA NA NA NA NA NA NA NA NA NA NA NA NA NA NA NA NA NA NA NA NA NA NA NA NA NA NA NA NA NA NA NA NA NA NA NA NA
32 1.756805 2.039103 1.448693 -0.9338599 0.6374815 0.06775375 0.7957074 0.6139128 0.2473588 1.701442 8.082924 -0.8206164 0.9830445 -0.2604409 -1.854476 2.098196 0.8122325 1.69721 2.228976 1.140572 3.993705 4.685704 -2.691807 3.007971 1.68738 -3.154134 1.037602 -0.1938306 3.173322 2.646243 1.609622 5.84946 4.68036 -0.4185339 -0.08317057 -0.7503876 0.03239039 NA NA NA NA NA NA NA NA NA NA NA NA NA NA NA NA NA NA NA NA NA NA NA NA NA NA NA NA NA NA NA NA NA NA NA NA NA
33 1.164692 2.03027 2.313724 -0.9516562 1.847772 0.2978148 0.6231884 1.502663 0.9469094 2.006345 8.093201 0.723564 0.8655456 0.1309627 -2.226091 1.424376 1.38434 1.484892 1.295707 0.7277611 4.269429 200 -2.518707 3.125949 2.205294 -3.142417 1.051821 1.25501 5.542006 2.012855 1.134063 3.615214 20.82972 -0.5331197 0.06078491 0.2800113 -0.08497779 NA NA NA NA NA NA NA NA NA NA NA NA NA NA NA NA NA NA NA NA NA NA NA NA NA NA NA NA NA NA NA NA NA NA NA NA NA
34 1.106066 3.306473 -1.844644 -0.5286855 0.01262037 -0.002963118 0.004861166 2.938398 -0.6843534 1.1054 200 0.6849725 1.762497 1.806503 -1.294257 9.177432 8.434875 13.37034 2.27057 1.869624 4.203649 4.107047 -3.553841 3.121244 0.2049508 -2.988398 2.413861 2.368025 7.502272 3.750007 2.663789 7.641627 11.46913 -2.604505 0.03490484 1.072585 -0.1075036 NA NA NA NA NA NA NA NA NA NA NA NA NA NA NA NA NA NA NA NA NA NA NA NA NA NA NA NA NA NA NA NA NA NA NA NA NA
35 0.9151326 2.05895 2.274363 -0.9644058 0.9567079 -0.0846565 2.304112 1.268176 0.788312 2.293476 199.9912 -0.3227131 1.063897 -0.481377 -1.924232 7.982791 -1.751779 5.60347 2.142563 1.645868 4.322359 15.4754 -1.497783 2.79412 1.268132 -3.073977 1.052654 -0.5548832 2.419018 4.157896 2.204209 5.947963 12.93924 1.047056 -0.07712758 0.7416963 -0.03747793 NA NA NA NA NA NA NA NA NA NA NA NA NA NA NA NA NA NA NA NA NA NA NA NA NA NA NA NA NA NA NA NA NA NA NA NA NA
36 1.895214 1.871677 2.3109 -1.037535 2.346675 0.7699573 3.073044 1.505872 0.8512254 2.989332 3.038258 -1.455056 1.049129 0.06835055 -2.085554 0.7488121 -0.1981572 1.002802 2.390432 1.796907 4.477404 200 -1.720727 2.879069 1.95841 -3.077513 1.298399 0.9754135 2.44186 2.7457 2.52901 8.214544 7.749406 0.5009685 -0.006881018 1.256824 -0.1334122 NA NA NA NA NA NA NA NA NA NA NA NA NA NA NA NA NA NA NA NA NA NA NA NA NA NA NA NA NA NA NA NA NA NA NA NA NA
37 1.675933 1.967058 1.746168 -0.9632749 0.9226795 0.2345961 0.5242049 0.9811586 0.9253484 2.041504 200 -1.499314 1.14031 0.1595593 -1.772808 1.051717 0.7790679 0.6951522 2.780759 1.419718 3.786432 5.112726 -1.845793 2.912682 1.407814 -3.105388 1.665802 -0.6028025 1.31914 3.764569 2.792374 7.976446 9.398994 -0.09756444 0.03897587 -0.8701662 0.0832659 NA NA NA NA NA NA NA NA NA NA NA NA NA NA NA NA NA NA NA NA NA NA NA NA NA NA NA NA NA NA NA NA NA NA NA NA NA
38 0.567427 2.099147 1.9877 -1.073436 1.012652 0.2014942 2.604713 1.307565 0.9181079 2.827942 2 -1.330759 1.03045 -0.5715662 -1.897957 0.4983896 0.121262 2.456106 2.100711 1.934287 4.507777 200 -2.785306 3.111683 0.2960441 -3.036836 0.1365792 -0.4871477 2.205594 2.802724 0.8312828 3.614268 200 0.4963776 0.3035224 0.04061113 0.3380228 NA NA NA NA NA NA NA NA NA NA NA NA NA NA NA NA NA NA NA NA NA NA NA NA NA NA NA NA NA NA NA NA NA NA NA NA NA
39 1.285216 1.915668 2.40462 -1.044466 0.9772318 -1.129359 1.663141 1.592844 1.178522 2.409737 9.047363 -1.304056 1.023036 0.3299762 -2.009751 0.9845348 0.3625086 1.210618 2.058967 1.24384 5.068646 13.69614 -0.7577281 2.92899 1.108289 -2.863375 7.263497 5.124405 5.089501 3.965064 2.544569 7.511419 5.162573 -0.5232639 0.03435564 -0.110504 -0.09769521 NA NA NA NA NA NA NA NA NA NA NA NA NA NA NA NA NA NA NA NA NA NA NA NA NA NA NA NA NA NA NA NA NA NA NA NA NA
40 0.3415312 2.042441 1.632859 -0.9308435 1.149005 -0.5830992 1.299723 1.095671 0.8999479 2.710727 7.187351 -1.389268 0.6871992 -0.2074131 -1.757523 0.2760352 -0.922266 3.584991 2.979657 1.797252 5.450867 5.42223 -0.7490339 2.948206 1.038109 -2.983453 3.898122 0.7197631 0.8111524 2.284195 1.588709 4.772869 7.791508 0.594993 -0.06001876 -1.401701 0.08817907 NA NA NA NA NA NA NA NA NA NA NA NA NA NA NA NA NA NA NA NA NA NA NA NA NA NA NA NA NA NA NA NA NA NA NA NA NA
41 0.3056736 2.048903 1.686055 -1.022795 3.311353 1.453335 3.591057 1.034834 1.010233 2.263789 6.109263 -1.366039 0.9048309 -0.2166418 -2.0818 1.014234 -0.8243059 1.562313 2.859135 1.639014 4.558417 6.296742 -2.968134 3.268212 -0.559437 -2.620399 2.644474 0.2903313 0.9931797 3.487004 2.328277 5.6594 16.08835 -0.09470495 -0.1012271 -0.469809 0.1175427 NA NA NA NA NA NA NA NA NA NA NA NA NA NA NA NA NA NA NA NA NA NA NA NA NA NA NA NA NA NA NA NA NA NA NA NA NA
42 1.003088 1.869962 1.544541 -1.061273 5.814642 1.694528 1.075606 1.708673 1.567389 4.673071 13.53948 -1.350695 1.338868 -0.3396009 -1.849786 2.268544 -0.4014921 5.861891 2.942988 1.047236 3.834916 6.128929 -0.9169499 3.002174 1.513952 -3.197895 1.505618 -0.3629422 2.615942 2.854205 1.836863 8.183056 13.95033 -0.5202637 0.08280167 -0.7180981 0.1470427 NA NA NA NA NA NA NA NA NA NA NA NA NA NA NA NA NA NA NA NA NA NA NA NA NA NA NA NA NA NA NA NA NA NA NA NA NA
43 0.651933 1.978914 2.130984 -1.046728 3.117672 -1.556473 2.323463 1.178494 0.6970151 2.278994 2.980604 -1.700456 0.9925 0.7159653 -2.074818 3.21444 -0.7605488 2.770352 2.178276 2.003261 4.680197 6.109753 -1.088679 2.939483 0.6347495 -3.000275 1.798024 0.3663598 1.290199 3.557078 2.663394 5.680212 200 0.00815258 0.06034897 -0.09706474 0.02016945 NA NA NA NA NA NA NA NA NA NA NA NA NA NA NA NA NA NA NA NA NA NA NA NA NA NA NA NA NA NA NA NA NA NA NA NA NA
44 -0.5905542 2.132967 0.2675497 -0.8319893 5.280073 0.5757875 1.342175 1.606736 1.113428 2.488606 7.485105 -1.031456 1.082936 -0.5762859 -1.899517 0.8987619 0.4591281 1.972864 2.085187 1.503536 4.22095 2.94406 -1.334478 3.051476 1.460764 -3.090713 1.540709 -0.02595486 2.638966 4.444398 2.209651 4.313469 9.275826 0.05115526 0.0314118 0.384282 -0.06593575 NA NA NA NA NA NA NA NA NA NA NA NA NA NA NA NA NA NA NA NA NA NA NA NA NA NA NA NA NA NA NA NA NA NA NA NA NA
45 1.566692 2.080422 1.132504 -0.8702825 1.164912 -0.361348 1.058338 0.8653422 0.3925794 1.780161 5.2379 -1.283857 1.070894 0.6104844 -2.069085 4.713732 -0.4794297 4.628442 2.284282 1.621094 5.553334 4.260216 -3.340834 3.318962 0.6091598 -2.910551 3.386633 -0.1908594 1.000943 2.63283 1.575216 7.709442 3.471906 1.236709 -0.235745 0.6351572 0.01166564 NA NA NA NA NA NA NA NA NA NA NA NA NA NA NA NA NA NA NA NA NA NA NA NA NA NA NA NA NA NA NA NA NA NA NA NA NA
46 -0.5152015 2.212587 2.860426 -1.01464 6.050517 0.8284766 2.779084 1.593735 0.6764082 1.794979 5.288515 -0.7988449 1.116891 -1.223156 -1.663994 1.372326 0.6712997 1.442251 2.286327 1.757406 5.833518 4.397427 -2.469435 3.216967 0.5173632 -2.849148 1.729515 -0.2036901 1.823846 3.725719 2.308004 6.367889 6.605949 -0.2558216 -0.08820416 0.4892983 -0.05866351 NA NA NA NA NA NA NA NA NA NA NA NA NA NA NA NA NA NA NA NA NA NA NA NA NA NA NA NA NA NA NA NA NA NA NA NA NA
47 1.984529 1.942287 2.506151 -0.8251008 3.837141 0.7603412 5.217284 1.736995 0.9504906 3.873992 2.944108 -1.215693 0.9776611 0.9768228 -2.202023 2.03509 0.03572198 1.022432 1.517652 1.035929 5.623969 24.52171 -3.644171 3.095633 1.52861 -3.046667 1.638913 1.126102 1.616565 3.04703 2.138485 6.667678 3.234337 -0.1133925 0.05408499 -0.3085286 0.05290064 NA NA NA NA NA NA NA NA NA NA NA NA NA NA NA NA NA NA NA NA NA NA NA NA NA NA NA NA NA NA NA NA NA NA NA NA NA
48 2.523117 2.260102 2.249422 -0.9164605 0.74885 0.6135142 0.5051288 0.6689608 0.7638494 1.361945 200 -0.6425752 1.560803 1.633214 -1.599157 9.220618 7.360057 7.461195 3.769232 2.850743 5.157137 5.043562 -2.723214 2.870779 -0.4813607 -2.900545 8.440441 5.124093 4.841289 2.41321 2.50867 8.805254 4.838769 -0.9498022 -0.03850372 1.148335 0.0348326 NA NA NA NA NA NA NA NA NA NA NA NA NA NA NA NA NA NA NA NA NA NA NA NA NA NA NA NA NA NA NA NA NA NA NA NA NA
49 0.847342 1.911847 2.181016 -1.012292 1.02256 1.274944 2.399533 1.082601 0.9120306 2.308507 3.024244 -1.473066 1.061151 -0.666743 -1.854207 2.988453 0.8031016 0.8661084 2.223724 0.7767593 2.832121 3.164332 -1.684823 3.064155 0.4462534 -2.836921 1.410595 -1.037277 0.8289523 3.852591 2.567425 6.764204 6.28733 -0.2676409 0.0174409 -0.09621233 0.04515652 NA NA NA NA NA NA NA NA NA NA NA NA NA NA NA NA NA NA NA NA NA NA NA NA NA NA NA NA NA NA NA NA NA NA NA NA NA
50 1.359719 1.898455 2.820833 -1.074076 6.270069 0.629835 1.750012 0.9202058 0.8014722 2.49227 2.517351 0.4378621 0.9182369 -0.3762613 -1.812349 0.9139508 -0.8251997 3.228988 1.770151 0.8473611 3.493877 5.314558 -1.992906 3.111949 0.3403822 -2.961769 0.2527987 1.860937 15.90401 4.389558 1.980522 5.64013 8.048482 1.524723 -0.08237668 0.8084983 -0.178064 NA NA NA NA NA NA NA NA NA NA NA NA NA NA NA NA NA NA NA NA NA NA NA NA NA NA NA NA NA NA NA NA NA NA NA NA NA
51 0.2073361 1.954857 2.168123 -1.073674 1.73365 0.5904862 1.217392 1.002008 0.8491799 2.067466 199.9876 -1.514001 1.084132 1.193125 -2.138738 3.135671 1.103571 1.409398 2.28734 1.711763 4.624927 4.179124 -2.274483 3.153665 0.1076086 -2.873918 3.809438 2.589226 4.989937 5.556739 4.279004 11.1857 3.585278 0.8395852 -0.2208568 0.4120237 -0.04028694 NA NA NA NA NA NA NA NA NA NA NA NA NA NA NA NA NA NA NA NA NA NA NA NA NA NA NA NA NA NA NA NA NA NA NA NA NA
52 1.041179 2.065777 1.663341 -0.943061 3.109215 -0.7824001 0.2991703 1.326915 0.9365407 2.955057 199.9703 0.01976158 1.103203 0.4763832 -1.782527 15.27514 9.677105 17.37469 2.967449 2.748413 7.388137 9.042692 -0.03986149 2.760393 2.318078 -3.223496 0.9997194 -0.2260272 0.3159649 3.612094 3.339744 6.896145 5.910095 0.5378618 -0.1246849 -0.880895 0.4079233 NA NA NA NA NA NA NA NA NA NA NA NA NA NA NA NA NA NA NA NA NA NA NA NA NA NA NA NA NA NA NA NA NA NA NA NA NA
53 -0.2564141 2.041661 3.006869 -1.186642 0.3980201 -0.6267731 1.347944 1.457854 1.441127 3.30274 4.837072 -1.62926 1.091499 0.1179675 -1.912288 0.8958923 1.000617 4.206686 2.234237 2.020118 5.473094 199.9985 -1.26445 2.841596 0.8940699 -3.015631 2.374889 0.5562802 1.622688 2.859141 2.564362 7.515039 4.856983 -1.063062 0.1263014 -0.4389229 -0.1508606 NA NA NA NA NA NA NA NA NA NA NA NA NA NA NA NA NA NA NA NA NA NA NA NA NA NA NA NA NA NA NA NA NA NA NA NA NA
54 0.7627514 1.940552 2.810622 -1.040387 3.282538 0.5555821 2.654491 1.049304 0.6433457 2.38083 5.719657 -1.975146 1.013862 0.6832892 -2.093003 0.8779578 -0.2355505 3.84998 1.576327 1.586403 4.708439 24.81844 -1.955569 2.982931 0.8736273 -3.057733 0.8263785 0.6962718 2.798454 3.542069 1.782313 6.918384 5.842498 -0.7522186 0.1516091 -2.177459 0.3245769 NA NA NA NA NA NA NA NA NA NA NA NA NA NA NA NA NA NA NA NA NA NA NA NA NA NA NA NA NA NA NA NA NA NA NA NA NA
55 2.499014 1.913219 3.084573 -1.158827 0.1806127 -0.3285676 1.967897 0.8418018 0.4289356 2.154659 6.508595 -1.594444 1.16031 0.11975 -1.97319 7.307113 -2.710956 3.306864 3.829223 4.040723 12.71107 5.535367 -1.737039 2.968552 1.77432 -3.093228 1.416067 1.07344 0.8603407 6.571963 4.226571 6.846397 7.70094 -0.117735 -0.06990018 -0.2298833 0.009831917 NA NA NA NA NA NA NA NA NA NA NA NA NA NA NA NA NA NA NA NA NA NA NA NA NA NA NA NA NA NA NA NA NA NA NA NA NA
56 1.366188 2.059616 0.5437436 -0.8746981 3.061745 2.112154 1.479598 1.509341 0.8719905 3.113923 200 -0.9971755 1.003243 -0.2028575 -2.003906 0.4289242 -0.1089854 0.9974962 1.875472 1.078587 4.258185 4.293364 -1.222243 2.979724 2.171061 -3.174633 2.351572 1.080785 2.638122 4.091303 2.499808 8.230835 3.348017 0.4320581 -0.2420654 0.3165369 -0.08074617 NA NA NA NA NA NA NA NA NA NA NA NA NA NA NA NA NA NA NA NA NA NA NA NA NA NA NA NA NA NA NA NA NA NA NA NA NA
57 3.516183 2.120712 2.519258 -1.147107 0.0007390259 0.0002358672 0.002685975 0.34554 0.1066385 1.241541 200 0.04318168 1.593748 0.6887727 -1.349858 11.48537 8.212974 9.895346 2.535161 1.710933 3.651188 8.215186 -2.1514 3.096783 1.516473 -3.141504 2.038149 0.988867 0.5290226 3.497543 2.768225 7.849366 6.620589 -2.509051 0.04236045 0.4315836 0.04312992 NA NA NA NA NA NA NA NA NA NA NA NA NA NA NA NA NA NA NA NA NA NA NA NA NA NA NA NA NA NA NA NA NA NA NA NA NA
58 0.8915582 1.977006 1.27501 -1.024688 1.765799 0.144273 0.6565081 0.7028952 0.4579756 1.939024 7.705726 -0.4672549 0.9573174 0.6075328 -2.258502 1.802243 0.4477114 1.597843 2.132419 1.44278 3.40439 200 -2.695813 3.153187 0.9966053 -2.913557 1.333528 -0.2117455 2.799586 3.553811 1.994428 5.806399 7.864764 -0.3296877 0.01417699 -1.60646 0.1688695 NA NA NA NA NA NA NA NA NA NA NA NA NA NA NA NA NA NA NA NA NA NA NA NA NA NA NA NA NA NA NA NA NA NA NA NA NA
59 0.5948196 2.082474 2.561702 -1.041947 1.088063 0.6542789 1.168011 0.8169551 0.6554161 2.360936 9.967801 -1.042263 1.053781 -0.8180382 -1.955889 3.834895 0.04657462 1.45568 2.187372 1.634853 3.908303 24.43595 -1.265941 2.804739 3.209375 -3.283037 2.091305 -0.1771883 0.3450475 4.34108 2.318813 8.525421 4.772539 1.349683 -0.1666055 0.9604049 -0.09876533 NA NA NA NA NA NA NA NA NA NA NA NA NA NA NA NA NA NA NA NA NA NA NA NA NA NA NA NA NA NA NA NA NA NA NA NA NA
60 1.430028 2.061151 1.117446 -0.7490035 3.419259 0.5028864 1.528704 0.5002754 0.5361183 1.609256 4.341366 -0.2756258 0.949107 0.4520322 -2.014348 3.535624 2.141939 4.229546 2.571703 1.717956 5.137599 4.817495 -2.19923 2.892755 0.478463 -3.124598 1.376991 0.0399754 0.2229614 3.817138 2.567979 6.832304 4.007997 -0.1460213 -0.04737297 0.8098156 -0.2278202 NA NA NA NA NA NA NA NA NA NA NA NA NA NA NA NA NA NA NA NA NA NA NA NA NA NA NA NA NA NA NA NA NA NA NA NA NA
61 1.521675 2.015391 1.295046 -0.9126506 2.404573 -0.4726056 3.374562 1.257276 0.7048221 1.935808 5.244072 -2.2355 1.084823 -1.031847 -1.839652 0.6924899 -0.05511695 1.498091 2.736468 1.737142 5.25173 3.233087 -3.040645 2.987145 0.9489374 -3.113701 0.1842723 -0.6143906 3.150667 2.381238 1.227924 3.571032 95.03656 0.1897941 -0.01082364 1.165666 -0.1418434 NA NA NA NA NA NA NA NA NA NA NA NA NA NA NA NA NA NA NA NA NA NA NA NA NA NA NA NA NA NA NA NA NA NA NA NA NA
62 0.6595647 2.0536 2.307335 -1.30371 1.066362 1.159383 1.268945 0.8270505 0.4442372 1.599457 5.335282 -0.3323664 1.004186 1.099886 -2.007901 2.366371 1.540072 7.763754 2.787605 1.836066 6.225261 4.984138 -2.070269 2.957679 1.5877 -3.171954 1.129117 0.4643177 0.6808238 4.200034 2.376539 5.864802 4.267075 -0.399057 -0.2712714 0.177951 -0.07815839 NA NA NA NA NA NA NA NA NA NA NA NA NA NA NA NA NA NA NA NA NA NA NA NA NA NA NA NA NA NA NA NA NA NA NA NA NA
63 2.602239 2.196229 2.94996 -0.9839774 0.0008886295 0.001085942 0.002057579 0.2519426 0.3349079 0.7474928 2.782737 -0.190523 1.636821 1.686932 -1.378549 7.854537 6.981091 10.13359 2.728793 1.986241 4.548694 4.486098 -2.025167 2.975592 2.486536 -3.188629 1.03295 -1.565793 2.502785 3.430994 3.81606 11.87183 4.729666 -1.29195 -0.03204432 1.576855 -0.1859833 NA NA NA NA NA NA NA NA NA NA NA NA NA NA NA NA NA NA NA NA NA NA NA NA NA NA NA NA NA NA NA NA NA NA NA NA NA
64 0.4159576 1.986828 2.603162 -0.9547282 0.8484678 -0.08446784 0.6965838 1.005116 0.6978208 1.610004 200 -0.5800452 1.062067 0.9146588 -2.082503 0.7206382 -0.05583477 1.872092 2.758977 1.839127 5.285095 5.456778 -0.9559377 2.933723 1.508273 -2.928833 0.2810803 0.9436272 4.618971 2.668872 2.135194 6.074766 200 -0.04430617 -0.164275 0.4198489 0.03752968 NA NA NA NA NA NA NA NA NA NA NA NA NA NA NA NA NA NA NA NA NA NA NA NA NA NA NA NA NA NA NA NA NA NA NA NA NA
65 0.9474457 1.95052 2.803186 -1.015875 3.724044 -0.1968771 1.180383 1.094968 0.812776 2.82413 3.232873 -0.9195898 1.0148 -0.6794332 -1.976307 2.901014 2.422233 8.415699 1.133665 1.11573 4.133207 2.35162 -2.52372 3.039065 1.651608 -3.111261 2.089062 -0.1006935 4.981326 3.56264 3.161273 7.98604 5.279023 -0.9338869 0.08999066 0.01718544 -0.2882887 NA NA NA NA NA NA NA NA NA NA NA NA NA NA NA NA NA NA NA NA NA NA NA NA NA NA NA NA NA NA NA NA NA NA NA NA NA
66 0.7674348 2.137921 -3.087819 -0.328999 0.817932 2.181557 5.859692 1.504887 0.1512835 1.150555 12.04895 -0.1270658 1.653419 0.5812633 -1.303834 8.977728 7.689819 10.48699 2.363148 2.211595 4.108163 16.29643 -2.852455 3.124088 1.371004 -3.081023 1.197011 -1.29129 3.086158 5.892272 4.638044 12.19916 5.979911 -1.638571 -0.08534068 0.08417066 -0.02154856 NA NA NA NA NA NA NA NA NA NA NA NA NA NA NA NA NA NA NA NA NA NA NA NA NA NA NA NA NA NA NA NA NA NA NA NA NA
67 1.081275 2.072827 1.067164 -1.118057 1.895396 0.8054999 0.9112176 0.6932319 1.122153 3.013283 200 -0.7804532 1.096974 0.3212559 -1.68891 3.529932 0.730862 1.120517 3.03449 2.329066 5.967015 4.027004 -1.19569 2.998421 0.5899691 -3.009876 1.902565 0.355649 1.464504 3.660348 1.603588 5.308676 6.070453 -1.439231 -0.02027686 -0.3536203 0.05268642 NA NA NA NA NA NA NA NA NA NA NA NA NA NA NA NA NA NA NA NA NA NA NA NA NA NA NA NA NA NA NA NA NA NA NA NA NA
68 1.095325 1.944724 2.28988 -1.06206 2.015435 0.7546021 1.538246 0.8267462 0.3941204 1.732147 7.91093 -1.903213 1.148669 -0.1403345 -1.889348 2.422078 0.9540081 2.946161 2.965062 2.620913 7.815055 5.346106 -0.9071643 3.307552 -0.1649745 -2.617715 0.5167185 -0.4538355 0.7466816 4.717835 3.002323 7.086977 5.157444 1.354046 -0.1800063 1.773435 -0.1586397 NA NA NA NA NA NA NA NA NA NA NA NA NA NA NA NA NA NA NA NA NA NA NA NA NA NA NA NA NA NA NA NA NA NA NA NA NA
69 -0.983399 2.137699 1.690176 -0.9124673 2.074425 0.6781557 2.832748 1.721562 1.26023 4.750004 5.946291 -2.454055 1.106361 -0.50699 -2.003772 3.874982 -1.304147 1.10323 3.406786 2.393674 5.217944 7.435402 -1.65057 3.060823 1.475348 -2.963988 0.869471 -0.522921 3.037294 3.392145 1.586677 6.019608 2.684591 -0.569847 0.06934374 0.07092207 0.03109585 NA NA NA NA NA NA NA NA NA NA NA NA NA NA NA NA NA NA NA NA NA NA NA NA NA NA NA NA NA NA NA NA NA NA NA NA NA
70 -0.5567541 2.093887 2.212754 -0.9890546 1.446006 0.7050624 0.4132177 0.9974111 0.5877832 2.968422 199.9935 -0.5783028 1.126629 1.469898 -1.932773 3.790358 4.029589 5.305441 3.181092 2.748119 6.423589 5.9794 -1.790859 2.883076 2.262707 -3.162831 2.692596 0.9057372 1.042416 3.645112 2.350033 6.267515 12.0997 -0.2662947 -0.1401636 -1.470074 0.1194365 NA NA NA NA NA NA NA NA NA NA NA NA NA NA NA NA NA NA NA NA NA NA NA NA NA NA NA NA NA NA NA NA NA NA NA NA NA
71 1.369577 2.026731 2.034595 -0.9688933 0.9247526 0.3074542 1.246359 1.63038 1.613392 3.225229 2.249876 -2.004206 1.061989 -0.7027687 -2.005252 1.970506 0.4620806 3.870957 2.87687 1.619409 3.417645 3.821218 -1.258865 2.788113 1.612135 -2.959011 0.5634057 -0.4423165 0.3712161 2.569408 1.107797 3.942404 3.402324 1.519859 -0.3049159 0.7591984 0.08414366 NA NA NA NA NA NA NA NA NA NA NA NA NA NA NA NA NA NA NA NA NA NA NA NA NA NA NA NA NA NA NA NA NA NA NA NA NA
72 1.494878 1.965864 1.264824 -0.914108 4.400876 1.485503 3.709735 0.9967157 0.8432623 2.598693 2.719641 -0.8097374 1.012571 0.7636494 -2.05456 3.328027 0.7164548 0.4655222 1.231133 1.045896 3.294773 199.998 -1.243585 2.921342 2.80133 -3.314454 5.814064 0.2988424 8.746705 4.685048 2.646363 12.7707 5.25517 0.4399764 -0.03094864 0.6247619 -0.1929156 NA NA NA NA NA NA NA NA NA NA NA NA NA NA NA NA NA NA NA NA NA NA NA NA NA NA NA NA NA NA NA NA NA NA NA NA NA
73 1.038691 2.006292 2.3645 -0.9482858 1.756992 1.014115 1.428336 0.9242508 0.3728448 1.23412 6.25353 -1.312015 1.188204 0.5101744 -1.95203 0.3168006 -0.1528296 0.2461834 1.602261 0.9294759 3.860109 200 -0.9140089 2.924322 2.672004 -3.202441 1.76086 -0.6304007 1.540237 2.836631 2.190561 5.823288 8.411698 0.0190028 -0.03558959 -0.9347368 0.02848664 NA NA NA NA NA NA NA NA NA NA NA NA NA NA NA NA NA NA NA NA NA NA NA NA NA NA NA NA NA NA NA NA NA NA NA NA NA
74 -0.4780628 2.856173 -4.772649 0.03312071 0.008467199 0.001276077 0.003442885 6.771408 0.973014 2.540537 200 0.05829664 1.390784 0.1179981 -1.509151 7.737635 3.874434 8.633345 3.115439 2.64115 5.762133 3.947112 -1.842358 3.023528 1.990683 -3.085517 0.9709527 0.513826 2.487223 3.985291 2.931957 6.082373 14.09203 -7.811698 0.6661007 0.2329445 -0.004238033 NA NA NA NA NA NA NA NA NA NA NA NA NA NA NA NA NA NA NA NA NA NA NA NA NA NA NA NA NA NA NA NA NA NA NA NA NA
75 0.8299116 2.027525 2.379006 -1.044208 1.836392 0.4450316 0.8743568 0.7465507 0.6584695 2.073693 200 -0.6140287 0.9145556 0.6747227 -2.094786 0.2356556 0.3824745 1.133585 3.228577 1.733975 5.368978 6.164102 -2.72988 3.137083 1.893483 -3.087952 3.924642 1.967672 1.183912 4.431456 4.069787 12.66184 7.127228 -1.100005 0.2376416 -0.4916441 -0.1048836 NA NA NA NA NA NA NA NA NA NA NA NA NA NA NA NA NA NA NA NA NA NA NA NA NA NA NA NA NA NA NA NA NA NA NA NA NA
76 1.57411 2.092288 2.285814 -0.8402989 7.441735 0.7736725 2.719482 2.024762 1.22927 3.135905 2.544558 -1.531046 1.013281 -1.407261 -1.860015 2.811669 -0.4209888 0.7031055 2.883616 2.067738 5.271177 2.191984 -2.940895 3.175916 1.559721 -3.01433 0.6876731 0.9357578 1.423225 2.211286 1.958637 5.271157 200 -0.6201585 0.1065612 0.1647418 0.04283542 NA NA NA NA NA NA NA NA NA NA NA NA NA NA NA NA NA NA NA NA NA NA NA NA NA NA NA NA NA NA NA NA NA NA NA NA NA
77 1.613384 1.874808 2.858113 -1.116946 2.526049 0.1159056 1.354045 0.7566907 0.895696 3.401224 200 -0.6251357 0.8987725 0.6183193 -2.223634 0.6252614 0.8932408 1.31335 2.159483 1.832194 4.433703 8.58256 -2.177431 2.924208 2.171733 -3.089457 1.448857 0.7717267 3.735263 4.564495 2.834424 7.933955 3.746439 -0.9864087 0.1039667 -0.7143802 0.004609296 NA NA NA NA NA NA NA NA NA NA NA NA NA NA NA NA NA NA NA NA NA NA NA NA NA NA NA NA NA NA NA NA NA NA NA NA NA
78 0.5058552 2.213066 1.142005 -0.886995 4.224936 -0.6297415 1.071473 1.731455 0.8678442 1.457562 2.841909 -0.9250775 0.936465 0.7293868 -2.155788 1.163473 -0.7826522 2.623009 2.07461 2.041893 5.389426 4.44641 -0.2279865 2.764296 1.097307 -2.999063 0.9114749 -0.7247284 0.9761238 4.022215 3.915148 7.537229 3.949728 0.5457743 -0.2106187 -0.7910732 0.1253867 NA NA NA NA NA NA NA NA NA NA NA NA NA NA NA NA NA NA NA NA NA NA NA NA NA NA NA NA NA NA NA NA NA NA NA NA NA
79 1.434494 2.001749 2.786983 -1.066448 0.8086504 -0.8196098 0.8649841 0.7465437 0.4031619 1.184475 200 -1.215757 1.138368 -0.6429466 -1.878093 2.96551 0.2425422 2.329185 2.625237 1.528138 5.671195 3.971111 -2.470192 3.166439 -0.9119055 -2.660089 0.7920474 0.2095111 3.127434 2.511002 1.185137 5.740819 8.038134 -0.08737575 -0.07928542 0.1260056 0.0343102 NA NA NA NA NA NA NA NA NA NA NA NA NA NA NA NA NA NA NA NA NA NA NA NA NA NA NA NA NA NA NA NA NA NA NA NA NA
80 -0.0001692099 2.030111 1.808108 -0.9667593 1.03051 -0.2053157 1.403949 1.112375 1.066422 2.276302 200 -1.209741 1.078288 0.005001676 -1.951255 1.801861 2.528883 6.954254 3.156683 3.288457 7.075661 2.681097 -2.354512 3.203465 0.8677471 -2.900243 1.46771 0.6180751 1.437864 6.709474 4.400202 9.75835 3.161 -0.2171125 -0.02761053 0.7465125 -0.1104808 NA NA NA NA NA NA NA NA NA NA NA NA NA NA NA NA NA NA NA NA NA NA NA NA NA NA NA NA NA NA NA NA NA NA NA NA NA
81 -0.3663227 2.053704 0.7974211 -1.025143 0.4889699 0.6278161 1.1341 1.046141 0.7447728 2.104498 3.948627 -0.7466773 0.9991755 1.147 -2.153524 3.913288 -0.01784437 1.647378 3.215897 1.244617 4.647684 7.836318 -2.303157 2.924207 1.394006 -3.119218 5.609089 -1.245766 0.4183125 2.496898 0.9381396 4.916035 6.813688 -0.543667 -0.05285417 -0.4399883 0.05895041 NA NA NA NA NA NA NA NA NA NA NA NA NA NA NA NA NA NA NA NA NA NA NA NA NA NA NA NA NA NA NA NA NA NA NA NA NA
82 1.663156 2.101303 1.905935 -0.9638448 3.505284 -1.043562 1.433346 1.549704 1.005088 2.515364 8.70337 -0.5006543 0.9508689 0.324204 -2.161504 0.6208688 -0.1781895 0.2115473 1.334745 1.1213 3.446157 7.967187 -2.178347 2.971049 0.07915184 -2.792493 1.810029 0.1684491 2.125199 3.824642 1.653801 6.31194 5.502562 0.3015283 -0.007916637 -0.57535 0.04160183 NA NA NA NA NA NA NA NA NA NA NA NA NA NA NA NA NA NA NA NA NA NA NA NA NA NA NA NA NA NA NA NA NA NA NA NA NA
83 0.4524767 2.108494 2.841395 -1.020033 0.5382127 -0.3023662 0.432246 0.9301617 0.5540939 2.11177 4.146187 -1.912716 1.135204 -0.764723 -1.882302 1.360516 -0.5473976 2.960175 1.02411 -0.07394681 4.017393 6.764497 -2.014649 3.05285 1.00312 -2.848581 2.456844 0.7513349 2.091869 4.214811 3.321326 7.108133 3.560883 -0.554624 -0.02341419 -0.3524349 -0.1163745 NA NA NA NA NA NA NA NA NA NA NA NA NA NA NA NA NA NA NA NA NA NA NA NA NA NA NA NA NA NA NA NA NA NA NA NA NA
84 0.02210883 2.050812 1.596152 -0.9838415 2.062402 0.7580857 1.835767 1.390169 0.7948497 1.731412 2.942265 -1.046488 1.082413 0.06676311 -2.035086 1.309934 -0.3963494 2.199523 1.902779 1.145203 3.915877 200 -3.51897 3.222095 0.3944537 -2.824949 6.890436 -0.4501499 2.340635 4.750045 3.937187 9.035139 4.50928 -0.2082665 0.07968749 0.6416272 -0.1448533 NA NA NA NA NA NA NA NA NA NA NA NA NA NA NA NA NA NA NA NA NA NA NA NA NA NA NA NA NA NA NA NA NA NA NA NA NA
85 -3.221094 2.694358 1.23091 0.05737157 0.5654045 0.3303499 0.2071338 5.98284 5.354609 7.682061 200 1.347936 1.925535 0.01493871 -1.082919 6.006665 4.916789 4.913564 2.032224 1.436473 2.612673 2.491294 -2.556205 3.059431 0.5241855 -2.911604 1.109719 -0.1189307 0.8938962 3.669567 2.316429 6.637621 3.789227 -3.205813 0.1987145 0.2265647 -0.09034267 NA NA NA NA NA NA NA NA NA NA NA NA NA NA NA NA NA NA NA NA NA NA NA NA NA NA NA NA NA NA NA NA NA NA NA NA NA
86 0.6246195 2.026246 1.61704 -0.8751541 1.245931 0.6121217 1.730998 1.326725 0.8026735 2.620743 4.871042 -0.4973889 0.9385614 -0.01614146 -1.87658 0.6086164 -1.443923 3.504596 1.650693 0.8168664 2.496633 200 -1.138999 2.968668 2.926653 -3.427522 5.449115 -0.5827862 6.334875 3.328987 2.265151 9.401542 4.681676 1.2922 -0.1201599 0.274047 -0.1248369 NA NA NA NA NA NA NA NA NA NA NA NA NA NA NA NA NA NA NA NA NA NA NA NA NA NA NA NA NA NA NA NA NA NA NA NA NA
87 1.32147 2.022889 2.135527 -0.9485222 1.627423 0.4277542 0.8385539 1.085695 1.235164 3.460532 2.192096 -0.5283914 0.9845025 0.8739522 -1.88108 3.10583 2.724501 12.91827 3.053206 1.737426 3.805979 13.74234 -1.686908 2.909318 1.827393 -3.122098 1.620263 0.2845637 3.045708 3.414065 2.145463 4.451406 3.50886 0.7064958 -0.1015839 0.844463 -0.1104406 NA NA NA NA NA NA NA NA NA NA NA NA NA NA NA NA NA NA NA NA NA NA NA NA NA NA NA NA NA NA NA NA NA NA NA NA NA
88 2.051651 1.954827 3.204041 -1.156585 1.828666 0.1233799 2.604001 1.709575 1.520063 3.452033 2.085798 -0.05534079 0.9413945 0.01605811 -1.943368 1.039917 -0.8075822 1.232223 1.812975 0.5811611 2.125619 200 -2.11877 3.020228 1.230172 -3.029859 1.968084 -0.5686875 0.2224187 3.316551 1.46824 5.204769 7.220533 -0.6748576 0.06096182 -0.5125648 0.005630558 NA NA NA NA NA NA NA NA NA NA NA NA NA NA NA NA NA NA NA NA NA NA NA NA NA NA NA NA NA NA NA NA NA NA NA NA NA
89 1.014304 2.027312 2.984583 -0.9922128 1.162674 -0.1250507 0.4222119 0.9170237 0.6833503 1.859629 10.59656 -1.284076 1.132638 1.320475 -2.193629 1.251744 0.8958502 1.107754 2.855176 1.659502 4.057381 8.948844 -3.196483 3.186634 -0.5175042 -2.823081 1.012346 0.276498 3.156551 1.684282 0.979071 4.217785 5.391756 1.077911 -0.1617605 0.3278282 0.0435062 NA NA NA NA NA NA NA NA NA NA NA NA NA NA NA NA NA NA NA NA NA NA NA NA NA NA NA NA NA NA NA NA NA NA NA NA NA
90 1.665897 1.965024 1.859793 -0.9076543 0.6930442 -0.3931497 3.523729 1.109354 0.6101145 2.191067 9.660454 -0.2827662 1.111547 1.103156 -1.929257 9.518547 4.329661 4.095021 3.351789 3.050623 7.776919 4.917546 -2.34488 2.907419 2.067772 -3.207777 2.082841 0.4488491 1.804297 4.186236 2.81194 7.277551 4.011342 -0.3434138 0.002903723 0.4233304 -0.1148736 NA NA NA NA NA NA NA NA NA NA NA NA NA NA NA NA NA NA NA NA NA NA NA NA NA NA NA NA NA NA NA NA NA NA NA NA NA
91 0.2850417 2.063015 0.4034984 -0.9112348 2.605187 -0.5865323 0.6577981 1.344748 1.104715 3.232883 3.162738 -1.156853 1.03345 -1.665377 -1.534166 2.774136 2.360759 2.774538 2.229447 1.509027 4.215213 2.401772 -2.011615 2.988246 1.792915 -3.022794 0.9293378 0.3105245 0.910353 3.62181 3.140319 7.413419 3.480511 -0.6722146 0.0360653 -0.8319361 -0.02240355 NA NA NA NA NA NA NA NA NA NA NA NA NA NA NA NA NA NA NA NA NA NA NA NA NA NA NA NA NA NA NA NA NA NA NA NA NA
92 0.7553118 2.483388 2.698713 -0.8556106 0.00515927 0.0004409704 0.003839961 0.8557613 0.2179682 1.393636 200 -0.02780678 1.660136 1.29579 -1.418065 12.62704 5.108718 6.567248 2.413762 2.225437 4.941056 3.508293 -1.861219 2.979073 -0.9542694 -2.942272 2.581433 0.3807296 0.1620006 2.772666 2.456037 5.400485 200 -1.955572 0.1318858 0.6471709 0.06914921 NA NA NA NA NA NA NA NA NA NA NA NA NA NA NA NA NA NA NA NA NA NA NA NA NA NA NA NA NA NA NA NA NA NA NA NA NA
93 1.052555 1.972286 1.507505 -0.9781534 2.791469 -1.019663 1.033367 1.457902 1.193518 2.688199 5.59058 -0.8999894 0.98484 -0.2600139 -2.056417 1.281677 1.295742 2.661075 1.493044 0.703708 4.007103 4.196608 -2.390515 3.264164 1.022646 -3.021531 2.414641 1.153736 1.984672 2.305259 1.538163 5.715642 32.31877 -0.2483242 0.0821848 -0.3194206 0.05349656 NA NA NA NA NA NA NA NA NA NA NA NA NA NA NA NA NA NA NA NA NA NA NA NA NA NA NA NA NA NA NA NA NA NA NA NA NA
94 2.929622 1.903025 1.798678 -1.03843 2.584359 0.3914312 2.299785 1.474047 0.7777932 2.490288 2.304357 -0.2587709 0.9093153 1.668102 -2.176313 3.907612 -2.582522 3.819298 2.604595 2.491538 5.747451 200 -1.899326 3.081074 0.4917391 -2.933519 1.115214 -0.4180005 1.319457 2.59885 1.384241 7.057917 3.448177 -0.1835746 0.01766676 -1.0575 0.1572881 NA NA NA NA NA NA NA NA NA NA NA NA NA NA NA NA NA NA NA NA NA NA NA NA NA NA NA NA NA NA NA NA NA NA NA NA NA
95 -3.586198 2.314588 4.908081 -1.114677 10.91519 -2.938266 0.8038479 0.5040894 0.5664185 2.872614 7.796018 0.9676253 1.777302 1.378309 -1.176205 7.025685 5.681157 6.345918 2.721646 2.5108 5.520643 2.958463 -1.608496 2.893242 1.415112 -3.055313 2.51013 0.6001933 4.548655 2.884423 1.089535 4.115456 7.313056 -0.8521898 -0.1851641 0.2908889 0.1382408 NA NA NA NA NA NA NA NA NA NA NA NA NA NA NA NA NA NA NA NA NA NA NA NA NA NA NA NA NA NA NA NA NA NA NA NA NA
96 1.544679 2.056614 1.295877 -0.8235926 1.159637 -0.04479133 0.4156376 0.9811055 0.889661 2.835661 5.573178 -2.229102 1.157225 -0.9742619 -1.73841 2.632866 1.65017 1.331374 1.830598 0.9938554 3.051025 4.592176 -2.573249 2.862053 0.7935524 -2.980461 1.196798 0.03729614 1.284471 3.357633 1.909583 6.32363 3.775295 -1.174429 0.0442956 -0.7121842 0.00480671 NA NA NA NA NA NA NA NA NA NA NA NA NA NA NA NA NA NA NA NA NA NA NA NA NA NA NA NA NA NA NA NA NA NA NA NA NA
97 0.0482103 2.044218 1.018631 -0.8438242 1.829344 -0.6597405 1.384891 1.405756 1.032323 2.049296 3.605824 0.1218892 0.9993981 1.326413 -2.125273 5.869603 -0.6444708 0.08844221 3.591747 2.4414 6.779895 8.848651 -1.838899 2.858667 1.586383 -3.066086 2.59311 -1.567254 1.172141 4.183258 2.78753 7.120748 3.703428 -0.1603437 -0.07708512 0.3484699 -0.2155361 NA NA NA NA NA NA NA NA NA NA NA NA NA NA NA NA NA NA NA NA NA NA NA NA NA NA NA NA NA NA NA NA NA NA NA NA NA
98 1.577217 2.036475 2.13099 -0.9204363 2.518549 0.6120092 2.521274 1.085132 0.8901574 2.462494 6.462926 -1.324978 0.9961314 0.4966245 -2.10719 2.515294 0.6814599 2.228611 2.476686 1.43303 3.664479 8.290001 -0.3075677 2.8698 2.141296 -3.417803 3.856734 1.256923 3.1934 7.295129 4.516021 5.557455 6.46793 0.06390165 0.0499549 1.067353 -0.1926803 NA NA NA NA NA NA NA NA NA NA NA NA NA NA NA NA NA NA NA NA NA NA NA NA NA NA NA NA NA NA NA NA NA NA NA NA NA
99 1.32844 2.663015 -4.466178 -0.07519236 0.01106204 0.008678602 0.01827709 2.740109 2.057299 4.068655 200 -0.2118531 1.478441 1.11312 -1.579119 10.15002 7.169842 12.44964 3.24667 2.461496 5.086721 5.68772 -2.47938 2.909916 0.9293907 -3.077307 2.791585 0.4794529 2.449537 2.065029 1.47652 5.16271 199.9996 -1.366262 -0.1656215 1.271592 -0.06678587 NA NA NA NA NA NA NA NA NA NA NA NA NA NA NA NA NA NA NA NA NA NA NA NA NA NA NA NA NA NA NA NA NA NA NA NA NA
100 1.047925 2.057514 2.08768 -0.8727981 2.563848 0.3404094 3.106195 1.055024 0.6880248 1.600074 4.517671 -0.8102257 0.8957231 -1.253202 -1.83873 2.154091 1.102257 2.622361 2.928748 1.81885 5.685668 9.223387 -1.371794 2.842541 2.296214 -3.114572 2.806461 -1.696768 1.313377 5.333541 5.513493 11.06215 3.599682 0.3733192 0.007244027 0.007840591 0.04564014 NA NA NA NA NA NA NA NA NA NA NA NA NA NA NA NA NA NA NA NA NA NA NA NA NA NA NA NA NA NA NA NA NA NA NA NA NA
