1 0.454854 2.005372 2.183769 -1.200833 2.033813 0.3215079 0.9649663 1.141935 0.4376882 1.512763 0.2607731 0.1686502 -1.709419 1.020839 -1.129816 -1.785501 0.05463573 0.04636337 1.775654 2.05865 1.405993 2.705874 0.2516931 1 -1.421032 2.949583 0.8693912 -2.994569 3.591081 0.9118596 2.271741 2.462899 2.065721 6.080988 0.2120147 0.157984 -0.4068344 0.01202342 -1.102934 -0.04580083 NA NA NA NA NA NA NA NA NA NA NA NA NA NA NA NA NA NA NA NA NA NA NA NA NA NA NA NA NA NA NA NA NA NA NA NA NA NA NA NA
2 2.524041 2.133493 0.6326588 -0.6394829 0.1573323 0.5468205 3.340026 1.298307 1.649237 3.901352 0.7954527 0.9461839 -1.376312 1.446337 0.6066095 -1.575039 7.713524 7.494219 9.183302 2.832374 2.540382 4.761415 0.2964364 0.3178758 -1.426214 2.744146 1.746597 -3.173229 2.457434 -1.743962 1.339331 3.101742 2.860252 7.644268 0.1669232 0.1384574 -0.5076685 -0.07639715 0.906067 -0.1960969 NA NA NA NA NA NA NA NA NA NA NA NA NA NA NA NA NA NA NA NA NA NA NA NA NA NA NA NA NA NA NA NA NA NA NA NA NA NA NA NA
3 0.2664329 2.089428 1.582636 -0.8933546 0.4594367 0.2546309 0.2726179 1.530524 1.003583 2.615609 0.901219 0.9119866 -0.07130897 1.208283 0.0527756 -1.672698 8.742885 3.500838 4.394666 2.826294 1.726248 5.677084 0.3015637 0.2872483 -1.869356 2.960782 0.8112695 -3.109516 3.361173 2.282769 3.23655 2.545626 1.616689 6.239155 0.5006967 0.1777087 -0.7719897 0.1830082 -1.182043 0.2935356 NA NA NA NA NA NA NA NA NA NA NA NA NA NA NA NA NA NA NA NA NA NA NA NA NA NA NA NA NA NA NA NA NA NA NA NA NA NA NA NA
4 1.456106 1.940842 3.338316 -1.175087 2.953957 0.2864653 0.513088 1.011503 0.7379086 2.318547 0.4009789 0.147844 0.8407536 0.9408482 0.982541 -2.655271 1.901017 0.3964795 0.112304 2.706439 1.231129 4.591973 0.5077389 0.1396793 -2.446639 3.155567 0.5329302 -2.835857 1.061487 1.032695 1.502486 3.662503 3.119953 9.962591 0.3577672 0.2675268 1.324485 -0.1793815 0.6987148 -0.2666975 NA NA NA NA NA NA NA NA NA NA NA NA NA NA NA NA NA NA NA NA NA NA NA NA NA NA NA NA NA NA NA NA NA NA NA NA NA NA NA NA
5 1.838046 2.049459 2.147045 -0.9569267 0.9206073 -0.09999272 1.507409 0.708989 0.6586614 1.806856 0.9496614 0.9940981 -0.7388647 1.035562 -0.3597561 -1.789931 1.853694 -0.1108042 2.891952 2.053657 1.606791 3.686087 0.3013781 0.1699161 -1.90547 2.960475 1.144671 -3.094221 2.524386 -0.3148911 1.103979 2.847217 2.528316 7.923207 0.2988871 0.2440595 -1.922543 0.1908227 0.0528591 -0.09755649 NA NA NA NA NA NA NA NA NA NA NA NA NA NA NA NA NA NA NA NA NA NA NA NA NA NA NA NA NA NA NA NA NA NA NA NA NA NA NA NA
6 0.4677621 2.002173 1.928289 -0.9902267 2.491207 0.169423 2.160662 0.8365905 0.472315 1.390152 0.2973493 0.1874147 -0.2256158 0.847216 0.691894 -2.146199 0.5618735 0.1520931 0.8565398 1.136368 0.900442 2.696441 0.3420528 0.1801665 -2.659182 3.083321 0.7034458 -2.860079 1.483279 0.214222 0.5221715 3.76554 2.188178 3.938715 0.3342259 0.1141078 1.101415 -0.1383043 -0.1330472 -0.05754299 NA NA NA NA NA NA NA NA NA NA NA NA NA NA NA NA NA NA NA NA NA NA NA NA NA NA NA NA NA NA NA NA NA NA NA NA NA NA NA NA
7 1.656468 1.981126 2.228324 -1.075156 1.990503 0.2453439 1.640496 0.9782014 0.6840852 1.8324 0.7668915 1 0.5213135 1.311486 1.089906 -1.801042 7.592624 8.633829 17.53264 3.636853 2.368628 6.488367 0.4443136 0.407517 -2.184653 2.987867 0.2117074 -2.8488 3.894264 -0.8076129 3.330262 2.150837 1.68137 5.112132 0.2005923 0.1606694 0.2095971 -0.09010214 -1.009783 0.2104071 NA NA NA NA NA NA NA NA NA NA NA NA NA NA NA NA NA NA NA NA NA NA NA NA NA NA NA NA NA NA NA NA NA NA NA NA NA NA NA NA
8 0.3192785 2.098386 2.354987 -0.9009527 1.553824 0.4756694 0.3563403 0.6704919 0.4922343 1.70804 0.6633945 0.7091016 -0.816861 1.109278 0.268393 -1.870028 3.757907 3.58499 7.515271 1.276918 0.6868525 2.700928 0.3225461 0.2632161 -1.985549 2.943417 0.9392926 -3.115539 0.5906704 0.06345877 1.7497 2.569898 1.926413 5.111294 0.4555369 0.1391199 -1.217091 0.2721431 -0.6582272 0.1720683 NA NA NA NA NA NA NA NA NA NA NA NA NA NA NA NA NA NA NA NA NA NA NA NA NA NA NA NA NA NA NA NA NA NA NA NA NA NA NA NA
9 0.9446904 2.081527 2.316904 -0.897387 3.390715 0.8941973 1.509081 0.8349433 0.4469629 1.504221 0.4968237 0.1591996 -0.5232148 0.8327202 0.1091911 -2.037354 1.895472 -1.012935 0.5596617 1.50557 0.7771262 3.497039 0.1564183 0.2074358 -2.507181 3.115025 -0.4728633 -2.756517 2.457503 0.3440587 3.668323 3.378293 2.705869 9.826642 0.2165843 0.5680332 0.0228031 0.01671576 -0.915555 0.1203642 NA NA NA NA NA NA NA NA NA NA NA NA NA NA NA NA NA NA NA NA NA NA NA NA NA NA NA NA NA NA NA NA NA NA NA NA NA NA NA NA
10 2.398231 1.846535 3.556824 -1.251391 6.164654 0.05981508 0.02665824 0.913077 0.8398213 2.25871 0.9991846 1 -1.322947 1.062954 0.1670466 -2.054958 3.595456 1.525235 3.730276 2.115346 1.519592 3.858358 0.3973991 0.2366433 -1.736043 2.96151 0.4111764 -3.029 1.957771 1.065678 1.173578 3.187067 2.943809 7.931979 0.1597003 0.3144795 0.10536 -0.02815057 0.4633442 0.08268722 NA NA NA NA NA NA NA NA NA NA NA NA NA NA NA NA NA NA NA NA NA NA NA NA NA NA NA NA NA NA NA NA NA NA NA NA NA NA NA NA
11 1.411025 1.854219 2.684235 -1.019002 0.03535043 0.2185548 2.097039 1.0559 0.6199146 2.372247 0.4905602 1 -1.111464 1.055638 0.6839666 -2.195632 1.872842 -0.02158285 1.1638 1.286841 1.099406 3.96432 0.251646 1 -1.224803 2.831388 0.4842114 -2.914563 0.4648363 -0.7963065 3.507435 2.436617 1.111638 3.74465 0.368611 0.2262276 0.03811561 -0.187563 0.2104352 -0.07671837 NA NA NA NA NA NA NA NA NA NA NA NA NA NA NA NA NA NA NA NA NA NA NA NA NA NA NA NA NA NA NA NA NA NA NA NA NA NA NA NA
12 1.217714 2.091414 0.7223999 -0.85178 3.208448 1.573551 0.9599264 1.282914 0.5675723 2.238579 0.978198 1 -0.681586 1.129647 0.02424249 -1.938092 7.547668 8.210106 11.48766 2.06896 1.707546 3.482299 0.1891109 0.2446726 -1.783638 3.08259 1.160634 -2.723352 1.271061 0.0174822 1.322998 3.325324 2.149484 5.360022 0.2231337 0.1257124 -0.08222397 0.04491588 -0.5588649 0.1590569 NA NA NA NA NA NA NA NA NA NA NA NA NA NA NA NA NA NA NA NA NA NA NA NA NA NA NA NA NA NA NA NA NA NA NA NA NA NA NA NA
13 1.188906 1.9475 2.51903 -1.024955 1.192335 0.08792917 2.16591 1.184126 0.8261288 1.899298 0.1765727 0.3113062 -0.7780031 1.017962 0.1792932 -2.11838 3.037502 -0.6704814 1.363966 1.986132 2.1054 4.999075 0.1015584 0.1900338 -1.061125 2.95726 -1.703919 -2.69204 3.25409 1.600023 2.785381 3.074589 2.536774 7.083332 0.3580219 0.2789487 0.8384642 0.001020615 1.606889 -0.2170863 NA NA NA NA NA NA NA NA NA NA NA NA NA NA NA NA NA NA NA NA NA NA NA NA NA NA NA NA NA NA NA NA NA NA NA NA NA NA NA NA
14 1.298258 1.973822 2.999239 -1.070168 0.3195177 0.8099137 2.735671 0.6540574 0.1567814 1.43281 0.339723 0.1747211 -0.4726855 1.105039 -0.627172 -1.800772 0.7261074 1.474056 4.004926 1.390984 1.303583 3.700085 0.2155293 0.1407095 -1.403666 2.921081 0.6004885 -2.977852 1.322446 -0.3797031 0.8005989 2.423997 1.796365 4.780862 0.1018453 0.1850553 0.4591821 -0.2694869 0.1226599 0.04237995 NA NA NA NA NA NA NA NA NA NA NA NA NA NA NA NA NA NA NA NA NA NA NA NA NA NA NA NA NA NA NA NA NA NA NA NA NA NA NA NA
15 -2.296462 2.183332 1.02439 -0.9589877 1.889333 0.3703563 2.132416 0.905092 0.09446983 1.54641 0.259146 0.226516 -0.8225243 1.013488 -0.04986908 -1.910177 1.380412 -0.2323445 1.390235 1.328158 0.9418392 3.764421 0.1582939 0.999991 -1.655843 2.895466 2.015324 -3.295745 0.768195 0.9332825 1.292867 3.019792 2.047351 5.880081 0.337703 0.172123 -1.15166 0.01081068 0.2721458 -0.02491491 NA NA NA NA NA NA NA NA NA NA NA NA NA NA NA NA NA NA NA NA NA NA NA NA NA NA NA NA NA NA NA NA NA NA NA NA NA NA NA NA
16 0.9852581 2.101313 2.783314 -0.9576049 2.347592 0.3561477 2.319145 1.152879 0.6947293 2.193663 0.4181958 0.2204699 -0.9777394 0.9792227 -0.5138433 -2.041402 4.062039 0.2803246 1.14758 1.831481 1.668035 4.22707 0.2708825 0.1933136 -1.582397 3.045679 0.3852168 -2.988012 1.450251 1.671258 1.942629 3.022505 2.365325 6.938048 0.1669907 0.1704618 0.484348 0.05171234 0.6951013 0.001566957 NA NA NA NA NA NA NA NA NA NA NA NA NA NA NA NA NA NA NA NA NA NA NA NA NA NA NA NA NA NA NA NA NA NA NA NA NA NA NA NA
17 1.044262 2.007609 2.285829 -1.118462 1.540408 -0.05358248 1.160126 0.8759458 0.4323163 1.15034 0.710076 1 0.117061 1.050572 0.4817301 -2.168621 1.275337 1.198144 1.857527 2.462839 1.374716 3.512305 0.3671335 0.2330649 -1.952037 2.976591 1.769123 -3.196793 0.7049255 -1.140758 2.102142 2.448705 2.242905 8.392084 0.203519 0.2682596 -0.2030255 0.01892648 0.1820033 -0.01746134 NA NA NA NA NA NA NA NA NA NA NA NA NA NA NA NA NA NA NA NA NA NA NA NA NA NA NA NA NA NA NA NA NA NA NA NA NA NA NA NA
18 1.184138 1.887559 1.635602 -1.093967 2.347543 -0.8721457 0.9064334 0.755964 0.6989343 1.107057 0.5734439 0.1550099 -2.22059 1.06654 0.1077169 -1.95228 1.260595 -0.2014404 2.017809 2.608542 2.057034 4.772175 0.2516812 0.1492106 -1.194426 2.940058 1.819398 -3.08856 1.321751 0.5423191 0.3643473 3.173496 1.784427 5.937573 0.09608162 0.2338997 0.1177443 -0.123406 0.1059249 -0.00378028 NA NA NA NA NA NA NA NA NA NA NA NA NA NA NA NA NA NA NA NA NA NA NA NA NA NA NA NA NA NA NA NA NA NA NA NA NA NA NA NA
19 0.7732949 2.046168 2.0392 -1.010967 1.727644 0.06897035 1.162755 0.7897677 0.5175217 1.727073 0.2513619 0.9999999 -0.4232019 1.109985 -0.4678533 -1.846649 2.007502 1.273753 2.385496 3.116805 1.841823 4.682904 0.3414314 0.2979086 -1.395619 2.794843 2.29918 -3.051558 3.37601 2.38377 2.404585 2.788574 2.359686 6.640106 0.2585041 0.2767205 0.7338617 -0.0728766 0.6011307 -0.08505647 NA NA NA NA NA NA NA NA NA NA NA NA NA NA NA NA NA NA NA NA NA NA NA NA NA NA NA NA NA NA NA NA NA NA NA NA NA NA NA NA
20 1.09342 1.966818 2.088356 -1.013741 0.973892 -0.2600969 0.4511641 0.8355384 0.2018755 1.310472 0.3006132 0.1641365 -0.3672115 1.003488 0.3423097 -2.065886 1.070013 -0.9769916 1.36752 3.49051 2.000831 3.398751 0.3023947 0.2563603 -1.296755 2.887413 1.879866 -3.194846 1.316043 0.7259872 0.5728839 1.800983 1.074977 6.043914 0.3113509 0.1814258 0.2161711 -0.1191796 -0.7559411 0.02814072 NA NA NA NA NA NA NA NA NA NA NA NA NA NA NA NA NA NA NA NA NA NA NA NA NA NA NA NA NA NA NA NA NA NA NA NA NA NA NA NA
21 0.8268712 2.005698 3.000383 -0.9715694 0.7262629 0.01808605 1.37451 1.115548 1.067311 2.13051 0.113245 0.3061642 -0.8056303 0.9254911 -0.3666182 -2.061387 1.217223 0.7932533 5.947093 1.726893 1.278053 3.481158 0.3108789 0.1599227 -2.78286 3.11572 0.3805376 -2.770011 0.7433494 -0.1808506 1.975539 1.898224 1.546347 5.070927 0.0482615 1 0.8114009 -0.09117557 1.207286 -0.1215212 NA NA NA NA NA NA NA NA NA NA NA NA NA NA NA NA NA NA NA NA NA NA NA NA NA NA NA NA NA NA NA NA NA NA NA NA NA NA NA NA
22 0.4509036 1.977382 1.948658 -0.9834551 1.708938 -1.119477 1.699447 1.033304 0.6526545 2.39358 0.09694575 0.2516715 -1.775799 1.042928 9.024996e-05 -2.083609 2.010769 -0.07865232 1.527615 1.86326 1.315562 3.622873 0.2539074 0.1757468 -1.450315 2.788711 1.988996 -3.007974 0.4605064 0.03407825 1.571693 4.43859 3.212698 5.789046 0.3134905 0.2179419 1.42591 -0.2373601 1.304222 -0.1732866 NA NA NA NA NA NA NA NA NA NA NA NA NA NA NA NA NA NA NA NA NA NA NA NA NA NA NA NA NA NA NA NA NA NA NA NA NA NA NA NA
23 2.125358 2.209363 0.9116519 -0.6247302 3.550709 1.678259 0.7952717 1.362972 0.7996256 1.003888 0.4950327 0.1335097 0.4872868 1.539699 0.484857 -1.449969 8.599675 5.579826 5.896884 1.569469 1.070341 3.180429 0.4074862 0.2181088 -1.030065 2.679827 -0.1409508 -2.981715 0.1863483 0.6801837 3.462358 2.997989 2.365213 5.611695 0.3403383 0.2069775 -2.053119 0.2467019 -0.206595 0.3561989 NA NA NA NA NA NA NA NA NA NA NA NA NA NA NA NA NA NA NA NA NA NA NA NA NA NA NA NA NA NA NA NA NA NA NA NA NA NA NA NA
24 0.4615359 2.03311 1.638431 -0.9255792 2.034976 0.2348561 1.540576 0.8583814 0.604972 1.626316 0.2331053 0.1245414 -1.814864 1.102706 -0.5450601 -1.837516 2.498559 0.7379022 1.720958 1.674687 1.025982 3.527729 0.5957154 0.2078222 -2.109242 3.009363 2.426887 -3.078885 0.8030357 -0.5607497 0.7895252 2.467586 0.4720696 4.112059 0.3378326 0.2378265 1.125141 -0.3321938 0.34591 -0.01488535 NA NA NA NA NA NA NA NA NA NA NA NA NA NA NA NA NA NA NA NA NA NA NA NA NA NA NA NA NA NA NA NA NA NA NA NA NA NA NA NA
25 1.328803 1.977806 0.8026802 -1.000482 2.972516 1.104638 3.299164 0.7831683 0.4201026 3.181085 0.9270243 0.9999999 -1.655578 1.019287 -0.6596495 -1.957982 1.65856 -0.09747435 2.31933 2.538995 1.95593 5.909077 0.1791314 0.1981027 -2.440108 3.002756 1.514663 -3.179822 1.012688 -0.7307923 3.446851 3.515412 1.532814 4.231577 0.2657227 0.2459707 -0.135634 -0.0975491 -0.2643136 0.08726364 NA NA NA NA NA NA NA NA NA NA NA NA NA NA NA NA NA NA NA NA NA NA NA NA NA NA NA NA NA NA NA NA NA NA NA NA NA NA NA NA
26 0.3699838 2.19287 -0.8869001 -0.5869109 1.260079 -0.003184105 0.009156174 0.7506347 0.4203157 2.193356 0.9958021 1 1.101964 1.809299 2.712405 -1.262987 2.166363 1.368955 3.12991 1.156601 0.5373307 1.246053 0.4771485 0.1100072 -1.018901 3.069874 2.683748 -3.139389 0.5367385 0.8617616 3.356073 1.583677 0.4773011 4.535025 0.7636239 1 0.1277632 -0.1006161 2.191007 -0.2010789 NA NA NA NA NA NA NA NA NA NA NA NA NA NA NA NA NA NA NA NA NA NA NA NA NA NA NA NA NA NA NA NA NA NA NA NA NA NA NA NA
27 1.344577 1.956858 1.463349 -1.058763 1.062891 0.472525 2.862975 1.278439 1.040106 2.724912 0.3966791 0.1262789 -0.260019 0.8851001 0.04752566 -1.967486 1.446934 -0.1495891 0.3158653 1.71478 0.6315205 4.149008 3.862156e-13 0.1112177 0.1854916 2.732311 3.573229 -3.421111 1.72843 -0.3901953 0.7118353 1.837931 1.269592 3.764534 0.1503821 0.09022566 0.2095904 0.02803223 0.8665751 -0.0613859 NA NA NA NA NA NA NA NA NA NA NA NA NA NA NA NA NA NA NA NA NA NA NA NA NA NA NA NA NA NA NA NA NA NA NA NA NA NA NA NA
28 -0.2291826 2.159752 2.294097 -0.9233002 1.537242 0.9790504 0.8765141 0.9367218 0.4619664 2.676056 0.9045044 0.9102764 -1.002964 1.160257 0.6256491 -1.998072 2.668794 1.763089 4.415597 1.943263 1.463602 3.644156 0.490545 0.2728994 -2.005045 3.028391 0.03816183 -2.908305 2.794804 1.20807 4.31058 3.655201 1.613132 6.865987 0.2329639 0.2238848 -0.6814116 0.0525909 0.2597672 0.04849192 NA NA NA NA NA NA NA NA NA NA NA NA NA NA NA NA NA NA NA NA NA NA NA NA NA NA NA NA NA NA NA NA NA NA NA NA NA NA NA NA
29 0.4356991 1.932596 1.754334 -1.134046 1.421472 1.338191 3.455183 1.032304 0.6157043 1.579099 0.2083 0.1924007 -0.6554207 1.023962 0.09939823 -1.837716 1.759808 0.3286145 1.156095 0.9375635 0.5100017 2.754542 0.3510836 0.3021024 -2.162658 3.028223 0.8822413 -2.978125 1.450863 -0.3786667 1.026247 1.721771 1.752615 5.497479 0.1111446 0.08752178 0.3093071 -0.05140531 2.716875 -0.5246611 NA NA NA NA NA NA NA NA NA NA NA NA NA NA NA NA NA NA NA NA NA NA NA NA NA NA NA NA NA NA NA NA NA NA NA NA NA NA NA NA
30 1.788927 1.934131 3.023096 -0.9991115 0.5204504 0.3418098 0.4347981 1.212846 0.8408139 1.750238 0.9988626 0.9999101 -0.7278737 0.9992977 0.9464963 -2.070782 2.344688 1.157691 2.759183 1.909898 1.591779 4.158668 0.2891007 0.3956016 -1.871212 3.041442 0.2154885 -2.831672 0.9148779 0.6182751 1.064918 3.119673 1.714616 4.360578 0.1138452 0.2331634 -1.159559 0.1363071 0.558728 -0.01015555 NA NA NA NA NA NA NA NA NA NA NA NA NA NA NA NA NA NA NA NA NA NA NA NA NA NA NA NA NA NA NA NA NA NA NA NA NA NA NA NA
31 1.27167 2.183002 0.7855748 -0.8845451 0.4888289 0.05004088 0.08751487 1.0649 0.7402194 2.178536 0.9929872 1 -0.7314562 0.9500477 -0.2758193 -2.010711 1.293314 -0.8710401 2.029425 1.755219 0.8496352 3.319535 0.2482754 0.1733247 -2.351627 3.007242 1.158307 -3.08238 2.795696 -0.004969155 2.428425 2.973961 2.371637 6.258498 0.07881632 0.2493176 -1.471897 0.03847652 0.4951931 -0.1731379 NA NA NA NA NA NA NA NA NA NA NA NA NA NA NA NA NA NA NA NA NA NA NA NA NA NA NA NA NA NA NA NA NA NA NA NA NA NA NA NA
32 1.727314 2.04703 1.360828 -0.9512138 0.6168457 0.06212968 0.5123712 0.5219088 0.2140381 1.475677 0.3311208 0.3912859 -0.9361526 0.9927973 -0.253347 -1.854274 1.157115 0.3585421 1.139534 1.446217 0.7765289 3.090714 0.3948966 0.2448771 -2.720886 3.013555 1.515776 -3.088286 0.9182138 -0.2215978 2.941607 2.187221 1.359898 5.028555 0.2650321 0.2115459 -0.4099533 -0.0868087 -0.7283442 0.02307963 NA NA NA NA NA NA NA NA NA NA NA NA NA NA NA NA NA NA NA NA NA NA NA NA NA NA NA NA NA NA NA NA NA NA NA NA NA NA NA NA
33 1.331269 2.027016 2.300623 -0.9623916 1.262546 0.2728599 0.5420304 1.203708 0.7978086 1.667344 0.2235801 0.235511 0.7217289 0.8650452 0.1181424 -2.225505 1.442529 1.408272 1.506212 1.303937 0.7292872 4.304749 0.369721 1 -2.582693 3.130938 2.280453 -3.154504 1.088943 1.303908 5.628163 1.919144 1.172127 3.333322 0.1136802 0.3576006 -0.5331179 0.06078498 0.280011 -0.08497822 NA NA NA NA NA NA NA NA NA NA NA NA NA NA NA NA NA NA NA NA NA NA NA NA NA NA NA NA NA NA NA NA NA NA NA NA NA NA NA NA
34 1.220516 2.030551 2.891542 -1.049583 2.845684 0.4401431 2.662841 1.00844 0.7692867 2.159438 0.33963 0.1957586 -0.9861217 1.029317 -0.7818538 -1.955416 0.3399267 0.4003362 1.08868 1.2703 0.9225883 3.261679 0.2865675 0.09931105 -3.203097 3.087179 0.5145985 -3.003554 2.21238 1.617262 5.372916 3.395721 2.353351 7.154313 0.09344234 0.1976609 0.942764 -0.1732653 -0.5161843 0.01024282 NA NA NA NA NA NA NA NA NA NA NA NA NA NA NA NA NA NA NA NA NA NA NA NA NA NA NA NA NA NA NA NA NA NA NA NA NA NA NA NA
35 1.16325 2.020395 2.035373 -0.9632713 1.126261 -0.4463861 2.310539 1.147571 0.798195 1.922804 0.2071992 0.3630234 -0.8359721 1.040461 -0.560687 -1.936734 2.900639 -2.936422 5.007193 1.73572 1.328548 3.825459 0.2474234 0.4516051 -1.643175 2.803132 1.58992 -3.088016 0.9885051 -0.2421372 1.690306 3.220662 1.957106 5.388814 0.1705489 0.2588791 1.215494 -0.1046292 0.5141001 -0.0008366635 NA NA NA NA NA NA NA NA NA NA NA NA NA NA NA NA NA NA NA NA NA NA NA NA NA NA NA NA NA NA NA NA NA NA NA NA NA NA NA NA
36 1.397254 1.934631 2.779579 -1.066395 0.8414815 0.4789 4.000696 1.827907 0.6091494 2.877148 0.9952861 0.9978959 -1.480074 1.068051 -0.01242017 -2.064435 1.912363 0.2733744 0.9649886 2.366213 1.810882 4.426408 0.1419622 0.1380241 -1.864871 2.907152 1.885035 -3.018284 1.143821 0.8480317 2.17076 2.493175 2.14671 7.035151 0.1475876 0.2040779 0.554907 -0.05232553 1.152342 -0.08138332 NA NA NA NA NA NA NA NA NA NA NA NA NA NA NA NA NA NA NA NA NA NA NA NA NA NA NA NA NA NA NA NA NA NA NA NA NA NA NA NA
37 1.680625 1.966273 1.753042 -0.964239 0.8607254 0.2122565 0.4862617 0.9158668 0.8651549 1.915711 0.9289847 0.9279261 -1.188184 1.060662 0.06349566 -1.793281 0.6579516 0.3465578 0.2902037 2.191629 1.069858 2.930799 0.2931132 0.2152839 -1.676394 2.90697 1.450191 -3.131102 0.9690171 -0.4324498 1.155061 3.171634 2.303404 6.688756 0.1889886 0.2455966 -0.0975984 0.03897089 -0.8703611 0.08328656 NA NA NA NA NA NA NA NA NA NA NA NA NA NA NA NA NA NA NA NA NA NA NA NA NA NA NA NA NA NA NA NA NA NA NA NA NA NA NA NA
38 0.9723553 2.044549 1.984678 -1.098265 0.7924092 -0.02828145 1.194945 0.9659823 0.6788116 1.81575 0.3880657 0.1372517 -1.308799 1.032497 -0.5661847 -1.902772 0.5201796 0.07677629 2.272849 1.98812 1.732332 4.465262 0.08629141 0.114033 -2.841261 3.074689 0.4149224 -2.998836 0.5782153 -1.178932 2.725718 3.00585 0.6712695 3.293075 0.2051099 0.2446837 -0.2476371 0.4571383 -0.186853 0.4252319 NA NA NA NA NA NA NA NA NA NA NA NA NA NA NA NA NA NA NA NA NA NA NA NA NA NA NA NA NA NA NA NA NA NA NA NA NA NA NA NA
39 1.295077 1.918635 2.33543 -1.038125 0.8027093 -0.9077461 1.485347 1.21418 0.8864175 1.847065 0.3190927 0.3349952 -1.441514 1.057561 0.492639 -2.017655 0.9926802 0.284233 0.749642 1.725767 1.101631 4.49765 0.1261982 0.2290141 -0.887068 2.950559 0.9431343 -2.866381 6.690643 4.452358 4.075749 3.317917 1.873576 6.199192 0.2581214 0.2329185 -0.5232884 0.03435791 -0.1105069 -0.0976911 NA NA NA NA NA NA NA NA NA NA NA NA NA NA NA NA NA NA NA NA NA NA NA NA NA NA NA NA NA NA NA NA NA NA NA NA NA NA NA NA
40 0.3860205 2.047337 1.624489 -0.9225205 0.7014787 -0.3416158 1.024217 0.7636341 0.6689095 1.904571 0.46125 0.3198847 -1.36421 0.6956858 0.008878338 -1.788263 0.2114081 -0.6608983 2.324463 1.847494 1.10462 3.433538 0.4019509 0.2172959 -0.484936 2.917157 0.928335 -2.960264 3.135882 0.4216891 0.9079913 2.289194 1.525982 4.591213 0.09156891 0.1797308 0.5934865 -0.05984003 -1.393278 0.08724599 NA NA NA NA NA NA NA NA NA NA NA NA NA NA NA NA NA NA NA NA NA NA NA NA NA NA NA NA NA NA NA NA NA NA NA NA NA NA NA NA
41 0.04055275 2.048262 1.338441 -1.064112 2.673442 2.04184 5.090045 0.7145664 0.7951285 1.782956 0.3748814 0.1995512 -1.316928 0.8649144 0.1424497 -2.071265 0.9725042 -0.3714885 0.3344754 2.313576 1.418003 4.025675 0.1926969 0.2116337 -2.806607 3.219217 -0.33749 -2.680544 2.494629 0.3149311 0.9781349 3.189315 1.88626 4.810401 0.09466447 0.2463045 0.001006064 -0.09056968 -0.6146348 0.1284998 NA NA NA NA NA NA NA NA NA NA NA NA NA NA NA NA NA NA NA NA NA NA NA NA NA NA NA NA NA NA NA NA NA NA NA NA NA NA NA NA
42 2.31925 2.10237 2.279635 -1.060791 0.391384 -0.369806 0.7464068 0.826395 1.378486 5.099854 0.3360592 1 -0.7025159 1.501079 0.4049603 -1.54748 5.028018 3.141088 7.569011 2.287641 1.367534 4.009246 0.2969083 0.3396458 -0.8831873 2.989749 1.365542 -3.169026 0.9615147 -0.255239 2.584722 2.497636 1.654336 6.841347 0.2022999 0.3315405 -2.622427 0.2804038 0.03614762 0.08611263 NA NA NA NA NA NA NA NA NA NA NA NA NA NA NA NA NA NA NA NA NA NA NA NA NA NA NA NA NA NA NA NA NA NA NA NA NA NA NA NA
43 0.6555826 1.99014 2.261998 -1.043348 2.586487 -1.212343 1.43419 0.8342635 0.5269747 1.742508 0.3307316 0.1431558 -1.928983 0.9913258 0.6574545 -2.087207 2.7646 -0.7608271 2.456176 2.207356 2.090136 4.646146 0.1169869 0.1328602 -1.065209 2.94013 0.6140025 -2.996152 1.831843 0.3696084 1.275662 3.578493 2.661507 5.686644 0.01540072 0.8325365 -0.02535938 0.06477653 -0.05989424 0.01488934 NA NA NA NA NA NA NA NA NA NA NA NA NA NA NA NA NA NA NA NA NA NA NA NA NA NA NA NA NA NA NA NA NA NA NA NA NA NA NA NA
44 -0.1672394 2.111963 0.4786012 -0.8384026 3.881314 0.3483172 1.182447 1.279854 0.9118947 2.138654 0.2890237 0.3177067 -0.9708201 1.056374 -0.1770507 -1.972517 0.6295229 0.3173646 1.163614 1.516875 1.111283 3.295139 0.3004079 0.120351 -1.322884 3.050062 1.358661 -3.088413 1.195204 -0.02851281 2.023198 3.258192 1.575424 3.100108 0.4140476 0.3678515 0.04823706 0.03173982 0.386687 -0.06620937 NA NA NA NA NA NA NA NA NA NA NA NA NA NA NA NA NA NA NA NA NA NA NA NA NA NA NA NA NA NA NA NA NA NA NA NA NA NA NA NA
45 -4.858113 2.90034 1.342912 -0.117222 0.002625576 0.002681541 0.01102824 1.637646 1.725689 7.146319 0.950707 1 0.05095203 1.489104 0.8403792 -1.532419 11.54334 6.400742 6.951202 2.270767 1.958401 4.704934 0.2548786 0.2431455 -3.520887 3.289612 0.503801 -2.868307 3.119886 0.1526868 0.4891786 1.889898 1.072152 5.598523 0.2867279 0.1271177 0.1270756 -0.7157361 1.406591 -0.05202221 NA NA NA NA NA NA NA NA NA NA NA NA NA NA NA NA NA NA NA NA NA NA NA NA NA NA NA NA NA NA NA NA NA NA NA NA NA NA NA NA
46 -0.652959 2.182803 2.65195 -1.035987 2.796176 0.8827213 1.742892 0.8923013 0.4885752 1.190963 0.488875 0.1876846 -0.8628519 1.106535 -1.348566 -1.64907 1.094543 0.3772734 1.128374 1.73285 1.245858 4.680185 0.2576196 0.1797276 -2.290657 3.171817 0.9258219 -2.912777 1.502511 -0.3097973 1.426546 3.01161 1.862782 5.214883 0.2504445 0.2473501 0.2430154 -0.1461862 0.1914572 -0.02488366 NA NA NA NA NA NA NA NA NA NA NA NA NA NA NA NA NA NA NA NA NA NA NA NA NA NA NA NA NA NA NA NA NA NA NA NA NA NA NA NA
47 1.65372 1.958072 2.727555 -0.8757635 1.524036 0.3349056 2.058804 0.9358296 0.4695402 1.912893 0.5462188 0.1474712 -1.267139 0.9913369 0.9843438 -2.211795 1.515759 0.04669946 0.7487131 1.086301 0.7292062 4.105865 0.4980386 0.4999983 -3.695842 3.110852 1.420303 -3.02767 1.381562 1.024132 1.343888 2.824844 1.96039 6.227341 0.2004446 0.1126671 -0.113993 0.05422599 -0.3099215 0.05307024 NA NA NA NA NA NA NA NA NA NA NA NA NA NA NA NA NA NA NA NA NA NA NA NA NA NA NA NA NA NA NA NA NA NA NA NA NA NA NA NA
48 0.7371658 2.08301 2.925209 -1.142137 3.00287 0.2546995 0.03926831 0.8531969 0.7951938 2.264206 0.6447504 1 -1.337565 1.159431 0.7607421 -1.967772 3.600316 1.808351 1.506573 2.268833 1.643179 3.409838 0.4987186 0.2034454 -3.029451 2.822731 -0.6271625 -2.926197 9.697213 6.578012 6.209596 2.312424 2.151768 7.239327 0.1674846 0.1604383 0.3266888 -0.009675836 0.7698463 0.04755574 NA NA NA NA NA NA NA NA NA NA NA NA NA NA NA NA NA NA NA NA NA NA NA NA NA NA NA NA NA NA NA NA NA NA NA NA NA NA NA NA
49 0.8565526 1.919429 2.169864 -1.026928 0.316352 0.09378339 0.457105 0.9263967 0.6968524 1.802184 0.2397594 1 -1.155983 1.061629 -0.3379631 -1.851289 2.508681 1.397328 1.795089 1.657369 0.7539666 2.188525 0.4277206 0.139279 -1.690893 3.055328 0.608041 -2.845275 1.079996 -0.7805977 0.6480012 3.306347 1.995392 5.535402 0.2041293 0.2074614 -0.9747031 0.08362836 0.2811072 0.009960447 NA NA NA NA NA NA NA NA NA NA NA NA NA NA NA NA NA NA NA NA NA NA NA NA NA NA NA NA NA NA NA NA NA NA NA NA NA NA NA NA
50 1.328307 1.890574 2.643221 -1.05156 4.14005 1.156918 1.185316 0.6889896 0.5806176 1.791789 0.3685208 0.09592546 0.5089236 0.9353259 -0.7570736 -1.87888 1.074832 -1.374171 4.752252 1.780227 0.5648953 2.818775 0.0001179197 0.1700872 -1.923532 3.070708 -0.0883294 -2.987964 0.380843 2.468831 17.44527 3.777747 1.650738 4.809913 0.1727105 0.2444668 1.640064 -0.09673984 0.4310213 -0.1252203 NA NA NA NA NA NA NA NA NA NA NA NA NA NA NA NA NA NA NA NA NA NA NA NA NA NA NA NA NA NA NA NA NA NA NA NA NA NA NA NA
51 0.2215436 1.957612 2.174892 -1.070148 1.734178 0.5890659 1.198588 1.023329 0.8670451 2.1073 0.7794367 0.9999815 -1.586157 1.091876 1.130762 -2.103557 1.89517 0.595492 1.023052 1.707386 1.251383 3.516937 0.3551616 0.2206959 -2.064842 3.103715 0.7346535 -3.04318 2.09664 1.694658 2.969617 3.06084 2.317091 5.607877 0.5011331 0.1612457 0.8385929 -0.2208348 0.4105249 -0.04032306 NA NA NA NA NA NA NA NA NA NA NA NA NA NA NA NA NA NA NA NA NA NA NA NA NA NA NA NA NA NA NA NA NA NA NA NA NA NA NA NA
52 1.032997 2.072302 1.628999 -0.9392795 3.094109 -0.8029125 0.3232438 1.352929 0.9554284 2.99585 0.9677756 1 -0.2277786 1.024256 0.1039602 -1.859351 8.047026 4.556307 8.66654 2.196961 2.156815 5.889491 0.396162 0.3235726 -0.1464801 2.785708 2.181178 -3.201949 0.9009987 -0.1950942 0.2955369 2.859547 2.711252 5.693388 0.2656676 0.2362712 0.5221655 -0.1118817 -0.8865035 0.410312 NA NA NA NA NA NA NA NA NA NA NA NA NA NA NA NA NA NA NA NA NA NA NA NA NA NA NA NA NA NA NA NA NA NA NA NA NA NA NA NA
53 -0.5706646 2.10023 3.397229 -1.223879 0.6424693 -0.5547111 1.158358 1.418406 1.261171 3.056706 0.9902638 0.9335347 -0.9575156 1.198482 0.8602303 -1.730649 3.488255 4.912545 9.065417 2.260551 2.391598 5.490659 0.2474323 0.3638364 -0.9516848 2.81412 0.9433325 -3.015036 2.466094 0.2905428 1.289075 2.568225 2.241732 6.774733 0.20428 0.2067547 -1.145902 0.09056001 -0.5250318 -0.02844894 NA NA NA NA NA NA NA NA NA NA NA NA NA NA NA NA NA NA NA NA NA NA NA NA NA NA NA NA NA NA NA NA NA NA NA NA NA NA NA NA
54 0.7229809 1.954835 2.566455 -1.023223 2.151607 0.2180145 1.515477 0.730746 0.4203425 1.61297 0.3745549 0.2434015 -1.830272 0.9971896 0.6395954 -2.082502 0.8143164 -0.111002 3.658336 1.380251 1.306998 4.007368 0.1555757 0.3951383 -1.963868 2.996265 0.5999132 -3.01198 0.7806717 0.6113327 2.187587 2.863375 1.716208 5.400709 0.2787964 0.2169843 -0.753772 0.1517984 -2.173203 0.3242263 NA NA NA NA NA NA NA NA NA NA NA NA NA NA NA NA NA NA NA NA NA NA NA NA NA NA NA NA NA NA NA NA NA NA NA NA NA NA NA NA
55 2.422086 1.927742 2.786279 -1.135452 0.1920161 -0.1546942 1.639172 0.7575686 0.3938672 1.991683 0.1264377 0.1537773 -1.314561 1.095898 -0.5476754 -1.91802 2.79858 -1.192035 2.388146 1.692181 1.589971 5.340895 0.6034367 0.2104253 -1.882965 3.028637 1.794506 -3.084603 1.077767 0.8101906 0.6571795 4.527405 2.930564 4.815775 0.3432279 0.2718204 -0.1193643 -0.06972232 -0.2375634 0.01077639 NA NA NA NA NA NA NA NA NA NA NA NA NA NA NA NA NA NA NA NA NA NA NA NA NA NA NA NA NA NA NA NA NA NA NA NA NA NA NA NA
56 1.370246 2.060179 0.5382424 -0.8738433 3.045159 2.107069 1.480321 1.511 0.8686536 3.135439 0.8231075 1 -0.9850963 1.01297 -0.0727029 -2.010337 0.3178326 -0.06618543 0.9373046 1.756437 1.015225 3.799334 0.1825998 0.1446917 -1.244486 3.016097 2.126677 -3.175903 2.140729 0.96186 2.396035 2.649702 1.602796 5.306184 0.4165632 0.168182 0.431964 -0.2420503 0.316364 -0.08071597 NA NA NA NA NA NA NA NA NA NA NA NA NA NA NA NA NA NA NA NA NA NA NA NA NA NA NA NA NA NA NA NA NA NA NA NA NA NA NA NA
57 1.387004 1.969096 2.515851 -1.149419 3.642825 1.041792 0.9461028 0.9398763 0.5813697 1.541623 0.7761626 0.9999983 -1.305847 1.157122 -1.262981 -1.625945 4.189306 0.8707255 2.485597 2.219665 1.676781 4.102058 0.3629459 0.3407317 -2.304096 3.104821 1.470869 -3.147955 1.778966 0.803662 0.4379919 2.79799 2.274077 6.818223 0.2035438 0.217543 -1.787956 0.2622638 0.5491085 -0.08761976 NA NA NA NA NA NA NA NA NA NA NA NA NA NA NA NA NA NA NA NA NA NA NA NA NA NA NA NA NA NA NA NA NA NA NA NA NA NA NA NA
58 0.9178101 1.969281 1.46771 -1.043767 1.514128 0.1014487 0.6029624 0.5485649 0.3408775 1.510283 0.3165308 0.3108987 -0.4793129 0.9546567 0.6059324 -2.261578 1.799146 0.4336765 1.585352 2.128112 1.432325 3.380823 0.7032524 0.9894084 -2.637649 3.134733 1.017006 -2.931623 0.8410039 0.004202018 2.105508 2.630645 1.51497 4.235511 0.3932084 0.3202184 -0.3300455 0.01421603 -1.607442 0.168974 NA NA NA NA NA NA NA NA NA NA NA NA NA NA NA NA NA NA NA NA NA NA NA NA NA NA NA NA NA NA NA NA NA NA NA NA NA NA NA NA
59 0.5894692 2.08416 2.701336 -1.05623 1.046201 0.669846 1.19045 0.7776729 0.58079 2.109159 0.0841488 0.1662823 -1.075134 1.039214 -0.6903255 -1.971286 3.402573 0.3115594 1.317283 2.020811 1.527582 3.6062 0.09819478 0.3241067 -1.436556 2.81967 3.548145 -3.330943 1.290899 -0.09330664 0.06291326 2.03022 1.163889 4.010717 0.5731012 0.1964918 1.351273 -0.166842 0.9590371 -0.09856689 NA NA NA NA NA NA NA NA NA NA NA NA NA NA NA NA NA NA NA NA NA NA NA NA NA NA NA NA NA NA NA NA NA NA NA NA NA NA NA NA
60 1.267738 2.058557 1.148019 -0.7694681 2.789814 0.6528198 1.19481 0.3654776 0.3767916 1.203044 0.2442291 0.1285903 -0.1920324 0.928165 0.26235 -1.990318 2.604534 1.685172 3.073951 1.699091 1.169184 3.518144 0.3790387 0.2178914 -1.567827 2.788114 0.9723265 -3.208255 1.381822 0.04712011 0.5007238 3.65421 2.592985 6.931683 0.1861 0.1818704 -0.1403341 -0.04471509 0.8127807 -0.2333355 NA NA NA NA NA NA NA NA NA NA NA NA NA NA NA NA NA NA NA NA NA NA NA NA NA NA NA NA NA NA NA NA NA NA NA NA NA NA NA NA
61 1.439711 1.99615 1.476968 -0.9394884 1.969327 -0.6044139 1.917183 1.037535 0.6406868 1.782857 0.2629795 0.1784567 -2.185809 1.074535 -0.9491723 -1.851355 0.3480785 -0.1338412 0.7230129 1.727572 1.074473 3.487255 0.3629033 0.1392744 -2.999939 2.978041 1.018642 -3.123694 0.1797692 -0.6276928 3.185625 2.464806 1.31532 3.684263 0.1870731 1 0.1869714 -0.003598599 1.181793 -0.1522904 NA NA NA NA NA NA NA NA NA NA NA NA NA NA NA NA NA NA NA NA NA NA NA NA NA NA NA NA NA NA NA NA NA NA NA NA NA NA NA NA
62 0.8132162 2.056053 2.349535 -1.285864 0.6776072 0.7919591 0.9355886 0.6069092 0.2768871 1.252023 0.4067714 1 -0.3282498 1.036474 1.187973 -1.970026 1.76301 1.096807 5.356986 1.84565 1.154723 3.890449 0.4686951 0.2387348 -2.365325 2.997444 1.273751 -3.123768 1.014469 0.4214427 0.5104864 3.069988 1.74198 4.766237 0.2900162 0.1787738 -0.8339883 -0.2021662 0.3196887 -0.09656632 NA NA NA NA NA NA NA NA NA NA NA NA NA NA NA NA NA NA NA NA NA NA NA NA NA NA NA NA NA NA NA NA NA NA NA NA NA NA NA NA
63 2.313235 2.12197 2.245371 -0.9588758 0.3090152 0.3124125 0.3167869 0.1948077 0.1104452 0.3423853 0.7973101 0.1564935 -0.6261176 1.475907 1.855268 -1.606857 5.168396 5.879651 9.653465 2.383543 1.800248 3.846532 0.3320798 0.2125957 -2.099542 2.988142 2.286215 -3.178462 0.7602422 -1.127091 2.047941 2.272785 2.358618 7.226614 0.4362587 0.2228713 0.3799671 -0.2288902 1.281681 -0.1516747 NA NA NA NA NA NA NA NA NA NA NA NA NA NA NA NA NA NA NA NA NA NA NA NA NA NA NA NA NA NA NA NA NA NA NA NA NA NA NA NA
64 0.4317436 1.987034 2.619402 -0.9546104 0.8644693 -0.07356266 0.6860551 1.012932 0.7058221 1.632493 0.4584793 1 -0.6453773 1.064488 0.7700852 -2.052305 0.6355289 0.08676089 1.612994 2.195828 1.424807 4.111708 0.2507544 0.190484 -0.9587125 2.933845 1.516066 -2.930114 0.2862095 0.9475521 4.607939 2.679206 2.151227 6.114015 0.3299329 1 -0.04432879 -0.1642643 0.4198436 0.03753217 NA NA NA NA NA NA NA NA NA NA NA NA NA NA NA NA NA NA NA NA NA NA NA NA NA NA NA NA NA NA NA NA NA NA NA NA NA NA NA NA
65 1.108482 1.955069 2.85121 -1.056564 2.406081 -0.07342238 0.6642618 0.7782459 0.6183381 2.033984 0.4035028 0.1936841 -1.022918 1.025195 -0.8734287 -1.99949 2.24587 1.265614 4.174038 0.7490299 0.8020671 2.819031 0.4027617 0.1034485 -2.303713 3.016916 1.938193 -3.155121 1.397194 -0.01595382 2.932401 2.372968 2.153794 5.298607 0.4048635 0.229843 -0.9990811 0.09745109 0.06677335 -0.2906374 NA NA NA NA NA NA NA NA NA NA NA NA NA NA NA NA NA NA NA NA NA NA NA NA NA NA NA NA NA NA NA NA NA NA NA NA NA NA NA NA
66 1.096347 1.937727 1.586051 -0.9736379 1.519428 -0.2673767 1.99974 0.6970619 0.6240066 2.413463 0.5175853 0.9999969 -1.467717 1.227303 -1.65558 -1.694095 4.916283 1.489813 1.159311 2.882817 2.585841 4.598889 0.2623882 0.325437 -2.780806 3.114921 1.266401 -3.091019 0.8689361 -0.8764676 2.542868 3.721506 2.960772 7.705725 0.4445053 0.2634945 -1.14386 0.1309945 0.3329637 -0.2848583 NA NA NA NA NA NA NA NA NA NA NA NA NA NA NA NA NA NA NA NA NA NA NA NA NA NA NA NA NA NA NA NA NA NA NA NA NA NA NA NA
67 1.106012 2.072933 1.058308 -1.115379 1.907669 0.7922078 0.8869389 0.6971811 1.131707 3.045554 0.9404785 1 -0.5689851 1.030705 0.8007999 -1.787759 1.495404 0.1308211 0.4963343 1.419681 1.137552 2.945336 0.6252592 0.2026567 -1.310009 2.990363 0.7294338 -3.027828 1.669642 0.1680007 1.125882 3.373345 1.397509 5.025051 0.1458556 0.1823766 -1.440857 -0.02049551 -0.3583863 0.05300006 NA NA NA NA NA NA NA NA NA NA NA NA NA NA NA NA NA NA NA NA NA NA NA NA NA NA NA NA NA NA NA NA NA NA NA NA NA NA NA NA
68 0.7496444 1.966597 2.064521 -0.9969882 2.819119 0.6681321 1.666874 0.7181765 0.5514138 2.167602 0.8232332 0.9991987 -1.74866 1.160705 0.02375315 -1.867315 2.279285 0.9740827 2.338541 2.12926 1.77204 5.217269 0.4027847 0.2527286 -0.9362742 3.334359 -0.3546816 -2.598954 0.428292 -0.3543 0.5604934 3.020995 2.013711 5.019662 0.3361484 0.2023755 1.09782 -0.1482997 1.912772 -0.1759286 NA NA NA NA NA NA NA NA NA NA NA NA NA NA NA NA NA NA NA NA NA NA NA NA NA NA NA NA NA NA NA NA NA NA NA NA NA NA NA NA
69 -1.064008 2.135231 1.311459 -0.8959368 1.115286 0.5383499 1.767319 0.9885871 0.673783 2.504534 0.5099763 0.2501871 -2.209844 1.086126 -0.4486607 -2.023405 3.082858 -0.7463738 0.905466 2.56512 1.86743 4.134116 0.2653013 0.2767011 -1.501727 3.066072 1.559437 -2.989485 0.6691155 -0.3137756 2.360907 2.28195 1.038053 3.999454 0.3961015 0.1339998 -0.6031582 0.07060814 0.01834712 0.03356058 NA NA NA NA NA NA NA NA NA NA NA NA NA NA NA NA NA NA NA NA NA NA NA NA NA NA NA NA NA NA NA NA NA NA NA NA NA NA NA NA
70 -0.4630746 2.084277 2.163284 -0.9610338 1.354798 0.6330733 0.4178487 0.7812522 0.5672161 2.361614 0.2814839 0.4793313 -0.6110579 1.121727 1.232072 -1.930445 2.34774 2.336796 3.018207 2.155006 1.917288 4.34304 0.3800824 0.2324356 -1.841137 2.876154 2.32448 -3.175165 2.37853 0.7649443 0.9968449 3.309327 2.206253 5.765102 0.1619629 0.3333309 -0.2661438 -0.140216 -1.470259 0.1194862 NA NA NA NA NA NA NA NA NA NA NA NA NA NA NA NA NA NA NA NA NA NA NA NA NA NA NA NA NA NA NA NA NA NA NA NA NA NA NA NA
71 1.660039 2.003793 2.070706 -0.9865783 0.4597816 0.1349327 0.7694175 0.9753896 0.9394021 1.901846 0.468118 0.1092201 -2.076467 1.046591 -0.54575 -2.025092 1.43655 -0.03806723 2.592658 2.230785 1.305061 2.736163 0.2965361 0.175029 -1.675785 2.811991 2.186087 -3.025595 0.5742002 -0.5075239 0.485136 2.586121 0.9696267 3.781485 0.2037666 0.1649593 1.502284 -0.2784466 0.7307598 0.08487264 NA NA NA NA NA NA NA NA NA NA NA NA NA NA NA NA NA NA NA NA NA NA NA NA NA NA NA NA NA NA NA NA NA NA NA NA NA NA NA NA
72 1.410917 1.962661 1.707816 -0.9215337 3.11857 -0.2560636 1.53648 0.7411334 0.6139238 2.044886 0.1831587 0.1953241 -0.9297879 1.029147 0.6325639 -2.03449 2.917982 0.7018297 0.5207692 1.298692 1.112586 3.312857 0.14537 0.09300342 -1.424628 2.92213 2.332068 -3.260753 6.653372 0.9080637 5.439885 2.981053 1.8036 8.809701 0.4751525 0.260912 0.4886141 -0.07865018 0.4450694 -0.1276714 NA NA NA NA NA NA NA NA NA NA NA NA NA NA NA NA NA NA NA NA NA NA NA NA NA NA NA NA NA NA NA NA NA NA NA NA NA NA NA NA
73 1.015533 1.996902 2.464528 -0.9711015 1.674114 0.8942705 1.409496 0.8961725 0.3499284 1.321609 0.09194142 0.1637711 -1.322766 1.188576 0.4931233 -1.948784 0.3178257 -0.1530749 0.2435511 1.616618 0.9433048 3.878776 0.1681645 1 -1.027406 2.902146 2.685521 -3.217403 1.499843 -0.6263377 1.922147 2.777839 2.156565 5.792448 0.1867881 0.3842152 0.01913269 -0.03560659 -0.9350119 0.0285201 NA NA NA NA NA NA NA NA NA NA NA NA NA NA NA NA NA NA NA NA NA NA NA NA NA NA NA NA NA NA NA NA NA NA NA NA NA NA NA NA
74 -0.4780958 2.856187 -4.772737 0.03313895 0.008565875 0.001246841 0.003293428 6.77089 0.9728589 2.540066 0.9813139 1 0.1762486 1.374295 -0.08910038 -1.519202 5.38688 2.73261 5.872617 2.084447 1.705157 4.015298 0.3629623 0.1680255 -1.834617 3.023727 1.98126 -3.074787 1.214173 0.6113494 2.481505 3.538864 2.523626 5.602886 0.07911518 0.2270475 -7.810123 0.6659193 0.23309 -0.004298775 NA NA NA NA NA NA NA NA NA NA NA NA NA NA NA NA NA NA NA NA NA NA NA NA NA NA NA NA NA NA NA NA NA NA NA NA NA NA NA NA
75 0.8171298 2.02782 2.373529 -1.044175 1.844168 0.4641485 0.8843074 0.7503908 0.6573216 2.077061 0.3182384 1 -0.7053364 0.9348329 0.4335893 -2.072682 0.214737 0.3279343 0.8002083 2.033942 1.025423 3.706942 0.3353529 0.2189692 -2.585785 3.125228 2.199598 -3.144143 2.421811 1.093523 0.7465608 3.285279 2.843254 8.830696 0.3137402 0.2499624 -1.100012 0.2376432 -0.4916485 -0.1048815 NA NA NA NA NA NA NA NA NA NA NA NA NA NA NA NA NA NA NA NA NA NA NA NA NA NA NA NA NA NA NA NA NA NA NA NA NA NA NA NA
76 1.101076 2.104425 2.353666 -0.8338242 3.808465 0.04214862 1.391724 0.9849108 0.5209267 1.322466 0.6235149 0.163745 -1.564595 1.024107 -1.17258 -1.885192 1.768942 -0.2248565 0.5911543 1.637662 1.284084 2.962403 0.422218 0.1234425 -2.933962 3.175201 1.632234 -3.024452 0.6123981 0.8423592 1.313434 2.313314 1.855245 4.962763 0.1000532 0.08124828 -0.5687515 0.06492304 0.2686754 -0.01691415 NA NA NA NA NA NA NA NA NA NA NA NA NA NA NA NA NA NA NA NA NA NA NA NA NA NA NA NA NA NA NA NA NA NA NA NA NA NA NA NA
77 1.604496 1.874772 2.859789 -1.119055 2.462262 0.1191526 1.321071 0.7419103 0.8830211 3.363953 0.9300247 0.97616 -0.5912512 0.9009302 0.5527114 -2.190603 0.581834 0.8046291 1.156438 1.927276 1.509461 3.781228 0.1527253 0.2444644 -1.939719 2.91344 2.353983 -3.082102 0.9291564 0.6065934 3.137291 3.19612 2.003595 5.510228 0.3593406 0.1729868 -0.9864432 0.1039709 -0.7143495 0.004607036 NA NA NA NA NA NA NA NA NA NA NA NA NA NA NA NA NA NA NA NA NA NA NA NA NA NA NA NA NA NA NA NA NA NA NA NA NA NA NA NA
78 0.4855899 2.243025 0.8860533 -0.8512326 3.044634 -0.08543475 0.6618812 1.016781 0.309565 0.8284063 0.3986889 1 -0.9928071 1.000199 0.9719605 -2.073271 1.843222 0.8754267 3.811048 1.658549 1.463316 3.2819 0.4622298 0.15148 -0.1790522 2.749992 1.128479 -3.010716 0.8904677 -0.5064734 0.6904232 3.022437 2.91584 5.69344 0.3716757 0.2227 0.6538639 -0.4427853 -0.3383044 0.09485047 NA NA NA NA NA NA NA NA NA NA NA NA NA NA NA NA NA NA NA NA NA NA NA NA NA NA NA NA NA NA NA NA NA NA NA NA NA NA NA NA
79 1.43192 2.002973 2.786915 -1.066035 0.801819 -0.8101867 0.849392 0.7488736 0.4059927 1.19429 0.6204441 1 -1.119406 1.140923 -0.4928787 -1.897952 2.221285 0.3751945 1.758837 1.693594 0.8573733 3.869966 0.4593471 0.2297218 -2.443418 3.15987 -0.8524899 -2.681379 0.5468531 0.234682 2.947124 2.438329 1.123034 5.320852 0.1007883 0.1660079 -0.08715337 -0.07945202 0.1263697 0.03403341 NA NA NA NA NA NA NA NA NA NA NA NA NA NA NA NA NA NA NA NA NA NA NA NA NA NA NA NA NA NA NA NA NA NA NA NA NA NA NA NA
80 -0.005772724 2.031779 1.79852 -0.9648966 0.9708701 -0.1875941 1.317895 1.035284 0.9915531 2.124604 0.9986406 0.9339031 -1.280756 1.047698 -0.0211582 -1.990497 0.8212034 0.8805081 2.844745 1.976922 1.972307 4.338463 0.4725187 0.1459944 -2.2341 3.179342 1.018207 -2.939742 0.5816257 0.3550006 0.9012482 4.273628 2.588911 6.247852 0.3949266 0.1504237 -0.1969192 -0.02985368 0.7781546 -0.1139781 NA NA NA NA NA NA NA NA NA NA NA NA NA NA NA NA NA NA NA NA NA NA NA NA NA NA NA NA NA NA NA NA NA NA NA NA NA NA NA NA
81 -0.6204039 2.088618 0.7195452 -1.029485 0.2147921 0.1073526 0.3145736 0.9605867 0.8133074 1.864881 0.9704487 1 -0.6058866 1.029518 1.171621 -2.099803 3.996099 1.636629 3.359304 2.287112 0.9557911 3.65791 0.407178 0.2791731 -2.254877 2.900305 1.390437 -3.102819 4.531715 -0.8253616 0.3055022 2.184253 0.7943146 4.146338 0.1544934 0.1714686 -0.3522952 -0.1939225 -0.4797151 0.08915712 NA NA NA NA NA NA NA NA NA NA NA NA NA NA NA NA NA NA NA NA NA NA NA NA NA NA NA NA NA NA NA NA NA NA NA NA NA NA NA NA
82 1.724403 2.088437 1.909335 -0.9653034 2.889779 -0.9455391 1.209106 1.273676 0.8183026 2.045424 0.2381189 0.284443 -0.4938835 0.9401498 0.1305172 -2.14509 0.5337895 -0.08542643 0.2109344 1.145342 0.9504884 2.649877 0.299921 0.3173496 -2.236442 2.945997 -0.1316974 -2.778364 1.637106 -0.01766635 1.76478 2.918236 1.307047 5.232059 0.2004058 0.1586534 0.3015218 -0.007911832 -0.5754562 0.04171337 NA NA NA NA NA NA NA NA NA NA NA NA NA NA NA NA NA NA NA NA NA NA NA NA NA NA NA NA NA NA NA NA NA NA NA NA NA NA NA NA
83 0.3407901 2.095638 2.616848 -1.013964 0.855725 -0.2370906 0.5756145 0.8764833 0.4820648 1.354204 0.08767468 1 -1.485796 1.18188 -0.5600333 -1.86591 2.346511 1.69204 4.346477 1.017998 0.2726269 3.115872 0.3753234 0.1589937 -2.097033 3.069211 0.9985566 -2.872513 2.190861 0.5709348 1.677993 2.843872 2.076997 4.79815 0.4142171 0.2036847 -0.06227609 -0.1811159 -0.8149816 0.01971346 NA NA NA NA NA NA NA NA NA NA NA NA NA NA NA NA NA NA NA NA NA NA NA NA NA NA NA NA NA NA NA NA NA NA NA NA NA NA NA NA
84 0.3911783 2.066057 1.677568 -0.9186283 2.970562 0.776517 1.427502 1.114194 0.7142401 1.628444 0.7454864 0.9999211 -1.099575 1.142775 0.09507961 -1.995741 1.502397 0.2141775 2.167032 2.267835 1.410921 3.714071 0.2346762 0.2161768 -3.312909 3.205503 0.2486798 -2.840874 4.833604 0.1259561 1.227351 2.995537 2.480716 5.580895 0.4537614 0.2149798 -0.6617113 0.1021346 0.765492 -0.101359 NA NA NA NA NA NA NA NA NA NA NA NA NA NA NA NA NA NA NA NA NA NA NA NA NA NA NA NA NA NA NA NA NA NA NA NA NA NA NA NA
85 1.74964 2.088897 0.4026862 -0.9096872 0.9232872 0.5969369 1.951217 0.9013277 0.5943357 1.556876 0.2992728 0.1171961 -0.2872027 0.8632158 -1.272895 -1.911464 0.05135759 -0.1542513 0.9951025 2.435897 2.15569 4.677275 0.2024154 0.116621 -2.654443 3.063491 0.3998118 -2.898356 0.940255 -0.04363868 0.6955576 2.791093 1.832844 5.442918 0.2794972 0.1587088 -0.2782967 -0.02871469 -0.7407853 -0.08643013 NA NA NA NA NA NA NA NA NA NA NA NA NA NA NA NA NA NA NA NA NA NA NA NA NA NA NA NA NA NA NA NA NA NA NA NA NA NA NA NA
86 0.7115573 2.043252 1.693787 -0.8685008 0.9606847 0.3255996 1.291196 1.202937 0.8105197 2.518905 0.1284409 0.1873971 -0.6619871 0.9738438 0.006338267 -1.883899 0.5010967 -1.203114 2.965922 1.793417 0.5781852 2.25729 0.1418016 0.1828649 -1.465785 3.021036 2.801311 -3.325354 3.277984 -1.176976 4.963696 1.96464 1.552739 5.673604 0.4317712 0.2053478 1.244273 -0.1123435 0.6071185 -0.1767773 NA NA NA NA NA NA NA NA NA NA NA NA NA NA NA NA NA NA NA NA NA NA NA NA NA NA NA NA NA NA NA NA NA NA NA NA NA NA NA NA
87 1.339473 1.98064 2.599615 -1.033293 1.296105 -0.3017137 0.5368817 0.8229656 0.652219 1.67431 0.4545027 0.1393549 -0.5108378 0.9042501 0.000110293 -1.91181 1.729157 -1.26409 1.86333 2.152176 1.909497 4.293979 0.2003303 0.1352995 -1.429569 2.886575 1.757959 -3.223456 1.282819 0.3274709 2.691441 3.200089 1.852155 3.76376 0.2234414 0.1580812 0.7775303 -0.09643914 0.8112124 -0.1201141 NA NA NA NA NA NA NA NA NA NA NA NA NA NA NA NA NA NA NA NA NA NA NA NA NA NA NA NA NA NA NA NA NA NA NA NA NA NA NA NA
88 1.86511 1.999501 2.943278 -1.092177 1.29221 -0.2491693 0.6027623 1.110929 0.8778559 2.262564 0.1440589 0.2116567 0.04853112 0.9246597 0.1087384 -1.975293 0.8843081 -0.8525327 1.95498 1.721471 0.6640432 2.274477 0.2016155 0.0709602 -2.18264 3.04568 1.259506 -3.029349 1.79131 -0.5097871 0.1820187 2.780161 1.317012 4.637038 0.1532343 0.1854104 -0.9963849 0.07454104 -0.3034824 0.009510846 NA NA NA NA NA NA NA NA NA NA NA NA NA NA NA NA NA NA NA NA NA NA NA NA NA NA NA NA NA NA NA NA NA NA NA NA NA NA NA NA
89 1.181345 2.011869 3.115025 -1.037087 0.8808997 -0.121702 0.5600512 0.8356699 0.6315051 1.776486 0.5772255 1 -1.258417 1.150829 1.34711 -2.171638 0.9921955 0.9725739 1.690989 2.30749 1.562579 3.83932 0.2502707 0.2312778 -3.054784 3.160475 -0.7896592 -2.803586 1.076954 0.3206715 2.818638 1.45572 0.8299859 3.563158 0.1430739 0.1230866 0.8959763 -0.1359167 0.5398008 0.01667891 NA NA NA NA NA NA NA NA NA NA NA NA NA NA NA NA NA NA NA NA NA NA NA NA NA NA NA NA NA NA NA NA NA NA NA NA NA NA NA NA
90 1.548384 1.979996 1.855089 -0.8958632 0.6076859 -0.410394 3.27861 0.9038233 0.5291635 1.881279 0.2473926 0.3223894 -0.5463765 1.084147 1.092405 -1.941477 4.889674 2.415446 2.540569 2.006092 1.684311 4.489061 0.4653816 0.2242391 -2.404494 2.918373 1.979952 -3.185043 1.652606 0.3538316 1.665786 3.270989 2.32811 5.704654 0.2768953 0.1595588 -0.3185016 -0.0005246777 0.4058678 -0.1127949 NA NA NA NA NA NA NA NA NA NA NA NA NA NA NA NA NA NA NA NA NA NA NA NA NA NA NA NA NA NA NA NA NA NA NA NA NA NA NA NA
91 0.469354 2.102762 0.01177035 -0.7869761 3.511293 -1.129529 1.123827 1.41593 1.27968 4.04258 0.202594 0.2546557 -0.9958908 1.086306 -1.369988 -1.536091 1.51274 1.321772 1.532633 1.238155 0.8536405 2.217697 0.5138214 0.1231003 -2.087758 2.982981 1.905868 -3.030635 0.7541402 0.4138232 1.061014 2.944202 2.437833 5.737722 0.3363325 0.1953957 -0.6904792 0.03410122 -0.8144687 -0.01697716 NA NA NA NA NA NA NA NA NA NA NA NA NA NA NA NA NA NA NA NA NA NA NA NA NA NA NA NA NA NA NA NA NA NA NA NA NA NA NA NA
92 1.009503 2.113953 1.852211 -0.9605675 4.21215 0.4378292 2.403854 0.9340297 0.4631399 1.614375 0.2838917 0.2333135 -1.230834 1.141294 0.863475 -1.973606 0.7555647 -0.5352228 2.30367 1.751518 1.627824 4.711276 0.2014962 0.1381328 -1.885124 2.96971 -0.8686825 -2.952257 2.49712 0.1029174 0.231397 2.746967 2.49474 5.474524 0.1107619 0.1207452 0.1107366 0.02475596 -0.452564 0.1296729 NA NA NA NA NA NA NA NA NA NA NA NA NA NA NA NA NA NA NA NA NA NA NA NA NA NA NA NA NA NA NA NA NA NA NA NA NA NA NA NA
93 1.114732 1.949197 1.219263 -0.9294334 1.841735 -0.5828941 0.5084536 1.206583 1.012356 2.135796 0.9982827 1 -0.9366234 1.135178 0.6291083 -1.98679 2.787004 4.282766 9.549368 1.502447 0.7619282 2.947163 0.3336852 0.1470003 -2.210121 3.264646 0.9792687 -3.014983 3.057877 1.451788 2.06482 2.432148 1.646264 6.058231 0.9226844 0.9988775 -0.5295591 0.0744902 -0.08870649 0.06598616 NA NA NA NA NA NA NA NA NA NA NA NA NA NA NA NA NA NA NA NA NA NA NA NA NA NA NA NA NA NA NA NA NA NA NA NA NA NA NA NA
94 3.094907 1.938797 1.551161 -0.9678407 1.963276 0.2081676 0.7051388 1.01462 0.5480989 1.49864 0.5947758 1 0.3319858 1.01644 2.42811 -2.090382 6.806452 2.282435 9.019636 2.873482 2.258623 5.64203 0.1421478 0.1462057 -2.067373 3.109345 0.2378043 -2.857622 1.017511 -0.5778965 1.212889 2.558478 1.26603 6.440608 0.1968038 0.1245093 -1.76269 0.2005116 -0.03544619 0.03778175 NA NA NA NA NA NA NA NA NA NA NA NA NA NA NA NA NA NA NA NA NA NA NA NA NA NA NA NA NA NA NA NA NA NA NA NA NA NA NA NA
95 0.9139194 2.034788 1.906791 -0.9329758 1.696841 -0.96455 0.8705161 1.122816 0.831929 2.133061 0.1658054 0.179849 -0.648635 0.9275545 1.578042 -2.354696 0.6173882 -0.1179571 0.4904181 1.805804 1.4199 4.47296 0.6122779 0.1969034 -1.589016 2.920417 1.254374 -3.026523 2.44356 -0.07233411 3.609009 2.716554 1.077193 3.45746 0.1253515 0.1515938 -0.0329551 0.1013988 -0.3563339 0.1291032 NA NA NA NA NA NA NA NA NA NA NA NA NA NA NA NA NA NA NA NA NA NA NA NA NA NA NA NA NA NA NA NA NA NA NA NA NA NA NA NA
96 0.3564271 2.595073 1.093593 -2.994893 0.04691562 0.07723497 0.1702871 3.098571 1.342001 4.85852 0.6531751 0.1469384 -0.6203935 1.56415 0.09711428 -1.321005 12.32761 9.46012 7.762952 2.081258 1.643962 3.452938 0.2263612 0.2164165 -3.215176 2.948365 0.4594649 -2.940838 0.8016621 -0.3263482 1.640424 2.072772 1.65607 5.139648 0.8514824 1 -1.391708 0.2122515 -0.07971906 0.1160526 NA NA NA NA NA NA NA NA NA NA NA NA NA NA NA NA NA NA NA NA NA NA NA NA NA NA NA NA NA NA NA NA NA NA NA NA NA NA NA NA
97 0.2725821 2.053059 0.696261 -0.8075592 1.165034 -0.3330478 1.388232 1.049386 0.811462 1.647213 0.4351338 0.2217303 0.2944058 0.9150444 1.565497 -2.172307 3.209923 -0.3117234 0.07121667 2.197686 1.620853 4.374768 0.4494804 0.2996619 -2.039904 2.868271 1.607559 -3.104278 1.442754 -0.992661 0.8751852 2.76208 2.100042 5.417506 0.3860212 0.1849633 -0.08087428 -0.08657109 0.2816634 -0.2062852 NA NA NA NA NA NA NA NA NA NA NA NA NA NA NA NA NA NA NA NA NA NA NA NA NA NA NA NA NA NA NA NA NA NA NA NA NA NA NA NA
98 1.677536 2.088713 2.56733 -0.8521169 1.809282 -0.4795586 0.611883 0.7922367 0.6658871 2.150091 0.1286614 0.1385917 -0.7720341 1.195791 0.5327011 -1.907095 6.55195 3.636524 3.99853 2.670054 1.779939 3.49363 0.1469762 0.2753907 -0.5847571 2.945958 2.223704 -3.354249 2.833515 1.116567 1.766164 4.670732 2.890544 3.789239 0.3808215 0.2430701 -0.5154102 0.09612443 1.238472 -0.1700103 NA NA NA NA NA NA NA NA NA NA NA NA NA NA NA NA NA NA NA NA NA NA NA NA NA NA NA NA NA NA NA NA NA NA NA NA NA NA NA NA
99 1.32844 2.663015 -4.466178 -0.07519236 0.009465558 0.0074249 0.01559459 2.458394 1.845769 3.650229 0.9975334 1 -0.4095549 1.437535 0.7304121 -1.628448 8.079158 5.453755 10.69953 2.920294 2.239259 4.519999 0.1940472 0.194498 -2.519799 2.912577 0.9106131 -3.074785 2.836278 0.5269464 2.47523 2.085464 1.483713 5.203921 0.8414311 0.9998263 -1.363773 -0.1673646 1.271532 -0.06688391 NA NA NA NA NA NA NA NA NA NA NA NA NA NA NA NA NA NA NA NA NA NA NA NA NA NA NA NA NA NA NA NA NA NA NA NA NA NA NA NA
100 1.037129 2.045508 1.896495 -0.8843275 2.438356 0.04977472 2.58298 0.9149976 0.5538103 1.373188 0.1674376 0.1267202 -0.910428 0.9225589 -1.142221 -1.845014 1.339642 0.5843498 2.039257 2.065162 1.243403 4.149879 0.3594144 0.3247409 -1.131096 2.852682 2.131372 -3.110279 1.445558 -0.8890904 1.058766 3.156518 3.257442 6.679154 0.5275717 0.2214329 0.3729178 0.00749482 0.008115156 0.04536768 NA NA NA NA NA NA NA NA NA NA NA NA NA NA NA NA NA NA NA NA NA NA NA NA NA NA NA NA NA NA NA NA NA NA NA NA NA NA NA NA
