"AIC" 1 1995.55457523647 1951.39678648821 1946.39291921625 1991.67978250109 1947.52018840664 1942.52447664194
"BIC" 1 2043.19528621298 2003.24108960971 2002.44081448274 2036.51809871428 1996.56209676482 1995.7699771451
"ICL" 1 2043.19530479371 2003.66294015991 2003.58899234785 2036.51811849543 1996.98837795484 1996.93780435387
"AWE" 1 2260.83601577022 2240.50724328141 2259.63688761433 2241.35643470862 2221.03028631302 2240.18330485703
"AIC" 2 2041.99796218794 1996.89225199542 2021.81761646747 2040.47743651218 2027.97585456746 2021.20109760666
"BIC" 2 2089.63867316445 2048.73655511692 2077.86551173396 2085.31575272537 2077.01776292564 2074.44659810982
"ICL" 2 2089.7201522544 2050.04594580886 2078.22742039575 2085.40364733561 2077.14921894479 2074.57735483312
"AWE" 2 2307.36086323091 2286.89024893036 2334.27531566224 2290.2419635488 2301.19112730297 2317.82285533628
"AIC" 3 2126.83777345261 2124.44148824016 2096.82711028552 2122.42582358619 2096.26667804822 2098.01783586794
"BIC" 3 2174.47848442912 2176.28579136166 2152.875005552 2167.26413979938 2145.3085864064 2151.2633363711
"ICL" 3 2174.58834256079 2177.07838255356 2153.10996136581 2167.39894083897 2145.98811552851 2151.62026112891
"AWE" 3 2392.2290535373 2413.92268567506 2409.1578566323 2372.23725705216 2370.03002388669 2394.86576163207
"AIC" 4 2176.79994580625 2143.58038493449 2129.22188385236 2182.97776393037 2142.50302215118 2166.40812756524
"BIC" 4 2224.44065678277 2195.42468805599 2185.26977911885 2227.81608014356 2191.54493050936 2219.65362806841
"ICL" 4 2224.60994793817 2196.07330754893 2186.01546865039 2228.00912789312 2192.3412293372 2220.05720693987
"AWE" 4 2442.25065891468 2432.91761067043 2442.06336391688 2432.84744410631 2416.38313769538 2463.30270744304
"AIC" 5 2054.7194928976 2005.58102355661 2006.2533047686 2097.35891534949 2053.03410239318 2005.65377082823
"BIC" 5 2102.36020387412 2057.42532667811 2062.30120003508 2142.19723156268 2102.07601075136 2058.8992713314
"ICL" 5 2102.36119602978 2057.5554353041 2062.36861023241 2142.20614210487 2102.2179406621 2058.97062366645
"AWE" 5 2320.0019070063 2294.3997384256 2318.4165054989 2347.04445831806 2326.25984902028 2302.21612416961
"AIC" 6 2004.15092358337 1921.71992668983 1909.31912262742 1982.03293100771 1918.94388331932 1906.52823542271
"BIC" 6 2051.79163455988 1973.56422981133 1965.36701789391 2026.8712472209 1967.98579167749 1959.77373592588
"ICL" 6 2051.8138986341 1974.22233709151 1965.46349360521 2026.99544522857 1968.5732537236 1959.85972930903
"AWE" 6 2269.45460961061 2211.06664021301 2221.5113888717 2231.83376144176 2192.61516208177 2203.10522981219
"AIC" 7 2098.00478722882 2029.51713035693 1999.25496820766 2024.28197033846 1988.90045839681 1981.8411752937
"BIC" 7 2145.64549820534 2081.36143347843 2055.30286347415 2069.12028655165 2037.94236675499 2035.08667579686
"ICL" 7 2145.64593343172 2082.04779311809 2055.66676950235 2069.49038247025 2039.85282381051 2036.59806671405
"AWE" 7 2363.28664440824 2318.89209623959 2311.71466476883 2274.32869868344 2263.89473216869 2279.84356721721
"AIC" 8 1993.16292056852 1938.95953264312 1948.00994869544 1990.26187789173 1934.00510626929 1947.43658220692
"BIC" 8 2040.80363154503 1990.80383576462 2004.05784396193 2035.10019410492 1983.04701462747 2000.68208271009
"ICL" 8 2041.5226528169 1990.8769692385 2004.1657278104 2035.10036803685 1983.69912392989 2000.75903494809
"AWE" 8 2259.16336379341 2227.72127236 2260.21362307688 2239.93868425004 2207.74103228807 2244.00453545125
"AIC" 9 2055.86126936256 2013.70076719995 2008.18052088216 2105.40700938449 2093.32752237628 2005.08018073607
"BIC" 9 2103.50198033907 2065.54507032145 2064.22841614864 2150.24532559768 2142.36943073445 2058.32568123923
"ICL" 9 2103.63194532212 2065.82312389851 2064.92492667781 2150.2459648404 2142.37216364716 2059.36173747852
"AWE" 9 2321.27265629864 2302.66742702001 2320.97282194429 2355.08428105359 2366.41407200534 2302.60723798168
"AIC" 10 1998.58283906461 1962.05450965645 1975.37016269601 2012.57336790562 1959.22106045368 1972.13214759871
"BIC" 10 2046.22355004112 2013.89881277795 2031.4180579625 2057.41168411881 2008.26296881186 2025.37764810187
"ICL" 10 2046.31093755575 2014.43530597308 2031.57962585074 2059.11907612356 2009.07735376833 2025.58921666073
"AWE" 10 2263.95164853226 2251.27960909458 2287.62752111722 2263.95739233675 2233.11926212651 2268.83471716389
"AIC" 11 1919.73425801094 1858.97127130652 1863.57742677455 1879.06700123858 1856.47612662411 1861.08300812282
"BIC" 11 1967.37496898745 1910.81557442802 1919.62532204104 1923.90531745177 1905.51803498228 1914.32850862598
"ICL" 11 1967.44505250854 1910.81558244394 1919.62534992743 1923.90531781419 1905.51804609751 1914.32855066637
"AWE" 11 2185.08576348505 2147.65988556544 2175.67324519392 2128.74363402738 2129.55995445568 2157.57405116953
"AIC" 12 1955.54875430665 1896.17372675034 1913.05443126278 2017.09261850749 1976.22093053869 1890.26896628376
"BIC" 12 2003.18946528316 1948.01802987183 1969.10232652927 2061.93093472068 2025.26283889686 1943.51446678692
"ICL" 12 2003.22212039247 1948.26477466678 1969.39450456198 2061.95140475794 2025.39483402097 1943.80960000198
"AWE" 12 2220.86283136899 2185.10907778828 2225.44239982846 2266.78972097113 2249.43674237914 2187.05510050515
"AIC" 13 1877.66635098629 1861.937484082 1860.08530465925 1875.72989750643 1861.50624906948 1859.68286224779
"BIC" 13 1925.30706196281 1913.7817872035 1916.13319992573 1920.56821371962 1910.54815742766 1912.92836275095
"ICL" 13 1925.31332704404 1914.0252931462 1916.29845392127 1920.57171436078 1910.991626613 1913.20046575245
"AWE" 13 2142.95403802055 2150.8695962677 2172.34634918776 2125.41003057396 2135.03353497117 2156.44596625562
"AIC" 14 1949.47666059539 1882.64624380224 1870.65188882323 1948.73420656367 1881.87009327981 1869.91413383374
"BIC" 14 1997.1173715719 1934.49054692374 1926.69978408971 1993.57252277686 1930.91200163799 1923.1596343369
"ICL" 14 1997.11917226412 1934.8248862295 1926.92693169985 1993.57514064543 1931.44819819108 1923.41694372885
"AWE" 14 2214.75988324063 2171.669189351 2182.97482696634 2198.41345685862 2155.49010654926 2166.66244423201
"AIC" 15 1961.49974436139 1929.47297670289 1924.89340639922 1969.150949461 1925.53145371429 1922.77962584386
"BIC" 15 2009.1404553379 1981.31727982439 1980.94130166571 2013.98926567419 1974.57336207247 1976.02512634702
"ICL" 15 2009.14052135101 1981.32059859114 1980.94585042105 2013.99064876681 1974.57658567983 1976.02523314911
"AWE" 15 2226.78123232752 2218.16490171264 2236.99374568754 2218.82896498 2198.61849403801 2219.27073365227
"AIC" 16 2077.51109635767 2016.21929734971 2004.38315303275 2073.54425813148 2012.39571383447 2000.56506350948
"BIC" 16 2125.15180733418 2068.06360047121 2060.43104829924 2118.38257434467 2061.43762219264 2053.81056401264
"ICL" 16 2125.49458913664 2069.02589740268 2061.18506479119 2118.725188808 2062.40433028371 2054.54885285054
"AWE" 16 2343.13530011316 2305.87020052418 2317.23296005767 2323.56350502119 2286.44623864189 2297.7943533537
"AIC" 17 1927.23998909318 1903.72942420417 1901.16415863068 1928.84006197935 1977.29436102306 1897.23459996957
"BIC" 17 1974.88070006969 1955.57372732567 1957.21205389716 1973.67837819254 2026.33626938124 1950.48010047273
"ICL" 17 1974.88716754577 1955.57869193394 1957.21535770126 1973.68422976264 2026.34126834011 1950.48347320069
"AWE" 17 2192.52787852228 2192.42299505544 2213.26325296775 2178.52254597583 2250.38317669829 2193.72897370385
"AIC" 18 2122.12170807044 2057.52907006759 2003.70398758767 2119.63665129253 2054.52028847996 2061.77492050272
"BIC" 18 2169.76241904696 2109.37337318909 2059.75188285416 2164.47496750572 2103.56219683814 2115.02042100588
"ICL" 18 2169.76241977792 2109.54036494684 2059.95414659299 2164.47496897497 2103.88629998054 2115.03565572412
"AWE" 18 2387.40313075443 2346.38466806834 2316.00204185948 2369.31328518816 2327.92820833872 2358.28115622728
"AIC" 19 1892.66784491667 1881.04573016237 1882.0480006271 1896.91332319951 1877.44109704083 1878.44203428151
"BIC" 19 1940.30855589318 1932.89003328387 1938.09589589358 1941.7516394127 1926.483005399 1931.68753478467
"ICL" 19 1940.31784801571 1932.91431337271 1938.11094773289 1941.75267139057 1926.50714745703 1931.70374233192
"AWE" 19 2157.95855899222 2169.75861649421 2194.15884299937 2146.59098760376 2150.5490558152 2174.94924283508
"AIC" 20 2038.55410022917 2054.78365612022 1973.79274715566 2034.82920624191 1984.61733495505 1971.01204465263
"BIC" 20 2086.19481120568 2106.62795924172 2029.84064242215 2079.6675224551 2033.65924331322 2024.2575451558
"ICL" 20 2086.2326485574 2106.68973959514 2029.84291091587 2079.73405717909 2033.69974352816 2024.26047433207
"AWE" 20 2303.87335953391 2343.53404271664 2285.89080618235 2284.57237339228 2257.74165188634 2267.50597483523
"AIC" 21 1883.79900231169 1846.89890311063 1845.31331736142 1885.07002201229 1843.12832830029 1846.4011779151
"BIC" 21 1931.4397132882 1898.74320623213 1901.36121262791 1929.90833822548 1892.17023665847 1899.64667841826
"ICL" 21 1931.45130431473 1898.75547865999 1901.54213322206 1930.18333655615 1892.43390133819 1899.65430994358
"AWE" 21 2149.09201529124 2135.59978178149 2157.59002848855 2135.02165276934 2116.47580969637 2142.89981044674
"AIC" 22 1993.27362891588 1937.77785676342 1932.27635825462 1991.98184000758 1936.48008260279 1930.81256989259
"BIC" 22 2040.91433989239 1989.62215988492 1988.32425352111 2036.82015622077 1985.52199096096 1984.05807039575
"ICL" 22 2040.9935320944 1989.86835346155 1988.37072523197 2036.90768903446 1985.79974081595 1984.12008122263
"AWE" 22 2258.63424307092 2226.71265658305 2244.41862049845 2241.74600524765 2209.84164917413 2227.3655817258
"AIC" 23 2069.29866259742 1995.0113090097 2059.07949907566 2069.89631996754 1994.77910001995 1984.10732983717
"BIC" 23 2116.93937357393 2046.8556121312 2115.12739434214 2114.73463618073 2043.82100837813 2037.35283034033
"ICL" 23 2117.05138145828 2048.11723618875 2115.55800153239 2114.8745217179 2045.01345568795 2038.24115794485
"AWE" 23 2334.6920924348 2284.96153931025 2371.60589679887 2319.71283793109 2269.05536404613 2281.48665844802
"AIC" 24 2099.3935467013 2040.85909140172 2034.67224576364 2074.61609404888 2100.92641810453 2033.99417131943
"BIC" 24 2147.03425767782 2092.70339452322 2090.72014103013 2119.45441026207 2149.96832646271 2087.2396718226
"ICL" 24 2147.29782399992 2094.33685878953 2092.17848953301 2120.1568552935 2150.00129425008 2089.37692068501
"AWE" 24 2364.93853497644 2331.18116191103 2348.2263847995 2324.99517150669 2374.04320260826 2332.62242118818
"AIC" 25 2051.24190229673 2011.57378529306 2012.60302818254 2048.51424644967 2008.84593639606 2009.68676821039
"BIC" 25 2098.88261327324 2063.41808841456 2068.65092344903 2093.35256266286 2057.88784475423 2062.93226871356
"ICL" 25 2098.88682676723 2063.48368217913 2068.65737874272 2093.35595265535 2057.94419632761 2062.93838859705
"AWE" 25 2316.52753774375 2300.32798530063 2324.70527400921 2298.19426886854 2281.98610468578 2306.18388910021
"AIC" 26 1852.85504389055 1848.50376703911 1885.28791616418 1850.91204589275 1846.59280340933 1844.86651127482
"BIC" 26 1900.49575486707 1900.34807016061 1941.33581143067 1895.75036210594 1895.63471176751 1898.11201177798
"ICL" 26 1900.52118126429 1900.35242411343 1942.54379514329 1895.77855244004 1895.63972895472 1898.1157988638
"AWE" 26 2118.1618922408 2137.19672723493 2198.59169040977 2100.61686865323 2119.68163731289 2141.36129936697
"AIC" 27 1986.24437338023 1928.51023664756 1917.14331771311 1998.17377323382 1925.07033510362 1913.70707783036
"BIC" 27 2033.88508435675 1980.35453976906 1973.1912129796 2043.01208944701 1974.11224346179 1966.95257833352
"ICL" 27 2033.90800004081 1980.64401493355 1973.71722241831 2043.05620878306 1974.40592802462 1967.47512243253
"AWE" 27 2251.54871101733 2217.48831805505 2229.7651176848 2247.89452499625 2198.4478363828 2210.72062293569
"AIC" 28 2090.40771671262 2053.71017908616 2063.47476629076 2086.61987815025 2049.97686367911 2044.49223275694
"BIC" 28 2138.04842768913 2105.55448220766 2119.52266155724 2131.45819436344 2099.01877203728 2097.7377332601
"ICL" 28 2138.30959983542 2108.94725384225 2119.69723669934 2131.7197590175 2102.48811537406 2100.06874260734
"AWE" 28 2355.95031081194 2345.79155696375 2375.74513196583 2336.55807523069 2326.53002373223 2343.3142431105
"AIC" 29 1896.62902462606 1910.71175344034 1824.61518356907 1899.55318130151 1841.20371253486 1828.87947993811
"BIC" 29 1944.26973560257 1962.55605656184 1880.66307883556 1944.39149751469 1890.24562089304 1882.12498044127
"ICL" 29 1944.29874809759 1962.56161552886 1881.76579502628 1944.55977940666 1891.26042490245 1882.66603740993
"AWE" 29 2161.93945907411 2199.40591865036 2137.81369029277 2149.39809561985 2115.30233326062 2125.91153791309
"AIC" 30 1865.74912421585 1855.2888510217 1861.10991539711 1862.78732737773 1858.24595253892 1854.35983970544
"BIC" 30 1913.38983519236 1907.1331541432 1917.15781066359 1907.62564359092 1907.2878608971 1907.6053402086
"ICL" 30 1913.51179316038 1907.31322129458 1917.27507116178 1907.70558936272 1907.49166172968 1907.89334747814
"AWE" 30 2131.15250413689 2144.15752441608 2173.32296642827 2112.54390557591 2131.53357008785 2151.13884798131
"AIC" 31 1979.93078899681 1952.71288744218 1947.01833817532 1981.25078511447 1952.21792860154 1946.53746248808
"BIC" 31 2027.57149997332 2004.55719056368 2003.06623344181 2026.08910132766 2001.25983695972 1999.78296299124
"ICL" 31 2027.57151482761 2004.82665691072 2003.42845217594 2026.0891303766 2001.3991159585 1999.96440034158
"AWE" 31 2245.21222580412 2241.67096003222 2259.47634744243 2230.92744658979 2225.44102431667 2243.20990084474
"AIC" 32 2020.44368241603 1934.96901765624 1933.15657379521 2018.68468648297 1931.29800587305 1932.79623480572
"BIC" 32 2068.08439339254 1986.81332077774 1989.2044690617 2063.52300269616 1980.33991423123 1986.04173530888
"ICL" 32 2068.0914865781 1987.545187922 1989.31764971523 2063.52991350819 1981.02612899607 1986.14762589275
"AWE" 32 2285.73219755462 2224.3894910435 2245.36554498171 2268.36822972138 2205.06803735424 2229.39312639591
"AIC" 33 1776.46846924863 1768.5192996493 1768.74291493956 1773.88883536663 1765.9386803901 1766.16312069006
"BIC" 33 1824.10918022514 1820.3636027708 1824.79081020604 1818.72715157982 1814.98058874828 1819.40862119322
"ICL" 33 1824.10919355461 1820.36389960226 1824.79153884725 1818.72718765907 1814.98084851062 1819.4092531721
"AWE" 33 2041.74990453112 2057.20820272376 2080.83943411373 2023.56550387225 2039.02275686879 2062.65475367527
"AIC" 34 2052.63137438715 2051.60818328042 1987.41630267486 2055.03331502274 1999.47996086704 1986.28147516
"BIC" 34 2100.27208536366 2103.45248640192 2043.46419794134 2099.87163123593 2048.52186922522 2039.52697566316
"ICL" 34 2100.32596046264 2103.52375011833 2043.79466357712 2100.20357837956 2048.93244692673 2039.75492706986
"AWE" 34 2317.96667143915 2340.36805323983 2299.84255884361 2305.04189459275 2272.9743552849 2283.00042757302
"AIC" 35 1839.55010502593 1839.48863680358 1833.34603889114 1835.72114761885 1834.92855999746 1829.85734969566
"BIC" 35 1887.19081600244 1891.33293992508 1889.39393415763 1880.55946383204 1883.97046835564 1883.10285019882
"ICL" 35 1887.22149113579 1891.37047036695 1889.3983378219 1880.58962225276 1884.37541781019 1883.10913317785
"AWE" 35 2104.8622021123 2128.21477348845 2145.44623308838 2085.42793846595 2108.41732616836 2126.35463368102
"AIC" 36 1982.0497603908 1936.44595706312 1944.63916594749 1979.03881836141 1934.1711120659 1923.1621960265
"BIC" 36 2029.69047136732 1988.29026018462 2000.68706121398 2023.8771345746 1983.21302042408 1976.40769652966
"ICL" 36 2029.70102050117 1988.7364633911 2000.98678796341 2023.88514691413 1983.68839677177 1976.48834040006
"AWE" 36 2247.34173147768 2225.5807665126 2257.0346832299 2228.72346312732 2207.73030512995 2219.73384090322
"AIC" 37 1838.05795281788 1823.22213149121 1821.05027325424 1834.44110567595 1819.60492349277 1811.1748634326
"BIC" 37 1885.69866379439 1875.06643461271 1877.09816852072 1879.27942188914 1868.64683185094 1864.42036393577
"ICL" 37 1885.7019988479 1875.07988116603 1877.10462596275 1879.28337060217 1868.66371828838 1864.47772357622
"AWE" 37 2103.34270982442 2111.92418428753 2133.15252122924 2084.12168681536 2092.70562664656 2107.72322407938
"AIC" 38 1962.18730824079 1900.67075035019 1898.32745140816 1961.92942389154 1898.80869234598 1898.02913218771
"BIC" 38 2009.8280192173 1952.51505347169 1954.37534667465 2006.76774010473 1947.85060070415 1951.27463269087
"ICL" 38 2010.03663224563 1952.53307080609 1955.00768999117 2006.97567583605 1947.86827302978 1952.22867976553
"AWE" 38 2227.67734322215 2189.37737392759 2211.05558525765 2211.81399204924 2171.91018138795 2195.4741802687
"AIC" 39 2015.34269961303 1985.85782157673 1981.97838161734 2012.10914388656 1982.62276311046 1978.74254159303
"BIC" 39 2062.98341058955 2037.70212469823 2038.02627688383 2056.94746009975 2031.66467146863 2031.98804209619
"ICL" 39 2062.98345277989 2037.70446408061 2038.02910802504 2056.94750297383 2031.66681644004 2031.9908262204
"AWE" 39 2280.62416375641 2274.54876720211 2294.07700329153 2261.78581918702 2255.70872479822 2275.23632672356
"AIC" 40 1886.95001109826 1854.90385476376 1852.4596648512 1983.18707997686 1913.80906647541 1849.5933343751
"BIC" 40 1934.59072207478 1906.74815788526 1908.50756011769 2028.02539619005 1962.85097483358 1902.83883487826
"ICL" 40 1934.59072207478 1906.83689535032 1908.5075706688 2028.02557853377 1962.86190318703 1902.83884439822
"AWE" 40 2152.2314330513 2143.68119847182 2164.55546593529 2232.86389474695 2186.90381154521 2146.08434490139
"AIC" 41 1959.40223710582 1932.17778842788 1921.58938201852 1957.81070630694 1930.59144592435 1920.18833827479
"BIC" 41 2007.04294808234 1984.02209154938 1977.63727728501 2002.64902252013 1979.63335428253 1973.43383877795
"ICL" 41 2007.04354693779 1984.20972224359 1977.86462828145 2002.64963317572 1979.79956073764 1973.6975958041
"AWE" 41 2224.68425791431 2221.05402536509 2233.91252354793 2207.48794938891 2203.84146909581 2216.94309630727
"AIC" 42 2027.95618535637 2015.51609033442 2026.13447551172 2032.05262672555 2022.87762991079 2023.61862031464
"BIC" 42 2075.59689633288 2067.36039345592 2082.1823707782 2076.89094293874 2071.91953826896 2076.8641208178
"ICL" 42 2077.16919748041 2068.51670981016 2082.30606628383 2076.99282299526 2072.07338094704 2077.02813279745
"AWE" 42 2294.80990845692 2305.36101293166 2338.35396155032 2281.83113920845 2296.11528930522 2320.27363330061
"AIC" 43 1959.35598966348 1916.08732852143 1907.46280591394 1972.22792201312 1908.0683920283 1973.60241843601
"BIC" 43 2006.99670063999 1967.93163164293 1963.51070118043 2017.06623822631 1957.11030038648 2026.84791893917
"ICL" 43 2007.10774734173 1969.70385710053 1964.00896962369 2017.13308294953 1957.12027309362 2026.87407627416
"AWE" 43 2224.74845831825 2206.54816022202 2220.05686489017 2221.97139916272 2181.1621814518 2270.11957677732
"AIC" 44 2008.54156895137 1947.87380067755 1941.98177841437 1996.55688806522 1944.42919036551 1938.54444015832
"BIC" 44 2056.18227992788 1999.71810379904 1998.02967368086 2041.39520427841 1993.47109872368 1991.78994066148
"ICL" 44 2056.56138788566 1999.96159036597 1998.10325025368 2041.81773967345 1993.75619198046 1991.87094978854
"AWE" 44 2274.20209886218 2236.80589348747 2254.15114552016 2246.65605588663 2217.79810033863 2235.1164502917
"AIC" 45 2059.11008100226 1989.39105005746 2080.11789019571 2057.94335738364 1988.22045159039 1972.58878226154
"BIC" 45 2106.75079197878 2041.23535317896 2136.1657854622 2102.78167359683 2037.26235994856 2025.8342827647
"ICL" 45 2106.7723211199 2041.86439032423 2136.25069182977 2102.80393450447 2037.92536890968 2026.02973351033
"AWE" 45 2324.41303209641 2278.70869344573 2392.29858709626 2307.64225071766 2261.96727726786 2269.27523401349
"AIC" 46 2084.87135939425 2035.42972599458 2029.11189367694 2095.62749524153 2075.47659820633 2026.01433737178
"BIC" 46 2132.51207037076 2087.27402911608 2085.15978894343 2140.46581145472 2124.5185065645 2079.25983787494
"ICL" 46 2132.53872178662 2087.81087246881 2086.19273457078 2140.47423777252 2124.52526846009 2080.66863019982
"AWE" 46 2350.17943276313 2324.65517559031 2342.24062983727 2345.31255398571 2348.56717681827 2323.91413070298
"AIC" 47 2122.96808996583 2053.47163956599 2040.83724233423 2117.50261286553 2049.65199343421 2043.87710515725
"BIC" 47 2170.60880094235 2105.31594268749 2096.88513760072 2162.34092907872 2098.69390179239 2097.12260566041
"ICL" 47 2170.66879509264 2105.51562674129 2096.98888476414 2162.35575348455 2098.90026078771 2097.24001330287
"AWE" 47 2388.30950606916 2342.35992986279 2353.03678003062 2367.19406969774 2322.94216914589 2340.48551380603
"AIC" 48 2018.17065385761 2033.33606169114 1976.15901136148 2014.34374129432 1968.24002936936 1956.6421105659
"BIC" 48 2065.81136483412 2085.18036481264 2032.20690662796 2059.18205750751 2017.28193772754 2009.88761106906
"ICL" 48 2065.86665348288 2085.20792456131 2032.24394759025 2059.2601515612 2017.42880781674 2009.96865473688
"AWE" 48 2283.50736445939 2322.05222768281 2288.29184285673 2264.09846777439 2241.47071617491 2253.21415524004
"AIC" 49 2041.44789294287 1968.82368689841 1965.6964677965 2036.41404161214 1964.98863483812 1950.43183355107
"BIC" 49 2089.08860391939 2020.66799001991 2021.74436306299 2081.25235782533 2014.03054319629 2003.67733405423
"ICL" 49 2089.09599181094 2024.61530390696 2022.07910335744 2081.29061623276 2017.82079615391 2007.23870145588
"AWE" 49 2306.73670278746 2261.45960702846 2278.12699862392 2286.12893244595 2241.86270451208 2250.48420195904
"AIC" 50 1967.24677179887 1922.18108579084 1906.00956758561 2031.76358717513 1919.07117172184 1903.17128892658
"BIC" 50 2014.88748277539 1974.02538891234 1962.05746285209 2076.60190338832 1968.11308008001 1956.41678942974
"ICL" 50 2015.83736250464 1975.30399734977 1962.19417432854 2076.79113417582 1969.51567966589 1957.83493428648
"AWE" 50 2233.47807348116 2212.14830047127 2218.24206959503 2281.62945038901 2193.55758802406 2201.08043478964
"AIC" 51 2046.30815989449 2011.73196062748 2004.00373693213 2044.45330199182 2007.24744346598 2002.15084680004
"BIC" 51 2093.94887087101 2063.57626374898 2060.05163219862 2089.29161820501 2056.28935182415 2055.3963473032
"ICL" 51 2094.01344687406 2063.73770041566 2060.13137508741 2089.36336102645 2058.84601769714 2055.47952255369
"AWE" 51 2311.65415785058 2300.58200353715 2316.17927035389 2294.20167723964 2282.88792605532 2298.72502305685
"AIC" 52 2039.11659756293 1946.78706961406 1952.36024269413 1974.61051377078 1924.79432819442 1925.24482111056
"BIC" 52 2086.75730853945 1998.63137273556 2008.40813796062 2019.44882998397 1973.83623655259 1978.49032161373
"ICL" 52 2086.75741705289 1999.27109829409 2008.67781623564 2019.67747060703 1973.86132839603 1979.20534782497
"AWE" 52 2304.3981280294 2236.11540141559 2264.72571150212 2224.51578682022 2197.90323675421 2222.45084832813
"AIC" 53 1999.11437779127 1961.08187766189 1979.10687497083 1997.43073870689 1959.3897722591 1958.15893587472
"BIC" 53 2046.75508876778 2012.92618078339 2035.15477023732 2042.26905492008 2008.43168061728 2011.40443637788
"ICL" 53 2046.75715591539 2012.97644613744 2035.80672248536 2042.27595807286 2008.49830733611 2011.42922935141
"AWE" 53 2264.3978668919 2249.82074925894 2291.85461775185 2247.11427428604 2232.54021569429 2254.67472985457
"AIC" 54 2004.22304460278 1916.2824508021 1912.15690057725 1950.2487400524 1916.31853857476 1990.49149768493
"BIC" 54 2051.8637555793 1968.1267539236 1968.20479584374 1995.08705626559 1965.36044693294 2043.73699818809
"ICL" 54 2051.86483590256 1968.250647573 1968.31470117941 1995.10174204867 1965.50786523541 2043.77400496621
"AWE" 54 2269.50554687908 2205.0949506945 2224.36259644589 2199.94005826186 2189.54977359359 2287.01950546937
"AIC" 55 2087.78703253341 2057.05967721965 2046.11956541785 2075.75610498922 2053.44653898547 2042.51104713322
"BIC" 55 2135.42774350992 2108.90398034115 2102.16746068434 2120.59442120241 2102.48844734365 2095.75654763639
"ICL" 55 2135.43160069196 2109.11787372872 2102.52133390964 2120.61362173575 2102.69129721955 2096.08304986133
"AWE" 55 2353.07231166848 2345.96217685022 2358.56922917613 2325.45193794894 2326.73320557773 2339.32855036449
"AIC" 56 2096.38054445923 2029.67113532457 2025.79325157904 2154.48579590597 2099.29898266478 2024.63468646055
"BIC" 56 2144.02125543574 2081.51543844607 2081.84114684553 2199.32411211916 2148.34089102296 2077.88018696371
"ICL" 56 2144.02135106072 2081.52549565653 2081.84612545263 2199.32438031523 2148.34787864878 2077.88736259057
"AWE" 56 2361.66206203724 2318.36979877803 2337.89402071912 2404.16269652842 2372.38978700696 2321.13286309374
"AIC" 57 1999.96795397252 1978.81909682097 1919.82370478906 1996.10697726237 1974.95805131266 1921.29419824434
"BIC" 57 2047.60866494903 2030.66339994247 1975.87160005554 2040.94529347556 2023.99995967084 1974.5396987475
"ICL" 57 2047.61126761009 2030.66922142363 1975.8856361745 2040.94789761556 2024.00565216274 1974.54519650197
"AWE" 57 2265.25197858661 2267.51352454513 2231.93353144099 2245.78621382874 2248.04756052091 2217.79069700513
"AIC" 58 1866.68947346744 1848.60307610199 1852.04917850578 1938.83658574994 1927.61004938516 1849.64780533193
"BIC" 58 1914.33018444396 1900.44737922349 1908.09707377227 1983.67490196313 1976.65195774333 1902.89330583509
"ICL" 58 1914.33021283423 1900.44957128056 1908.10020415962 1983.6753685674 1976.7310466792 1902.89486039677
"AWE" 58 2131.97092381074 2137.29387440206 2164.1480994261 2188.51368478059 2200.77295503737 2146.14036089993
"AIC" 59 1872.80525852831 1844.97383239272 1835.20328904598 1860.24445172016 1841.99974776571 1832.23073160393
"BIC" 59 1920.44596950482 1896.81813551422 1891.25118431247 1905.08276793335 1891.04165612388 1885.47623210709
"ICL" 59 1920.48808813143 1896.86234547345 1891.36355249028 1905.13279408498 1891.09662275881 1885.58576278378
"AWE" 59 2138.12879910794 2133.70664859495 2147.41144775677 2109.97111029817 2115.13853111699 2128.83126328694
"AIC" 60 2018.08589045488 1966.34247669079 1955.54576118385 2015.73874249221 1964.4117692547 1953.77176150378
"BIC" 60 2065.7266014314 2018.18677981229 2011.59365645034 2060.5770587054 2013.45367761288 2007.01726200694
"ICL" 60 2065.73169230308 2019.4416198329 2012.30206013452 2060.58308569726 2014.98331829787 2007.89744800277
"AWE" 60 2283.3724032796 2256.2859229544 2268.34995540101 2265.42140191045 2239.02522665605 2251.14294850593
"AIC" 61 1965.01368723358 1923.38399707324 1912.54394904688 1962.490740989 1920.71982601421 1910.00408174742
"BIC" 61 2012.65439821009 1975.22830019474 1968.59184431337 2007.32905720219 1969.76173437238 1963.24958225058
"ICL" 61 2012.6557981108 1976.80136539678 1970.28564319281 2007.33115713869 1971.01192025417 1964.39185565403
"AWE" 61 2230.29650908731 2213.64566851828 2226.3335384593 2212.16947335188 2195.05382861235 2207.63735615719
"AIC" 62 2121.0019487729 2062.13377852683 2062.01376570328 2118.43108725905 2060.71250717108 2055.14420136553
"BIC" 62 2168.64265974942 2113.97808164833 2118.06166096977 2163.26940347224 2109.75441552926 2108.38970186869
"ICL" 62 2168.64312389255 2114.46222286512 2118.06750686591 2163.26996496842 2109.79092172349 2108.76049858841
"AWE" 62 2386.28383486907 2351.30652598662 2374.11540213239 2368.1082811816 2333.83283008167 2352.00599909157
"AIC" 63 2055.59831234281 2034.9149099918 2029.87839015878 2053.2315859086 2017.32381651024 2006.9205844185
"BIC" 63 2103.23902331933 2086.7592131133 2085.92628542526 2098.06990212179 2066.36572486842 2060.16608492167
"ICL" 63 2103.39142179573 2087.59835754241 2086.58882699678 2098.2250862738 2068.91178729041 2062.63951310092
"AWE" 63 2321.03213277225 2324.44266066391 2342.63672226327 2303.06340248698 2292.95369564859 2305.88501360408
"AIC" 64 1929.04351867989 1899.30993249191 1899.46660508817 1955.4946313071 1896.41555992646 1896.54916587357
"BIC" 64 1976.6842296564 1951.15423561341 1955.51450035466 2000.33294752029 1945.45746828464 1949.79466637673
"ICL" 64 1976.68425560378 1951.15426760432 1955.51455048604 2000.42139055107 1945.45750925075 1949.79473464574
"AWE" 64 2194.3249665803 2187.99857072582 2211.56244575252 2205.25970676426 2169.49941760892 2193.0402351489
"AIC" 65 2083.14932742422 2035.76690266378 2021.34081440034 2094.66188608562 2027.39551689521 2021.80466834477
"BIC" 65 2130.79003840073 2087.61120578528 2077.38870966683 2139.50020229881 2076.43742525339 2075.05016884793
"ICL" 65 2131.65609390883 2088.75216329391 2077.64270607969 2140.00673418952 2076.82115022259 2075.35337269735
"AWE" 65 2349.29680488534 2325.59646641541 2333.69060134618 2344.84505040271 2300.86305858077 2318.59887320051
"AIC" 66 2081.09216513949 2064.33910879978 2023.5306811594 2040.37222238111 2014.91523855764 2023.39962815005
"BIC" 66 2128.732876116 2116.18341192128 2079.57857642588 2085.2105385943 2063.95714691581 2076.64512865321
"ICL" 66 2128.73421287241 2116.35628435001 2079.59502136528 2085.22628792542 2064.02524911154 2076.66929297679
"AWE" 66 2346.37492384892 2353.20058747151 2335.64291663176 2290.06460413861 2288.06715746972 2319.91479347995
"AIC" 67 2081.19122775933 2039.66439285881 2034.5386264752 2077.52668876569 2035.99611929342 2030.87569604507
"BIC" 67 2128.83193873584 2091.50869598031 2090.58652174168 2122.36500497888 2085.0380276516 2084.12119654824
"ICL" 67 2128.83858213504 2091.69924622244 2090.60386792684 2122.37157098158 2085.24702433433 2084.14044935633
"AWE" 67 2346.47929311156 2328.54354934394 2346.65176319332 2327.20988719477 2309.28893269251 2327.38594985949
"AIC" 68 2014.64999446276 1984.84055550493 1983.21946298972 2087.164421937 2046.57066422987 1971.4905889403
"BIC" 68 2062.29070543927 2036.68485862643 2039.2673582562 2132.00273815019 2095.61257258804 2024.73608944347
"ICL" 68 2062.6319744313 2037.03206527955 2039.41360932325 2132.00325536823 2095.61927827614 2024.84745505816
"AWE" 68 2280.27268540781 2273.87636840105 2295.46150458973 2336.84157158142 2319.66118663432 2268.09295556132
"AIC" 69 2158.18914440468 2085.94555283733 2072.11249553413 2174.76550993657 2082.21013883959 2127.8321168681
"BIC" 69 2205.82985538119 2137.78985595883 2128.16039080062 2219.60382614976 2131.25204719777 2181.07761737126
"ICL" 69 2206.7826033493 2139.44454137682 2128.93354103904 2219.61154674763 2132.98851853342 2181.2040297825
"AWE" 69 2424.42331432582 2376.28884449832 2384.98143630552 2424.44986296082 2357.0304268916 2424.44953028566
"AIC" 70 1985.15223089103 1971.70293124758 1970.46016113942 1982.37761930841 1964.19763815408 1966.5087650915
"BIC" 70 2032.79294186754 2023.54723436908 2026.50805640591 2027.2159355216 2013.23954651226 2019.75426559467
"ICL" 70 2033.31645644371 2024.00308146037 2026.92540110152 2027.59539889509 2013.26467965148 2019.98731760338
"AWE" 70 2250.95716742022 2260.84738458187 2282.97329636801 2232.43371510828 2237.30658800966 2263.23281810655
"AIC" 71 2067.14762693701 1988.01324044939 1974.26241187567 2078.87349425412 1989.89333365737 1975.79479435527
"BIC" 71 2114.78833791352 2039.85754357089 2030.31030714215 2123.71181046731 2038.93524201555 2029.04029485843
"ICL" 71 2114.79369223694 2041.41334361107 2032.26245223267 2123.78046927682 2040.78413276896 2031.20292825663
"AWE" 71 2332.43440321345 2278.25764673257 2288.31034749915 2328.61878549001 2264.82604112713 2274.44842875979
"AIC" 72 2065.25747459064 2006.86803097212 1998.74389161302 2063.50896480847 2004.99350180598 2023.87491185857
"BIC" 72 2112.89818556716 2058.71233409362 2054.79178687951 2108.34728102166 2054.03541016416 2077.12041236173
"ICL" 72 2113.0372934291 2059.45990210311 2055.93307600839 2108.5640739169 2055.22554849942 2077.36490955884
"AWE" 72 2330.67800440561 2296.30420522461 2311.98097127488 2313.40239013009 2279.2674568576 2320.610410062
"AIC" 73 1818.01038470202 1796.93224107352 1801.53375338425 1813.74909770691 1793.16759056837 1805.35246922104
"BIC" 73 1865.65109567853 1848.77654419502 1857.58164865074 1858.5874139201 1842.20949892655 1858.5979697242
"ICL" 73 1865.65112153392 1848.79506034853 1857.60669145051 1858.62464290557 1842.22609299532 1858.59837903691
"AWE" 73 2083.29183251044 2085.63936347003 2113.65458671699 2063.46295911876 2066.2680013535 2101.84387954007
"AIC" 74 2142.42392649913 2082.706539556 2081.45320426211 2141.78357086894 2041.38406749681 2080.86646759808
"BIC" 74 2190.06463747564 2134.5508426775 2137.5010995286 2186.62188708213 2090.42597585498 2134.11196810124
"ICL" 74 2190.08207274911 2134.56761274884 2137.51255386055 2186.63141641389 2091.95197551914 2134.12662358311
"AWE" 74 2407.72278372562 2371.41191587034 2393.56044912703 2391.46973262708 2315.99388387732 2377.37212408627
"AIC" 75 1943.84227379654 1928.17616898693 1923.29882552692 1944.1117442888 1928.44189531076 1923.56751443589
"BIC" 75 1991.48298477305 1980.02047210843 1979.34672079341 1988.95006050199 1977.48380366894 1976.81301493905
"ICL" 75 1991.48306195908 1980.02177452022 1979.34778521005 1988.95009198661 1977.48467670149 1976.81345425091
"AWE" 75 2209.1237729356 2216.86607764172 2235.39568047653 2193.7884081998 2201.52658505967 2220.05895475407
"AIC" 76 2147.83886293274 2050.26469232319 2025.03080141055 2150.40248539147 2063.64449709419 2021.47365343262
"BIC" 76 2195.47957390926 2102.10899544469 2081.07869667704 2195.24080160466 2112.68640545237 2074.71915393578
"ICL" 76 2195.49377591369 2104.02529477598 2082.00189259466 2195.26302693238 2112.75088963064 2075.45853557365
"AWE" 76 2413.1344868902 2340.86959789748 2338.04978786114 2400.10134314557 2336.79279798882 2318.70403607682
"AIC" 77 2015.36640277707 1972.99149810587 1966.75611128351 2012.2250753888 1969.85039388631 1963.61529871425
"BIC" 77 2063.00711375358 2024.83580122736 2022.80400654999 2057.06339160199 2018.89230224448 2016.86079921741
"ICL" 77 2063.00712543374 2024.84000296321 2022.80942610803 2057.06340063613 2018.8958478297 2016.8650739466
"AWE" 77 2280.64783641025 2261.68430608471 2278.85732137452 2261.90171684932 2242.93775618787 2260.11057444976
"AIC" 78 2050.42290226855 1987.73957880149 1985.13384042447 2076.15276353133 1989.2078086185 1988.13726198552
"BIC" 78 2098.06361324506 2039.58388192299 2041.18173569096 2120.99107974452 2038.24971697668 2041.38276248868
"ICL" 78 2098.06520433448 2039.99267299839 2041.18216587339 2120.99913779089 2038.96555309947 2041.38335840606
"AWE" 78 2315.705915311 2276.83697611989 2297.23006113988 2325.83745400408 2263.00746145765 2284.62885890922
"AIC" 79 1953.17036166389 1921.98936478596 1919.84678720014 1949.72947841183 1918.52715906936 1916.40542353343
"BIC" 79 2000.8110726404 1973.83366790746 1975.89468246662 1994.56779462502 1967.56906742753 1969.65092403659
"ICL" 79 2000.81107452526 1973.86622430342 1975.9652893043 1994.56779674301 1967.60409831684 1969.73001919194
"AWE" 79 2218.45178550178 2210.71052742492 2232.01318457078 2199.4061129562 2191.64600667502 2212.9755196951
"AIC" 80 2167.80331671628 2095.84277697753 2085.82218418923 2164.72935028754 2092.80315398306 2082.8454237374
"BIC" 80 2215.44402769279 2147.68708009903 2141.87007945572 2209.56766650073 2141.84506234124 2136.09092424056
"ICL" 80 2215.45817615466 2148.3104507023 2142.76353096856 2209.58445843215 2142.35359179295 2136.73239883781
"AWE" 80 2433.09888713118 2385.1547538238 2398.81142623505 2414.42277464534 2366.39550015112 2379.97789934097
"AIC" 81 2003.43165179353 1970.36618453617 1962.62428457937 2001.85336216949 1968.50017203483 1961.04891409606
"BIC" 81 2051.07236277004 2022.21048765767 2018.67217984586 2046.69167838268 2017.54208039301 2014.29441459922
"ICL" 81 2051.07476620105 2023.38247940832 2018.7061529382 2046.69585539248 2017.55507594122 2014.32157845314
"AWE" 81 2268.71547717757 2260.22678252982 2274.75404820469 2251.53417160567 2241.59698429939 2257.5670789563
"AIC" 82 1935.39553095713 1897.60250892018 1888.70175940886 1931.53119202132 1893.7370630207 1884.83648189105
"BIC" 82 1983.03624193364 1949.44681204168 1944.74965467535 1976.36950823451 1942.77897137887 1938.08198239421
"ICL" 82 1983.03945941967 1949.51450518544 1944.7848636649 1976.37307049096 1942.85440864805 1938.12108377056
"AWE" 82 2200.68017039619 2186.35880830694 2200.83275893138 2181.21138670415 2166.89631700622 2181.36658427372
"AIC" 83 2070.24555562376 1992.91717817124 2011.35973888552 2119.35151696708 2066.96198008612 1985.23299206821
"BIC" 83 2117.88626660027 2044.76148129274 2067.40763415201 2164.18983318027 2116.0038884443 2038.47849257137
"ICL" 83 2118.01557723229 2044.78818044842 2067.47525413932 2164.18997817848 2116.92259043063 2038.48086295772
"AWE" 83 2335.65628820881 2281.63248356992 2323.52314940581 2369.02829439167 2340.96449878881 2281.72636346088
"AIC" 84 1991.14413936412 1951.45929360585 1967.21271268845 1996.34686204336 1952.77766633857 1942.49126786977
"BIC" 84 2038.78485034063 2003.30359672735 2023.26060795494 2041.18517825655 2001.81957469675 1995.73676837293
"ICL" 84 2038.78633981767 2003.55461437868 2023.48714548605 2041.22034289411 2002.42911214141 1995.84279633913
"AWE" 84 2256.42705079419 2240.39891750018 2279.53504075254 2246.0586591073 2226.47102049959 2239.08829684229
"AIC" 85 2161.4208601088 2059.47785184356 2006.63346367075 2159.49105778591 2057.54516453267 2065.72999824573
"BIC" 85 2209.06157108531 2111.32215496506 2062.68135893724 2204.3293739991 2106.58707289085 2118.9754987489
"ICL" 85 2209.06301755055 2111.4973105556 2062.92540769772 2204.33060447618 2106.76782758746 2119.05845925438
"AWE" 85 2426.70372852706 2348.3416136771 2318.97330296421 2409.16892068937 2330.80973594563 2362.30395975754
"AIC" 86 1921.2537408856 1885.49601685106 1873.48695053273 1918.23912550652 1881.97419648004 1870.46390141119
"BIC" 86 1968.89445186211 1937.34031997256 1929.53484579922 1963.07744171971 1931.01610483821 1923.70940191435
"ICL" 86 1968.89925095838 1938.19272124559 1929.68833872381 1963.08479831105 1931.73144052415 1923.91101109506
"AWE" 86 2186.53996193489 2175.03702436709 2185.7362339903 2167.92311452424 2155.77334888233 2167.15651159822
"AIC" 87 2058.2562373586 1995.35164561411 1979.84638307866 2054.98461984735 1992.04301042148 1976.58028262639
"BIC" 87 2105.89694833511 2047.19594873561 2035.89427834515 2099.82293606054 2041.08491877966 2029.82578312955
"ICL" 87 2106.01829624615 2048.49943889021 2036.05895404945 2099.94292226201 2042.45220346904 2030.00006700492
"AWE" 87 2323.65900722266 2285.34374201171 2292.10684931594 2304.7812384752 2266.49411182722 2273.24556750808
"AIC" 88 2034.72918589451 1949.75016355064 1924.66001949294 2031.04874613983 1946.00878922506 1920.97880919838
"BIC" 88 2082.36989687103 2001.59446667214 1980.70791475943 2075.88706235302 1995.05069758324 1974.22430970155
"ICL" 88 2082.37002670214 2001.76279232259 1980.9062343259 2075.8871840368 1995.24418423057 1974.41720598616
"AWE" 88 2300.01073767865 2238.60709544409 2236.95412959238 2280.72550024999 2219.28609258874 2217.66270648933
"AIC" 89 1835.47264535569 1789.74673738555 1792.34944581581 1825.46593261459 1787.96289803047 1789.6341720787
"BIC" 89 1883.1133563322 1841.59104050705 1848.3973410823 1870.30424882778 1837.00480638864 1842.87967258186
"ICL" 89 1883.12565886136 1841.59504406731 1848.40342251045 1870.30432535334 1837.01021000938 1842.88520246204
"AWE" 89 2100.76636983787 2078.43934718881 2104.45131777694 2075.14264156653 2061.05211836756 2086.13070296521
"AIC" 90 2113.44752195959 2067.43192014038 2058.92660119211 2110.70206086904 2067.62834585072 2062.22430491427
"BIC" 90 2161.0882329361 2119.27622326188 2114.9744964586 2155.54037708223 2116.6702542089 2115.46980541743
"ICL" 90 2161.17692812677 2121.86187593891 2116.73388363021 2155.55842322138 2118.06508044786 2116.84457413682
"AWE" 90 2378.81763910328 2358.70617906041 2372.7817788967 2360.39673943457 2342.10698880603 2360.09007463998
"AIC" 91 2135.06646938801 2060.74496462016 2062.00559819083 2162.28002516318 2085.87890978831 2058.0758278098
"BIC" 91 2182.70718036452 2112.58926774166 2118.05349345732 2207.11834137637 2134.92081814649 2111.32132831296
"ICL" 91 2183.41204250565 2114.00883744732 2119.38896381298 2207.26201228311 2135.07532519063 2113.03087165571
"AWE" 91 2401.05275348217 2350.85314056882 2375.43685907947 2412.1003284963 2359.11723354881 2356.27637215888
"AIC" 92 1987.90898257625 1975.73260912991 1913.62657439157 1983.68222225925 1919.95923551389 1949.18881878507
"BIC" 92 2035.54969355277 2027.57691225141 1969.67446965806 2028.52053847244 1969.00114387207 2002.43431928824
"ICL" 92 2035.88602849994 2027.58532479172 1970.2303227776 2028.57349031054 1970.06368951493 2002.78948851681
"AWE" 92 2253.52673947646 2264.42962791322 2226.27821804409 2233.41180652373 2194.10559787311 2246.03498901998
"AIC" 93 1928.51228654061 1880.1253457518 1893.80660922772 1929.25153833109 1876.51805456733 1888.90652112475
"BIC" 93 1976.15299751712 1931.9696488733 1949.85450449421 1974.08985454428 1925.5599629255 1942.15202162791
"ICL" 93 1976.22575981267 1932.06588850708 1950.01701285241 1974.28670189162 1925.65800343507 1942.31651759227
"AWE" 93 2193.86647078918 2168.91019162858 2206.0649081189 2179.12501810481 2149.69991179325 2185.56201809544
"AIC" 94 2114.30512006154 2029.09898163401 2024.92117649441 2102.6326852271 2027.09935719266 2023.17215433097
"BIC" 94 2161.94583103805 2080.94328475551 2080.9690717609 2147.47100144029 2076.14126555084 2076.41765483413
"ICL" 94 2162.00304669694 2081.84234999157 2082.04656370231 2147.51571689889 2077.02231261105 2077.38455067334
"AWE" 94 2379.64375767345 2318.68665311307 2338.09445896879 2352.35403311208 2301.06422096922 2320.6300511765
"AIC" 95 2004.23659440042 2057.22040926947 1966.83546366853 2001.64589352399 1980.37090951887 1973.03411787955
"BIC" 95 2051.87730537694 2109.06471239097 2022.88335893502 2046.48420973718 2029.41281787705 2026.27961838271
"ICL" 95 2051.88022516231 2109.37899660704 2023.17021608461 2046.48660518802 2029.8520539747 2026.3052223702
"AWE" 95 2269.52093613882 2346.22329972854 2279.2181113511 2251.32492140121 2253.89396233287 2269.55072287336
"AIC" 96 2087.43733645313 1992.76612785834 2023.42110039044 2083.5606078249 1988.8854211528 2021.42942047595
"BIC" 96 2135.07804742965 2044.61043097984 2079.46899565693 2128.39892403809 2037.92732951098 2074.67492097911
"ICL" 96 2135.08099577562 2044.7322560829 2080.65087949236 2128.40193539059 2038.05850128544 2076.73070345529
"AWE" 96 2352.72170675213 2281.5765592044 2336.69877475884 2333.24025160378 2262.10040964362 2319.97620395846
"AIC" 97 2109.74496711675 2064.49490221622 2059.02150550293 2105.55839008118 2062.60014769757 2056.93874597879
"BIC" 97 2157.38567809326 2116.33920533772 2115.06940076941 2150.39670629437 2111.64205605575 2110.18424648196
"ICL" 97 2157.79881348034 2117.69976898549 2117.13790497231 2150.50476999792 2113.6281160375 2112.76908715871
"AWE" 97 2375.43952445686 2354.54407210699 2373.1858002388 2355.34308621111 2337.67002439568 2356.01458766188
"AIC" 98 1957.43584032923 1919.63482234655 1928.20178113992 2004.46762066796 1985.44964971938 1927.86914440031
"BIC" 98 2005.07655130574 1971.47912546805 1984.2496764064 2049.30593688115 2034.49155807756 1981.11464490348
"ICL" 98 2005.09527233703 1971.82710791555 1984.68652143343 2049.30593688117 2034.49177198305 1981.75982244021
"AWE" 98 2222.73598331354 2208.67141103705 2240.73441669991 2254.14425309436 2258.53368034123 2225.00532294337
"AIC" 99 2063.87848753634 2027.71363429961 2025.55138002339 2018.73664899283 1973.14285765335 1959.54395894598
"BIC" 99 2111.51919851286 2079.55793742111 2081.59927528988 2063.57496520602 2022.18476601152 2012.78945944914
"ICL" 99 2111.5196122158 2079.56171216669 2081.60018037429 2063.63044986735 2023.77183548342 2013.36068250787
"AWE" 99 2329.16032319231 2316.40601528819 2337.64807564078 2268.46876608054 2247.8137438416 2256.60618301103
"AIC" 100 1997.79039847715 1971.99917435622 1960.44781461794 1994.60008318137 1968.17983410889 1956.62484229326
"BIC" 100 2045.43110945367 2023.84347747772 2016.49570988442 2039.43839939455 2017.22174246706 2009.87034279643
"ICL" 100 2045.59766368177 2024.15356577813 2016.62869061074 2039.6671795505 2017.52766851541 2010.01379405683
"AWE" 100 2263.23837465828 2260.99786889963 2272.67658587723 2244.50549576368 2241.56957687359 2253.25929455999
