"CCR" 1 0.973333333333333 0.993333333333333 1 0.933333333333333 0.98 1
"ARI" 1 0.922350240511116 0.979890020366816 1 0.820222913095956 0.942207119255448 1
"CCR" 2 0.966666666666667 0.993333333333333 1 0.806666666666667 0.806666666666667 0.96
"ARI" 2 0.906436247431199 0.980342790716254 0.981707044797899 0.622728917138453 0.622728917138453 0.689149749613967
"CCR" 3 0.94 0.993333333333333 0.946666666666667 0.953333333333333 0.933333333333333 0.933333333333333
"ARI" 3 0.82983981747256 0.979955166630827 0.853013114203919 0.807148965728396 0.811311264264017 0.807148965728396
"CCR" 4 0.986666666666667 1 1 0.973333333333333 1 0.9
"ARI" 4 0.961547374519408 1 1 0.924984266834487 1 1
"CCR" 5 0.94 0.993333333333333 1 0.993333333333333 0.986666666666667 0.993333333333333
"ARI" 5 0.833996725186867 0.97963839385296 1 0.92139484992888 0.957576174688033 0.978061948038718
"CCR" 6 1 1 1 0.993333333333333 1 1
"ARI" 6 1 1 1 0.980400858679158 1 1
"CCR" 7 0.933333333333333 0.993333333333333 0.933333333333333 0.933333333333333 0.993333333333333 0.933333333333333
"ARI" 7 0.823913869516154 0.980307990473178 0.903146025874269 0.823913869516154 0.980307990473178 0.823913869516154
"CCR" 8 0.933333333333333 0.986666666666667 0.946666666666667 0.98 0.986666666666667 0.993333333333333
"ARI" 8 0.830348000183399 0.965331545558966 0.968939634295145 0.941015690638861 0.965331545558966 0.976716719989024
"CCR" 9 0.953333333333333 0.993333333333333 0.993333333333333 0.953333333333333 1 0.973333333333333
"ARI" 9 0.860276182708616 0.978951122219827 0.978869758191649 0.860276182708616 1 0.978869758191649
"CCR" 10 0.98 0.98 0.98 0.983333333333333 0.98 0.9
"ARI" 10 0.938508408805811 0.938508408805811 0.938508408805811 0.918104948590625 0.938508408805811 1
"CCR" 11 0.98 1 1 0.76 0.993333333333333 0.986666666666667
"ARI" 11 0.939515209879411 1 1 0.56234268910817 0.97928936913378 0.958900369873028
"CCR" 12 0.766666666666667 0.766666666666667 0.98 0.92 0.973333333333333 0.97
"ARI" 12 0.579122535328073 0.579122535328073 0.938590289469094 0.796254451113599 0.922881337288878 0.938590289469094
"CCR" 13 0.986666666666667 0.993333333333333 0.993333333333333 0.986666666666667 0.986666666666667 0.993333333333333
"ARI" 13 0.968189525914617 0.983819844596045 0.983819844596045 0.968189525914617 0.966227955176317 0.983819844596045
"CCR" 14 0.966666666666667 1 1 0.946666666666667 0.993333333333333 0.946666666666667
"ARI" 14 0.909014611998707 1 1 0.863172742258417 0.976676158884441 0.863172742258417
"CCR" 15 0.946666666666667 0.986666666666667 0.993333333333333 0.946666666666667 0.986666666666667 0.946666666666667
"ARI" 15 0.868193711638022 0.964256260808929 0.981899413344511 0.867340445372473 0.964256260808929 0.868193711638022
"CCR" 16 1 1 1 1 1 1
"ARI" 16 1 1 1 1 1 1
"CCR" 17 0.94 1 0.94 0.933333333333333 0.98 0.933333333333333
"ARI" 17 0.847918152321024 1 0.847918152321024 0.824207774705922 0.940238347500396 0.824207774705922
"CCR" 18 0.746666666666667 0.986666666666667 0.953333333333333 0.946666666666667 0.986666666666667 0.953333333333333
"ARI" 18 0.551791498597179 0.958751176692224 0.964503090351505 0.847083134900437 0.958751176692224 0.864503090351505
"CCR" 19 0.953333333333333 1 0.953333333333333 0.953333333333333 1 0.993333333333333
"ARI" 19 0.865983382702617 1 0.865983382702617 0.865983382702617 1 0.979352706763143
"CCR" 20 1 0.993333333333333 0.993333333333333 1 1 0.993333333333333
"ARI" 20 1 0.980002324246246 0.980002324246246 1 1 0.980002324246246
"CCR" 21 0.74 0.973333333333333 0.973333333333333 0.913333333333333 0.973333333333333 0.966666666666667
"ARI" 21 0.569260976283527 0.923780112577383 0.923780112577383 0.775829939190878 0.923780112577383 0.904877748115793
"CCR" 22 0.96 1 0.993333333333333 0.94 1 0.993333333333333
"ARI" 22 0.887327257681567 1 0.9800548910815 0.837446886825656 1 0.9800548910815
"CCR" 23 0.94 0.993333333333333 0.94 0.94 0.986666666666667 0.94
"ARI" 23 0.832494794421518 0.979479888076516 0.932494794421518 0.832494794421518 0.959259368298887 0.832494794421518
"CCR" 24 0.946666666666667 0.986666666666667 1 0.953333333333333 0.986666666666667 0.986666666666667
"ARI" 24 0.851148576945253 0.962445299538286 1 0.868647281803186 0.960125577135439 0.960125577135439
"CCR" 25 0.926666666666667 0.926666666666667 0.926666666666667 0.92 0.92 0.94
"ARI" 25 0.797665269939129 0.797665269939129 0.797665269939129 0.77846952618272 0.775072218734447 0.938660590626529
"CCR" 26 0.96 0.993333333333333 1 0.953333333333333 1 1
"ARI" 26 0.888552581655709 0.980155357341454 0.888552581655709 0.867289527739768 1 1
"CCR" 27 0.94 0.986666666666667 0.986666666666667 0.933333333333333 0.98 0.98
"ARI" 27 0.833933614603417 0.959492094801541 0.959492094801541 0.807992581613543 0.938115277397302 0.938115277397302
"CCR" 28 0.993333333333333 0.993333333333333 0.99 0.746666666666667 0.76 0.993333333333333
"ARI" 28 0.979083298771731 0.979083298771731 0.828963839261489 0.546434056634106 0.553381114782053 0.979083298771731
"CCR" 29 0.96 1 1 0.96 1 1
"ARI" 29 0.912146432405198 1 1 0.912146432405198 1 1
"CCR" 30 0.953333333333333 0.993333333333333 0.953333333333333 0.953333333333333 1 1
"ARI" 30 0.87283266850551 0.980352182046134 0.873526987153543 0.872551724958664 1 1
"CCR" 31 0.953333333333333 0.986666666666667 0.993333333333333 0.906666666666667 0.973333333333333 0.98
"ARI" 31 0.856651495487409 0.95739564735254 0.97845263845482 0.736638085509426 0.915502084884769 0.936502023057123
"CCR" 32 0.98 0.98 0.98 0.966666666666667 0.98 0.98
"ARI" 32 0.945112530535908 0.945112530535908 0.945112530535908 0.900637067445904 0.945112530535908 0.945112530535908
"CCR" 33 0.933333333333333 0.98 0.9986666666666667 0.926666666666667 0.986666666666667 0.983333333333333
"ARI" 33 0.811745971838236 0.942617052253458 0.963238689479665 0.791829581673179 0.957836264264367 0.978685037003595
"CCR" 34 0.966666666666667 0.973333333333333 0.986666666666667 0.893333333333333 0.973333333333333 0.916666666666667
"ARI" 34 0.89944947941097 0.918303827673243 0.958373855052557 0.713301045627405 0.916738553627046 0.92591132454897
"CCR" 35 0.96 1 0.993333333333333 0.94 0.993333333333333 0.993333333333333
"ARI" 35 0.882464519794183 1 0.979198198852547 0.824852674284766 0.978800901459653 0.979198198852547
"CCR" 36 0.98 1 1 0.98 1 1
"ARI" 36 0.937545176121672 1 1 0.937545176121672 1 1
"CCR" 37 0.986666666666667 0.993333333333333 0.993333333333333 0.986666666666667 0.986666666666667 0.986666666666667
"ARI" 37 0.959748023709008 0.979652155016479 0.979652155016479 0.959748023709008 0.959671822827112 0.959748023709008
"CCR" 38 0.933333333333333 0.986666666666667 0.993333333333333 0.933333333333333 0.986666666666667 0.98
"ARI" 38 0.808605018651377 0.957892393065449 0.978711992138789 0.812739706024511 0.957892393065449 0.937074251444805
"CCR" 39 0.96 1 0.973333333333333 0.966666666666667 0.993333333333333 0.973333333333333
"ARI" 39 0.879191282202318 1 0.917234148370794 0.90280009485667 0.978685037003595 0.917234148370794
"CCR" 40 0.946666666666667 0.993333333333333 0.946666666666667 0.94 0.946666666666667 0.946666666666667
"ARI" 40 0.870310979792162 0.982211103136968 0.870310979792162 0.856145034983372 0.870310979792162 0.870310979792162
"CCR" 41 0.973333333333333 0.993333333333333 0.96 0.96 0.96 1
"ARI" 41 0.93533092439963 0.983160897775862 0.906156339089001 0.906156339089001 0.906156339089001 1
"CCR" 42 0.92 0.986666666666667 0.986666666666667 0.72 0.72 0.986666666666667
"ARI" 42 0.804850647441812 0.962918112617414 0.962918112617414 0.614449126468876 0.614449126468876 0.962918112617414
"CCR" 43 1 1 1 1 1 0.94
"ARI" 43 1 1 1 1 1 0.838769767235323
"CCR" 44 0.986666666666667 0.986666666666667 0.993333333333333 0.986666666666667 0.986666666666667 0.993333333333333
"ARI" 44 0.960924567736554 0.960924567736554 0.980226893495576 0.960924567736554 0.960924567736554 0.980226893495576
"CCR" 45 0.986666666666667 0.986666666666667 0.946666666666667 0.986666666666667 0.98 0.98
"ARI" 45 0.961322743509442 0.960988693035483 0.856633276795599 0.961322743509442 0.941945007239761 0.941945007239761
"CCR" 46 0.926666666666667 0.986666666666667 0.993333333333333 0.926666666666667 0.986666666666667 0.986666666666667
"ARI" 46 0.81113470701709 0.961516309078277 0.980536014957735 0.81113470701709 0.96161701422446 0.961516309078277
"CCR" 47 0.986666666666667 0.98 0.98 0.986666666666667 0.986666666666667 0.986666666666667
"ARI" 47 0.965007973276425 0.947805988523851 0.947805988523851 0.965007973276425 0.964874303266133 0.964874303266133
"CCR" 48 0.986666666666667 0.986666666666667 0.996666666666667 0.986666666666667 0.993333333333333 0.993333333333333
"ARI" 48 0.960616252881093 0.960531613559466 0.960531613559466 0.960616252881093 0.980047017132539 0.980047017132539
"CCR" 49 0.986666666666667 0.993333333333333 1 0.94 0.993333333333333 0.953333333333333
"ARI" 49 0.964221712047374 0.981244385099723 1 0.844294454165559 0.981244385099723 0.882737257757303
"CCR" 50 0.933333333333333 0.986666666666667 0.993333333333333 0.94 0.98 0.993333333333333
"ARI" 50 0.812397192325228 0.958483742365992 0.979083298771731 0.828963839261489 0.938210142336133 0.979083298771731
"CCR" 51 0.973333333333333 0.993333333333333 0.966666666666667 0.973333333333333 0.986666666666667 0.966666666666667
"ARI" 51 0.929740410706914 0.981664995405122 0.913349702765572 0.929740410706914 0.963788327526132 0.913349702765572
"CCR" 52 0.92 0.993333333333333 0.95 0.913333333333333 0.993333333333333 0.686666666666667
"ARI" 52 0.791501864253947 0.980160799783802 0.791501864253947 0.777178533220109 0.980160799783802 0.514304989100542
"CCR" 53 0.98 1 1 0.973333333333333 0.986666666666667 0.986666666666667
"ARI" 53 0.945352886486209 1 1 0.921727918679763 0.953865450373411 0.953865450373411
"CCR" 54 0.946666666666667 0.993333333333333 0.98 0.946666666666667 1 0.946666666666667
"ARI" 54 0.846484440613696 0.979144976244763 0.938417100101409 0.846484440613696 1 0.846484440613696
"CCR" 55 0.96 0.993333333333333 1 0.96 0.986666666666667 1
"ARI" 55 0.902608694594729 0.982619646283204 1 0.902608694594729 0.965696390390528 1
"CCR" 56 0.98 0.986666666666667 0.993333333333333 0.973333333333333 0.986666666666667 0.986666666666667
"ARI" 56 0.943704580584519 0.961997116340563 0.980763311186168 0.921564428378399 0.961997116340563 0.961997116340563
"CCR" 57 0.933333333333333 0.993333333333333 0.933333333333333 0.933333333333333 0.993333333333333 1
"ARI" 57 0.829821113578527 0.980919667274583 0.828125353830642 0.829821113578527 0.980919667274583 1
"CCR" 58 0.966666666666667 0.993333333333333 0.993333333333333 0.686666666666667 0.98 0.986666666666667
"ARI" 58 0.898119135991855 0.978703420762539 0.978703420762539 0.427071947417134 0.936887792136716 0.94786647390992
"CCR" 59 1 1 1 0.993333333333333 0.993333333333333 1
"ARI" 59 1 1 1 0.976679532023611 0.976679532023611 1
"CCR" 60 0.786666666666667 0.786666666666667 0.986666666666667 0.993333333333333 0.993333333333333 0.986666666666667
"ARI" 60 0.6280244291949 0.6280244291949 0.962076172594987 0.980939312977562 0.980871321180378 0.962076172594987
"CCR" 61 0.946666666666667 1 0.993333333333333 0.96 0.993333333333333 0.946666666666667
"ARI" 61 0.843635951647472 1 0.978711992138789 0.879843750538679 0.978789925065155 0.843635951647472
"CCR" 62 0.746666666666667 0.993333333333333 0.946666666666667 0.753333333333333 0.753333333333333 0.786666666666667
"ARI" 62 0.551864951775176 0.981685455419181 0.865313748979028 0.590292455151011 0.590292455151011 0.955475281096973
"CCR" 63 0.92 0.986666666666667 0.986666666666667 0.926666666666667 0.986666666666667 0.993333333333333
"ARI" 63 0.764962431353343 0.956114311489088 0.956114311489088 0.78330993196463 0.956114311489088 0.977887638999769
"CCR" 64 0.96 1 1 0.953333333333333 0.986666666666667 0.953333333333333
"ARI" 64 0.883643548749357 1 1 0.865900703669471 0.959135125576735 0.865900703669471
"CCR" 65 0.966666666666667 0.966666666666667 0.993333333333333 0.966666666666667 1 1
"ARI" 65 0.917243516060521 0.909285880540535 0.977009080364797 0.917243516060521 1 1
"CCR" 66 0.94 0.993333333333333 0.993333333333333 0.933333333333333 0.986666666666667 0.94
"ARI" 66 0.83331112587465 0.97949457786672 0.97949457786672 0.815325079619671 0.957896194616713 0.83331112587465
"CCR" 67 0.966666666666667 0.993333333333333 0.993333333333333 0.986666666666667 0.993333333333333 0.993333333333333
"ARI" 67 0.905755850727388 0.980225171984655 0.980225171984655 0.962676567310462 0.980225171984655 0.980225171984655
"CCR" 68 0.98 0.993333333333333 1 0.94 0.993333333333333 1
"ARI" 68 0.940986264907285 0.979856086678479 1 0.83595856571374 0.979856086678479 1
"CCR" 69 0.94 0.993333333333333 0.993333333333333 0.94 0.973333333333333 0.986666666666667
"ARI" 69 0.838913248659601 0.980173786818814 0.980173786818814 0.83912186375981 0.923659444570204 0.960704706716063
"CCR" 70 0.966666666666667 0.986666666666667 1 0.96 0.986666666666667 0.966666666666667
"ARI" 70 0.9081871396679 0.965068376893927 1 0.886423998596114 0.961534293281886 0.9081871396679
"CCR" 71 0.946666666666667 1 1 0.673333333333333 0.98 0.78
"ARI" 71 0.865875908157244 1 1 0.418905315753112 0.944294487028908 0.617356886098763
"CCR" 72 0.933333333333333 1 1 1 0.993333333333333 1
"ARI" 72 0.837548635034725 1 1 1 0.981593288751288 1
"CCR" 73 0.96 0.966666666666667 0.966666666666667 0.953333333333333 0.966666666666667 0.973333333333333
"ARI" 73 0.898546846568796 0.910087379248611 0.930087379248611 0.883212249140235 0.910087379248611 0.927180043983234
"CCR" 74 0.966666666666667 0.993333333333333 1 0.96 0.966666666666667 0.96
"ARI" 74 0.897347837884739 0.978571631716684 1 0.87819609034936 0.897347837884739 0.87819609034936
"CCR" 75 0.973333333333333 0.98 1 0.946666666666667 0.986666666666667 0.986666666666667
"ARI" 75 0.922515921154605 0.940969424151406 1 0.853396590239103 0.960322560437282 0.960322560437282
"CCR" 76 0.973333333333333 0.98 0.98 0.973333333333333 0.973333333333333 0.966666666666667
"ARI" 76 0.919996221623864 0.939040407261692 0.939040407261692 0.919996221623864 0.917289921952772 0.897792014844532
"CCR" 77 0.94 0.986666666666667 0.986666666666667 0.94 0.986666666666667 0.986666666666667
"ARI" 77 0.831335684868013 0.959009753671493 0.959009753671493 0.831335684868013 0.959009753671493 0.959009753671493
"CCR" 78 0.993333333333333 0.993333333333333 0.953333333333333 0.92 0.986666666666667 0.98
"ARI" 78 0.98253986776277 0.98253986776277 0.887777939156558 0.821587651910103 0.965422276492675 0.948654646736206
"CCR" 79 1 1 1 1 0.993333333333333 0.993333333333333
"ARI" 79 1 1 1 1 0.980000876203222 0.980000876203222
"CCR" 80 0.966666666666667 1 1 0.966666666666667 0.993333333333333 1
"ARI" 80 0.914464208942816 1 1 0.914464208942816 0.977396494949462 1
"CCR" 81 0.94 0.993333333333333 0.993333333333333 0.96 0.993333333333333 0.993333333333333
"ARI" 81 0.840980650155533 0.98045379325987 0.98045379325987 0.890392203269416 0.98045379325987 0.98045379325987
"CCR" 82 0.866666666666667 0.986666666666667 0.953333333333333 0.96 0.98 0.993333333333333
"ARI" 82 0.685133644408889 0.959522248869512 0.97712897799024 0.889447696966031 0.940221803751607 0.979607282273845
"CCR" 83 0.96 1 1 0.953333333333333 1 1
"ARI" 83 0.877929383202024 1 1 0.858673383215734 1 1
"CCR" 84 0.986666666666667 1 1 0.993333333333333 0.993333333333333 0.986666666666667
"ARI" 84 0.963093898232456 1 1 0.981313002514476 0.98123487123977 0.963093898232456
"CCR" 85 0.966666666666667 1 0.966666666666667 0.973333333333333 0.986666666666667 0.993333333333333
"ARI" 85 0.903615216708682 1 0.9081871396679 0.928061619648941 0.958050876594353 0.977141720190733
"CCR" 86 0.98 0.993333333333333 0.993333333333333 0.82 0.973333333333333 0.973333333333333
"ARI" 86 0.941728465479155 0.980113009078763 0.980113009078763 0.626337598546144 0.918702475287124 0.918702475287124
"CCR" 87 0.993333333333333 0.993333333333333 0.993333333333333 0.933333333333333 0.986666666666667 0.986666666666667
"ARI" 87 0.979218229235325 0.979156511377947 0.979156511377947 0.813616969111703 0.958768715054783 0.958768715054783
"CCR" 88 0.973333333333333 0.993333333333333 0.96 0.973333333333333 0.993333333333333 1
"ARI" 88 0.926572017301449 0.980939312977562 0.892706818799443 0.926572017301449 0.980939312977562 1
"CCR" 89 0.993333333333333 0.986666666666667 0.986666666666667 0.953333333333333 0.973333333333333 0.986666666666667
"ARI" 89 0.982110149162986 0.964675182306344 0.964529620152002 0.884992529142226 0.930869711610265 0.964529620152002
"CCR" 90 0.993333333333333 0.98 1 0.766666666666667 0.966666666666667 0.986666666666667
"ARI" 90 0.980469882628642 0.942229176988569 1 0.582199217735637 0.906563029296205 0.958021361237132
"CCR" 91 0.986666666666667 0.986666666666667 0.94 0.94 0.98 0.986666666666667
"ARI" 91 0.965140330144209 0.965140330144209 0.858970284610821 0.858970284610821 0.948385629961541 0.965140330144209
"CCR" 92 0.966666666666667 1 1 0.96 1 0.82
"ARI" 92 0.909048190350351 1 1 0.892267480324354 1 0.628909006384403
"CCR" 93 0.933333333333333 0.98 0.933333333333333 0.933333333333333 0.973333333333333 0.973333333333333
"ARI" 93 0.823420971777202 0.94172294913409 0.823420971777202 0.823420971777202 0.923193126901736 0.923193126901736
"CCR" 94 0.933333333333333 0.98 0.98 0.926666666666667 0.933333333333333 0.973333333333333
"ARI" 94 0.818393028731656 0.945255571375244 0.945255571375244 0.795222301792416 0.811290887896603 0.925325019327075
"CCR" 95 0.94 1 0.94 0.94 0.993333333333333 1
"ARI" 95 0.836655622808516 1 0.836655622808516 0.836655622808516 0.979933054567499 1
"CCR" 96 0.946666666666667 0.98 0.986666666666667 0.946666666666667 0.98 0.993333333333333
"ARI" 96 0.863322238567274 0.945077235371478 0.962935037856174 0.863322238567274 0.945077235371478 0.981244385099723
"CCR" 97 1 0.98 0.993333333333333 1 0.98 0.986666666666667
"ARI" 97 1 0.943708268681323 0.980853189970821 1 0.943708268681323 0.96208652220529
"CCR" 98 0.98 0.993333333333333 1 0.973333333333333 1 1
"ARI" 98 0.947182406800975 0.981351965751802 1 0.929794539947167 1 1
"CCR" 99 0.98 0.993333333333333 0.993333333333333 0.99 0.993333333333333 0.993333333333333
"ARI" 99 0.942801479190051 0.980461051497081 0.980461051497081 0.942801479190051 0.980461051497081 0.980461051497081
"CCR" 100 0.973333333333333 0.986666666666667 0.986666666666667 0.966666666666667 0.986666666666667 0.906666666666667
"ARI" 100 0.921986360226593 0.960052387850886 0.960052387850886 0.903669999304408 0.960052387850886 0.804016732445572
