"AIC" 1 9922.36139703611 9543.75568860482 9496.79729558678 10034.4930359064 9667.07567582457 9621.68378270033
"BIC" 1 10024.7229970354 9655.14919448638 9617.22270735063 10130.8333653174 9772.44791111794 9736.08792387599
"ICL" 1 10026.4095110693 9663.02535834618 9621.31150703526 10135.2587723483 9788.12342558057 9742.54418630041
"AWE" 1 10298.7711110686 9959.41886422774 9941.73691879911 10391.5991017594 10068.4956608739 10046.9483274761
"AIC" 2 10017.5446604291 9655.95235711614 9896.86491348492 10402.2590463599 10097.8023572499 9766.40882027274
"BIC" 2 10119.9062604284 9767.34586299771 10017.2903252488 10498.599375771 10203.1745925433 9880.8129614484
"ICL" 2 10120.0933284872 9772.86527349065 10018.1481096339 10499.7567067888 10204.4017977344 9881.49351142464
"AWE" 2 10392.4549284865 10069.2587793722 10338.5735213978 10756.0970361998 10484.7740330277 10185.8976526003
"AIC" 3 10080.8016326013 9743.9276061803 9721.43267478022 10226.6182931686 9924.62142027375 9873.82836069566
"BIC" 3 10183.1632326006 9855.32111206187 9841.85808654407 10322.9586225797 10029.9936555671 9988.23250187132
"ICL" 3 10185.847465841 9864.43489982416 9844.18208531626 10323.9897144438 10034.4203173428 9991.61154815841
"AWE" 3 10458.2090658403 10160.8284057057 10164.6074970801 10580.3300438549 10314.7925526362 10296.0156893341
"AIC" 4 10063.4460327272 9762.51944961347 9728.30065515431 10189.6422052363 9891.46411684704 9857.57155227772
"BIC" 4 10165.8076327265 9873.91295549503 9848.72606691816 10285.9825346474 9996.83635214041 9971.97569345337
"ICL" 4 10167.9149412326 9874.92217012118 9850.20655248725 10287.5721285421 9999.58951981438 9974.09217141189
"AWE" 4 10440.2765412319 10171.3156760027 10170.6319642511 10543.9124579532 10279.9617551078 10278.4963125875
"AIC" 5 10296.3368546096 9927.16266808616 9872.10676882298 10429.430787914 10060.1057966814 10004.6214959684
"BIC" 5 10398.6984546089 10038.5561739677 9992.53218058683 10525.7711173251 10165.4780319748 10119.025637144
"ICL" 5 10401.3060832516 10046.5449996242 9997.45559152166 10530.0011059076 10177.101811755 10128.559715688
"AWE" 5 10673.6676832509 10342.9385055058 10317.8810032855 10786.3414353187 10457.4740470484 10432.9638568636
"AIC" 6 9861.74410467084 9534.95087379222 9489.97004113031 9999.1189352187 9666.88366054388 9622.0031973838
"BIC" 6 9964.10570467011 9646.34437967378 9610.39545289416 10095.4592646298 9772.25589583725 9736.40733855946
"ICL" 6 9964.20037201613 9647.20019711321 9611.10331013862 10095.8688695968 9773.65481306297 9737.27427571228
"AWE" 6 10236.5619720154 9943.59370299477 9931.52872190247 10352.2091990079 10054.0270483563 10041.6784168879
"AIC" 7 9902.86348163306 9601.92622210485 9596.30439716296 10076.266175372 9779.75676072471 9771.4405695946
"BIC" 7 10005.2250816323 9713.31972798641 9716.72980892681 10172.606504783 9885.12899601808 9885.84471077026
"ICL" 7 10006.5536989233 9718.69462072701 9718.2676730248 10174.7869346206 9890.20726776762 9886.54042814349
"AWE" 7 10278.9152989226 10015.0881266086 10038.6930847886 10431.1272640317 10170.579503061 10190.9445693191
"AIC" 8 9944.56541708878 9598.64502545363 9597.84870529941 10127.124126646 9755.95951980581 9701.36460841484
"BIC" 8 10046.9270170881 9710.0385313352 9718.27411706326 10223.4644560571 9861.33175509918 9815.7687495905
"ICL" 8 10047.91629988 9716.29104640598 9720.90729163653 10226.4807914531 9869.830652995 9821.02465497289
"AWE" 8 10320.2778998793 10012.6845522875 10041.3327034004 10482.8211208642 10150.2028882884 10125.4287961485
"AIC" 9 10050.1025223158 9649.89591826849 9598.07914122976 10195.0233511651 9791.56732079863 9737.79857376905
"BIC" 9 10152.4641223151 9761.28942415006 9718.50455299361 10291.3636805762 9896.939556092 9852.2027149447
"ICL" 9 10154.079562198 9766.14900877693 9723.09732000106 10292.5676185874 9903.39061834741 9856.99165696195
"AWE" 9 10426.4411621973 10062.5425146585 10043.5227317649 10548.9079479985 10183.7628536408 10161.3957981376
"AIC" 10 9469.02915721958 9185.6967521442 9147.93709020133 9606.06819660772 9322.66417681278 9277.40515394306
"BIC" 10 9571.39075721885 9297.09025802576 9268.36250196518 9702.4085260188 9428.03641210615 9391.80929511872
"ICL" 10 9571.87062429892 9297.59664029545 9268.86894379297 9704.06709471288 9430.31798712114 9397.02361047968
"AWE" 10 9844.23222429819 9593.99014617702 9589.29435555682 9960.40742412396 9710.69022241451 9701.42775165534
"AIC" 11 9945.81625280993 9582.38026242803 9522.45844297834 10342.1202154187 9717.24143430375 9656.89173242607
"BIC" 11 10048.1778528092 9693.77376830959 9642.88385474219 10438.4605448298 9822.61366959712 9771.29587360172
"ICL" 11 10050.4777153798 9697.42642079305 9647.34636034985 10438.480395021 9828.16855585119 9776.81477020406
"AWE" 11 10322.8393153791 9993.81992667462 9967.7717721137 10694.8207244321 10108.5407911446 10081.2189113797
"AIC" 12 10401.3694848535 10115.6179747467 9747.73466096737 10275.9183739076 9943.63632866213 9895.97950089687
"BIC" 12 10503.7310848528 10227.0114806283 9868.16007273122 10372.2587033187 10049.0085639555 10010.3836420725
"ICL" 12 10504.1018783592 10227.4174949667 9876.95225339812 10374.6639609459 10064.2302718313 10021.0811846732
"AWE" 12 10776.4634783585 10523.8110008483 10197.377665162 10631.004290357 10344.6025071247 10325.4853258488
"AIC" 13 9862.68833467932 9621.95275922298 9578.65450746453 10021.1520839952 9777.30885108721 9735.91604249151
"BIC" 13 9965.04993467859 9733.34626510455 9699.07991922838 10117.4924134063 9882.68108638058 9850.32018366717
"ICL" 13 9965.18026850874 9737.32429018381 9703.7016943087 10118.3445799366 9890.07077795897 9857.11161171966
"AWE" 13 10237.541868508 10033.7177960654 10024.1271060726 10374.6849093477 10170.4430132523 10161.5157528953
"AIC" 14 10110.4686113694 9715.28926132199 9657.74523789968 10226.766023516 9844.25245210255 9816.65562221153
"BIC" 14 10212.8302113687 9826.68276720355 9778.17064966353 10323.1063529271 9949.62468739592 9931.05976338719
"ICL" 14 10216.2368119996 9832.59116846838 9782.85603128564 10324.5220961451 9957.50773878339 9933.35034249264
"AWE" 14 10488.5984119988 10128.9846743499 10103.2814430495 10580.8624255562 10237.8799740768 10237.7544836683
"AIC" 15 9985.96739569302 9609.38450218996 9557.04284580115 10155.7183749158 9787.53453581819 9759.17071006841
"BIC" 15 10088.3289956923 9720.77800807152 9677.468257565 10252.0587043269 9892.90677111156 9873.57485124407
"ICL" 15 10089.9976970107 9725.37167055093 9681.53003500437 10254.0686651802 9899.64978781409 9874.92715443729
"AWE" 15 10362.35929701 10021.7651764325 10001.9554467682 10510.4089945913 10180.0220231075 10179.3312956129
"AIC" 16 10334.8174935843 9948.68212865163 9918.61904271054 10506.5820457568 10120.6002092382 10091.2037167977
"BIC" 16 10437.1790935835 10060.0756345332 10039.0444544744 10602.9223751679 10225.9724445316 10205.6078579734
"ICL" 16 10439.1609377403 10065.6321595778 10044.2455912985 10606.2930829853 10234.0031118841 10211.7352702693
"AWE" 16 10711.5225377396 10362.0256654594 10364.6710030623 10862.6334123964 10514.3753471775 10516.139411445
"AIC" 17 10029.05733154 9710.24082034175 9726.10437377481 10184.3436282017 9878.09996476405 9880.0702188863
"BIC" 17 10131.4189315393 9821.63432622331 9846.52978553866 10280.6839576128 9983.47220005742 9994.47436006195
"ICL" 17 10132.0315535829 9829.97969250072 9846.71526133549 10281.7322170762 9997.57801541717 9995.77381309062
"AWE" 17 10404.3931535822 10126.3731983823 10167.1406730993 10538.0725464873 10277.9502507105 10300.1779542663
"AIC" 18 10391.9944764879 9721.16686291533 9729.88105529397 10186.0262689957 9849.91061761577 9845.1971806664
"BIC" 18 10494.3560764872 9832.56036879689 9850.30646705782 10282.3665984068 9955.28285290914 9959.60132184206
"ICL" 18 10494.3606726208 9841.83948256096 9851.84047557674 10285.3348200319 9963.94341204465 9960.91950553217
"AWE" 18 10766.72227262 10138.2329884425 10172.2658873406 10541.675149443 10244.315647338 10265.3236467078
"AIC" 19 10108.4059250753 9729.61567320573 9695.09837048767 10254.9860812907 9878.30634855002 9812.81721684961
"BIC" 19 10210.7675250746 9841.00917908729 9815.52378225152 10351.3264107018 9983.67858384339 9927.22135802527
"ICL" 19 10211.9607671422 9848.35678751822 9816.12720410979 10352.5007692268 9991.95086039854 9934.60545177662
"AWE" 19 10484.3223671415 10144.7502933998 10136.5526158736 10608.8410986379 10272.3230956919 10239.0095929523
"AIC" 20 10000.0977491269 9708.31492167337 9663.99098580446 10135.2209776552 9843.79301510749 9799.90846475444
"BIC" 20 10102.4593491262 9819.70842755493 9784.41639756831 10231.5613070663 9949.16525040086 9914.3126059301
"ICL" 20 10103.2312383098 9824.0824904278 9789.24108847712 10232.2447220927 9953.1479246764 9918.58513581805
"AWE" 20 10375.5928383091 10120.4759963094 10109.666500241 10488.5850515038 10233.5201599698 10222.9892769937
"AIC" 21 10590.5952479292 9915.15724437026 9856.83179700508 10418.4739161499 10049.5602316334 9991.27069408652
"BIC" 21 10692.9568479284 10026.5507502518 9977.25720876893 10514.814245561 10154.9324669268 10105.6748352622
"ICL" 21 10693.9322347265 10034.3659903617 9983.17613933188 10519.1148397575 10166.366855162 10113.4729342733
"AWE" 21 10966.2938347258 10330.7594962433 10303.6015510957 10775.4551691686 10446.7390904554 10417.8770754489
"AIC" 22 9783.45860275078 9463.24323652802 9424.006807861 9907.42453011411 9592.15571878197 9553.15932608996
"BIC" 22 9885.82020275006 9574.63674240958 9544.43221962485 10003.7648595252 9697.52795407534 9667.56346726562
"ICL" 22 9887.74514157891 9577.9667292981 9546.32648242946 10006.0893734909 9701.35931130849 9670.01943783033
"AWE" 22 10160.1067415782 9874.36023517967 9866.75189419331 10262.429702902 9981.73154660186 9974.42357900599
"AIC" 23 10079.3049577333 9714.71885059196 9741.68123872846 10198.9675127395 9841.9220700476 9861.59439835019
"BIC" 23 10181.6665577326 9826.11235647353 9862.10665049231 10295.3078421505 9947.29430534097 9975.99853952584
"ICL" 23 10184.4213156422 9830.6440344215 9864.23161949701 10296.7608424132 9953.36976044739 9977.14038103117
"AWE" 23 10456.7829156415 10127.0375403031 10184.6570312609 10553.1011718243 10233.7419957408 10281.5445222068
"AIC" 24 9875.9639702818 9484.91413491456 9431.64360116804 10032.4081350438 9644.7741686186 9592.12644566685
"BIC" 24 9978.32557028107 9596.30764079612 9552.06901293189 10128.7484644549 9750.14640391197 9706.53058684251
"ICL" 24 9982.00481293166 9603.80155278965 9558.56226793411 10131.5373145303 9757.89663759737 9713.28874214837
"AWE" 24 10254.3664129309 9900.19505867121 9878.98767969796 10387.8776439414 10038.2688728907 10017.692883324
"AIC" 25 9909.01376098618 9624.22161964981 9576.48458686097 10047.1663518155 9761.8096295971 9668.58185816528
"BIC" 25 10011.3753609855 9735.61512553138 9696.90999862482 10143.5066812265 9867.18186489047 9782.98599934094
"ICL" 25 10011.9944233547 9736.78000235796 9697.16925790944 10145.9492793701 9872.88654045068 9792.08608684172
"AWE" 25 10284.356023354 10033.1735082395 10017.5946696733 10402.2896087812 10153.258775744 10096.4902280174
"AIC" 26 9851.13028820719 9540.20821363113 9530.10561853339 9990.21497796514 9693.1161559177 9648.0702974306
"BIC" 26 9953.49188820646 9651.6017195127 9650.53103029724 10086.5553073762 9798.48839121107 9762.47443860625
"ICL" 26 9954.0450936321 9655.32195190396 9651.75130453982 10087.9902208291 9805.93713400018 9767.65080482006
"AWE" 26 10226.4066936314 9951.71545778552 9972.17671630367 10344.3305502401 10086.3093692935 10072.0549459957
"AIC" 27 10244.9209878761 9837.48853496729 9783.87486985263 10380.8405021422 9995.30216462788 9942.5226613419
"BIC" 27 10347.2825878754 9948.88204084885 9904.30028161648 10477.1808315533 10100.6743999212 10056.9268025176
"ICL" 27 10352.3412208868 9955.4414966707 9909.69842218693 10481.1280695588 10112.1874883189 10066.6498324781
"AWE" 27 10624.7028208861 10251.8350025523 10230.1238339508 10737.4683989699 10392.5597236123 10371.0539736538
"AIC" 28 9625.99520973878 9306.92832498872 9290.86579596528 10073.4690301565 9841.52329586393 9368.40906966157
"BIC" 28 9728.35680973805 9418.32183087028 9411.29120772913 10169.8093595676 9946.8955311573 9482.81321083723
"ICL" 28 9728.97136341415 9420.52626069228 9412.02275537333 10169.8155822603 9948.76163013584 9485.51361199471
"AWE" 28 10001.3329634134 9716.91976657384 9732.44816713718 10426.1559116714 10229.1338654292 9789.91775317037
"AIC" 29 9912.4390716968 9578.88341034337 9526.54624430545 10071.0110597374 9741.767705026 9689.23486603033
"BIC" 29 10014.8006716961 9690.27691622493 9646.9716560693 10167.3513891485 9847.13994031937 9803.63900720598
"ICL" 29 10016.4729863983 9692.39633664456 9648.35773637926 10168.8668861541 9849.16677990085 9804.87089444621
"AWE" 29 10288.8345863976 9988.78984252612 9968.78314814311 10425.2072155652 10129.5390151942 10109.2750356219
"AIC" 30 10030.0627356649 9642.61228971742 9634.42394991096 10182.0503677122 9802.80289458261 9756.55598403381
"BIC" 30 10132.4243356641 9754.00579559898 9754.84936167481 10278.3906971233 9908.17512987598 9870.96012520947
"ICL" 30 10134.3541264404 9759.68552388368 9757.23571644936 10280.2996850267 9916.40420805259 9876.28662428947
"AWE" 30 10406.7157264397 10056.0790297652 10077.6611282132 10536.6400144378 10196.776443346 10180.6907654651
"AIC" 31 9938.33202234802 9573.8087604192 9505.18159427912 10043.9379160951 9719.96968935289 9651.30864873349
"BIC" 31 10040.6936223473 9685.20226630076 9625.60700604297 10140.2782455062 9825.34192464625 9765.71278990915
"ICL" 31 10042.7821283105 9692.25745034219 9632.52271812186 10143.4096464489 9834.89544197728 9775.60044497539
"AWE" 31 10315.1437283097 9988.65095622375 9952.94812988571 10399.74997586 10115.2676772706 10080.0045861511
"AIC" 32 9933.73961761641 9605.93482146347 9560.82833282294 10075.7725440501 9753.22008655053 9708.16656347756
"BIC" 32 10036.1012176157 9717.32832734503 9681.25374458679 10172.1128734612 9858.5923218439 9822.57070465322
"ICL" 32 10037.3749447727 9718.28936515708 9682.00967836321 10173.4021593268 9861.29390859268 9824.80517512702
"AWE" 32 10309.736544772 10014.6828710386 10002.4350901271 10429.7424887379 10141.6661438861 10129.2093163027
"AIC" 33 9729.7201314035 9438.80399389694 9375.34434317056 9888.45143397784 9603.54647258372 9540.15653152561
"BIC" 33 9832.08173140277 9550.19749977851 9495.76975493441 9984.79176338892 9708.91870787709 9654.56067270127
"ICL" 33 9834.42594853269 9557.64552947929 9502.36647272237 9986.89984541859 9718.41838781249 9662.40150446134
"AWE" 33 10106.787548532 9854.03903536085 9822.79188448622 10243.2401748297 9998.79062310586 9966.805645637
"AIC" 34 10029.6611593759 9635.84027786393 9589.70870908343 10138.4726005409 9757.80853265666 9714.0415961844
"BIC" 34 10132.0227593752 9747.23378374549 9710.13412084728 10234.812929952 9863.18076795003 9828.44573736005
"ICL" 34 10137.5055049033 9759.89901102119 9718.8366619928 10237.0957954649 9879.86560769506 9839.12795272365
"AWE" 34 10409.8671049025 10056.2925169027 10039.2620737566 10493.436124876 10160.2378429884 10143.5320938993
"AIC" 35 9822.83334642883 9423.3773167977 9392.47901586397 9948.39414360157 9592.1581215499 9563.63340236756
"BIC" 35 9925.1949464281 9534.77082267927 9512.90442762782 10044.7344730127 9697.53035684327 9678.03754354322
"ICL" 35 9928.23448980127 9539.89851192043 9518.02197179656 10046.8686086512 9706.05845886771 9686.17780748101
"AWE" 35 10200.5960898005 9836.29201780199 9838.44738356041 10303.2089380623 9986.43069416108 9990.58194865667
"AIC" 36 9864.9353292689 9568.11482941154 9551.53291375783 9994.98124963196 9697.29457541781 9680.97605863064
"BIC" 36 9967.29692926817 9679.5083352931 9671.95832552168 10091.321579043 9802.66681071118 9795.3801998063
"ICL" 36 9967.88318070863 9684.51109335355 9676.47887843633 10092.5508678571 9810.36805360324 9801.72402135441
"AWE" 36 10240.2447807079 9980.90459923511 9996.90429020018 10348.8911972682 10090.7402888966 10106.1281625301
"AIC" 37 9721.4892760333 9371.09488849162 9339.37362700424 9858.4403412445 9509.12119650608 9477.53620149054
"BIC" 37 9823.85087603257 9482.48839437318 9459.79903876809 9954.78067065557 9614.49343179945 9591.9403426662
"ICL" 37 9824.91755118886 9485.44489991836 9461.52982820137 9956.81422783679 9619.42933099468 9593.87612978331
"AWE" 37 10097.2791511881 9781.83840579992 9781.95523996522 10213.1545572479 9899.80156628805 9898.28027095897
"AIC" 38 9737.30746006895 9503.97822711449 9465.87945735753 9857.80705658217 9623.24121655676 9584.44467843769
"BIC" 38 9839.66906006822 9615.37173299605 9586.30486912138 9954.14738599325 9728.61345185013 9698.84881961335
"ICL" 38 9843.3555606575 9625.47766742113 9596.84025773801 9957.86808375373 9743.56051202314 9711.33006526691
"AWE" 38 10115.7171606568 9921.8711733027 9917.26566950186 10214.2084131648 10023.9327473165 10015.7342064426
"AIC" 39 9912.7880729373 9572.2116759874 9534.87916920505 10049.0752914419 9713.11117944652 9676.38905516521
"BIC" 39 10015.1496729366 9683.60518186896 9655.3045809689 10145.415620853 9818.48341473989 9790.79319634087
"ICL" 39 10018.3757643044 9691.53154476422 9658.5337513235 10147.4356907813 9828.47822747215 9796.28497751091
"AWE" 39 10290.7373643036 9987.92505064578 9978.95916308735 10403.7760201923 10108.8504627655 10100.6891186866
"AIC" 40 10009.7516838861 9771.58948482619 9775.0058170788 10150.6198956265 9936.88726116718 9917.40354854584
"BIC" 40 10112.1132838854 9882.98299070775 9895.43122884265 10246.9602250375 10042.2594964606 10031.8076897215
"ICL" 40 10113.8785232734 9890.16130341238 9896.0576068011 10247.9837791322 10043.5465333825 10033.2776838714
"AWE" 40 10386.2401232726 10186.5548092939 10216.4830185649 10504.3241085433 10323.9187686759 10337.681825047
"AIC" 41 10003.0244181412 9582.07906315713 9573.87607967186 10174.2034504343 9802.11653681764 9725.58572886403
"BIC" 41 10105.3860181405 9693.4725690387 9694.30149143571 10270.5437798454 9907.48877211101 9839.98987003968
"ICL" 41 10107.5622859252 9696.14172587476 9694.57583005714 10271.3173059569 9909.46231501596 9843.23690186778
"AWE" 41 10379.9238859245 9992.53523175632 10015.001241821 10527.657635368 10189.8345503093 10147.6410430434
"AIC" 42 10033.8775802257 9702.60843903406 9653.78350217674 10530.5746283139 10245.8302737266 9832.96943657124
"BIC" 42 10136.2391802249 9814.00194491562 9774.20891394059 10626.9149577249 10351.20250902 9947.3735777469
"ICL" 42 10136.8901956649 9820.24071044914 9779.33389493884 10627.0266934765 10351.9463168445 9954.71886557823
"AWE" 42 10409.2517956641 10116.6342163307 10099.7593067027 10883.3670228876 10632.3185521379 10259.1230067539
"AIC" 43 9732.75257691065 9379.7681068941 9332.48738547964 9892.07774812339 9538.71616788873 9559.5459199799
"BIC" 43 9835.11417690992 9491.16161277566 9452.91279724349 9988.41807753447 9644.0884031821 9673.95006115556
"ICL" 43 9835.90960937455 9493.41657803556 9454.67580799075 9989.31767689967 9647.92873297977 9675.69306950527
"AWE" 43 10108.2712093738 9789.81008391712 9775.1012197546 10245.6580063107 9928.30096827314 9980.09721068093
"AIC" 44 9585.9386821792 9361.24665415298 9316.75183445824 9731.64207573524 9507.47459822491 9464.26350278297
"BIC" 44 9688.30028217847 9472.64016003454 9437.17724622209 9827.98240514632 9612.84683351828 9578.66764395863
"ICL" 44 9690.35555952101 9475.55238149517 9439.05419095491 9830.81456831616 9615.60407003593 9581.70879681597
"AWE" 44 9962.71715952029 9771.94588737673 9759.47960271876 10087.1548977272 9895.9763053293 9886.11293799163
"AIC" 45 10168.261474449 9811.98786224501 9796.94321132658 10311.021412896 9954.4865804685 9888.30437281194
"BIC" 45 10270.6230744483 9923.38136812657 9917.36862309043 10407.3617423071 10059.8588157619 10002.7085139876
"ICL" 45 10273.7878479009 9931.34491649143 9917.68327647864 10409.5395018145 10069.7892097527 10011.1145316284
"AWE" 45 10546.1494479002 10227.738422373 10238.1086882425 10665.8798312256 10350.1614450461 10315.5186728041
"AIC" 46 10052.0205693266 9708.84229960951 9646.21053089027 10183.7974758882 9844.20400350823 9784.78768205725
"BIC" 46 10154.3821693258 9820.23580549108 9766.63594265412 10280.1378052993 9949.5762388016 9899.19182323291
"ICL" 46 10155.6520881144 9826.63322015757 9771.83674171877 10281.4602697418 9956.27283418801 9907.24661797875
"AWE" 46 10428.0136881137 10123.0267260391 10092.2621534826 10537.8005991529 10236.6450694814 10211.6507591544
"AIC" 47 10170.5090742262 9814.99779924407 9786.34232402071 10315.9398538339 9960.3740192588 9932.10442702058
"BIC" 47 10272.8706742255 9926.39130512563 9906.76773578456 10412.280183245 10065.7462545522 10046.5085681962
"ICL" 47 10273.8667074121 9932.95051750505 9911.35157524194 10413.2342279536 10073.0453360564 10051.3686317207
"AWE" 47 10546.2283074114 10229.3440233866 10231.7769870058 10669.5745573646 10353.4175713498 10355.7727728963
"AIC" 48 9613.36828270321 9349.49673647314 9299.97472749755 9790.17353167658 9526.20662209996 9477.41314259586
"BIC" 48 9715.72988270248 9460.8902423547 9420.4001392614 9886.51386108766 9631.57885739333 9591.81728377151
"ICL" 48 9716.06253770896 9465.17455619517 9423.27276556314 9887.2848361825 9638.76469575805 9595.77923544498
"AWE" 48 9988.42413770823 9761.56806207673 9743.69817732699 10143.6251655936 9919.13693105142 9900.18337662064
"AIC" 49 9658.41577418685 9329.28296531349 9292.48921467877 9842.37809099156 9502.98560461886 9523.17518146728
"BIC" 49 9760.77737418612 9440.67647119505 9412.91462644262 9938.71842040264 9608.35783991223 9637.57932264294
"ICL" 49 9762.11268740345 9445.17944688035 9415.00256740613 9942.64916864001 9615.44235657404 9641.47981685887
"AWE" 49 10034.4742874027 9741.57295276191 9735.42797916998 10198.9894980511 9895.81459186741 9945.88395803452
"AIC" 50 9802.09201000085 9474.40714460166 9428.36260528226 9937.73498670311 9609.06053654061 9564.43135970146
"BIC" 50 9904.45361000013 9585.80065048322 9548.78801704611 10034.0753161142 9714.43277183398 9678.83550087712
"ICL" 50 9906.08182714603 9592.36138095847 9552.66958950162 10035.1585451845 9722.32392963411 9682.99661208004
"AWE" 50 10178.4434271453 9888.75488684003 9873.09500126547 10291.4988745956 10002.6961649275 9987.40075325569
"AIC" 51 10030.9376979606 9695.29106295532 9671.15419977928 10207.8177414204 9874.98890764091 9843.45104678657
"BIC" 51 10133.2992979599 9806.68456883688 9791.57961154313 10304.1580708314 9980.36114293427 9957.85518796223
"ICL" 51 10133.6768959372 9813.50102455092 9791.86057158981 10304.808748182 9988.86912943019 9959.47539326578
"AWE" 51 10406.0384959365 10109.8945304325 10112.2859833537 10561.149077593 10269.2413647236 10263.8795344414
"AIC" 52 9744.50509818914 9508.65716355951 9525.14609452473 9891.38092755949 9658.76196769003 9967.73737272144
"BIC" 52 9846.86669818841 9620.05066944107 9645.57150628858 9987.72125697057 9764.1342029834 10082.1415138971
"ICL" 52 9849.28730511111 9626.57599282697 9647.14361013185 9990.5519070323 9774.2779912741 10088.3351278226
"AWE" 52 10121.6489051104 9922.96949870853 9967.5690218957 10246.8922364434 10054.6502265675 10392.7392689983
"AIC" 53 9793.51960851867 9510.0955332514 9465.98824488261 9950.23531205326 9673.33948423335 9629.91444884547
"BIC" 53 9895.88120851794 9621.48903913296 9586.41365664646 10046.5756414643 9778.71171952672 9744.31859002112
"ICL" 53 9896.35858097857 9624.16071669234 9588.84665047931 10046.9688207561 9783.97267946812 9749.31615588134
"AWE" 53 10168.7201809778 9920.5542225739 9909.27206224316 10303.3091501672 10064.3449147615 10053.720297057
"AIC" 54 9941.24158403501 9613.54835860059 9549.64275374366 10088.2198461928 9765.82132565716 9731.3109085686
"BIC" 54 10043.6031840343 9724.94186448215 9670.06816550751 10184.5601756039 9871.19356095053 9845.71504974425
"ICL" 54 10043.9937059871 9734.69852352989 9680.40896554409 10185.2866686841 9884.88715084574 9846.1908930801
"AWE" 54 10316.3553059863 10031.0920294115 10000.8343773079 10441.6269980951 10165.2593861391 10150.5950342558
"AIC" 55 10373.616770094 9963.8611503293 9909.15539482726 10512.4944241686 10108.6244110977 10053.8358733048
"BIC" 55 10475.9783700933 10075.2546562109 10029.5808065911 10608.8347535797 10213.9966463911 10168.2400144804
"ICL" 55 10476.6450140937 10084.1387560089 10033.7655955569 10610.5616941158 10222.6231228346 10175.4303655232
"AWE" 55 10749.006614093 10380.5322618904 10354.1910073208 10866.9020235268 10502.9953581279 10479.8345066989
"AIC" 56 10069.2841435051 9752.56272289296 9713.11547222814 10234.8504746051 9920.60371953232 9881.54594070393
"BIC" 56 10171.6457435044 9863.95622877452 9833.54088399199 10331.1908040161 10025.9759548257 9995.95008187958
"ICL" 56 10172.6363787783 9866.84843331254 9838.29729066631 10334.2515343512 10031.5403347295 10002.8261163613
"AWE" 56 10444.9979787776 10163.2419391941 10158.7227024302 10590.5918637623 10311.9125700229 10307.2302575369
"AIC" 57 10266.7518049459 9826.81179355129 9814.85217488225 10434.7018966289 10011.735852855 9957.85281951368
"BIC" 57 10369.1134049452 9938.20529943285 9935.2775866461 10531.0422260399 10117.1080881483 10072.2569606893
"ICL" 57 10370.6393591567 9944.81888271653 9937.93074938795 10533.5537736598 10131.9639743665 10086.2047569865
"AWE" 57 10643.0009591559 10241.2123885981 10258.3561611518 10789.8941030709 10412.3362096598 10390.6088981621
"AIC" 58 9849.35205360304 9559.32886333915 9512.63530685177 10083.8598789385 9689.15732738391 9642.55607194938
"BIC" 58 9951.71365360231 9670.72236922071 9633.06071861562 10180.2002083496 9794.52956267728 9756.96021312503
"ICL" 58 9955.32789190778 9678.51125859722 9637.90735496888 10198.3607615184 9801.97270011768 9762.99274726987
"AWE" 58 10227.6894919071 9974.90476447878 9958.33276673273 10454.7010909295 10082.344935411 10067.3968884455
"AIC" 59 10014.2653455902 9658.00578837575 9621.3750926936 10167.2126992112 9810.99256994625 9777.01737267505
"BIC" 59 10116.6269455895 9769.39929425731 9741.80050445745 10263.5530286223 9916.36480523962 9891.4215138507
"ICL" 59 10117.9887894176 9773.87612708846 9745.75016690209 10264.8605207455 9921.55367976524 9896.48352820594
"AWE" 59 10390.3503894169 10070.26963297 10066.1755786659 10521.2008501566 10201.9259150586 10200.8876693816
"AIC" 60 10429.1911252678 10079.4423824879 9680.90652987487 10312.9589088588 9898.74289094272 9838.63756493794
"BIC" 60 10531.5527252671 10190.8358883694 9801.33194163872 10409.2992382699 10004.1151262361 9953.0417061136
"ICL" 60 10531.6319024559 10191.0174147788 9804.55997376647 10410.7403682083 10010.4976451878 9956.13925297857
"AWE" 60 10803.9935024552 10487.4109206604 10124.9853855303 10667.0806976194 10290.8698804812 10260.5433941542
"AIC" 61 10006.4970087818 9618.14321363067 9556.02303952694 10123.148665932 9750.82911522929 9715.60350144125
"BIC" 61 10108.858608781 9729.53671951223 9676.44845129079 10219.4889953431 9856.20135052266 9830.00764261691
"ICL" 61 10110.7596609506 9735.03968042898 9681.88351845055 10221.1513981557 9863.26300203519 9832.34462368821
"AWE" 61 10383.1212609499 10031.4331863105 10002.3089302144 10477.4917275668 10143.6352373286 10136.7487648639
"AIC" 62 10086.7582877655 9735.86176790647 9711.51945288972 10485.815876407 10181.9461267363 9814.47773418963
"BIC" 62 10189.1198877648 9847.25527378803 9831.94486465357 10582.1562058181 10287.3183620296 9928.88187536528
"ICL" 62 10196.7804681464 9855.55645237623 9834.87331028372 10582.991253329 10290.1218926068 9938.92394723638
"AWE" 62 10469.1420681457 10151.9499582578 10155.2987220476 10839.3315827401 10570.4941279002 10243.328088412
"AIC" 63 10132.4520011095 9711.00747468203 9649.18659855893 10253.8863957384 9849.80126015267 9787.0169085317
"BIC" 63 10234.8136011088 9822.40098056359 9769.61201032278 10350.2267251495 9955.17349544604 9901.42104970735
"ICL" 63 10237.0677239632 9826.53047857462 9774.18649672288 10352.5330478721 9960.76382924092 9907.38240697657
"AWE" 63 10509.4293239625 10122.9239844562 10094.6119084867 10608.8733772832 10241.1360645343 10211.7865481522
"AIC" 64 9854.90562978254 9447.53377745187 9404.63777374914 9979.98466150594 9587.288485333 9622.33688518712
"BIC" 64 9957.26722978181 9558.92728333343 9525.06318551299 10076.324990917 9692.66072062637 9736.74102636278
"ICL" 64 9960.30026296696 9562.79908118621 9527.51197063864 10078.886031019 9700.97203931484 9742.66608248646
"AWE" 64 10232.6618629662 9859.19258706778 9847.93738240249 10335.2263604301 9981.34427460821 10047.0702236621
"AIC" 65 10009.6548596753 9655.3217808647 9592.20617602589 10170.0507406498 9806.2338689411 9759.30137876618
"BIC" 65 10112.0164596746 9766.71528674626 9712.63158778974 10266.3910700609 9911.60610423447 9873.70551994184
"ICL" 65 10113.3976705537 9770.41751096221 9717.48863606825 10267.9822708537 9918.5373943163 9879.00143186165
"AWE" 65 10385.759270553 10066.8110168438 10037.9140478321 10524.3226002648 10198.9096296097 10183.4055730373
"AIC" 66 9925.56162081504 9622.32860764193 9570.54873676972 10073.6494512405 9780.67038414426 9767.08767790184
"BIC" 66 10027.9232208143 9733.72211352349 9690.97414853357 10169.9897806516 9886.04261943763 9881.4918190775
"ICL" 66 10029.5471224109 9741.24787130271 9699.926167269 10172.3472920631 9896.34503187649 9884.91555939085
"AWE" 66 10301.9087224101 10037.6413771843 10020.3515790329 10428.6876214742 10176.7172671699 10189.3197005665
"AIC" 67 9841.61958384734 9558.94336804967 9506.19155724043 9992.99498269979 9701.92335581241 9649.77528418047
"BIC" 67 9943.98118384661 9670.33687393124 9626.61696900428 10089.3353121109 9807.29559110578 9764.17942535613
"ICL" 67 9944.88955115843 9673.34630518658 9628.27364475286 10090.7306486935 9812.2559537369 9766.25821707792
"AWE" 67 10217.2511511577 9969.73981106814 9948.69905651671 10347.0709781046 10092.6281890303 10070.6623582536
"AIC" 68 10224.7896053298 9818.23544768837 9764.36672057438 10370.5556988819 9966.8747387302 9913.51765473115
"BIC" 68 10327.1512053291 9929.62895356993 9884.79213233823 10466.8960282929 10072.2469740236 10027.9217959068
"ICL" 68 10330.6219073647 9937.11622473348 9890.36733731655 10471.5233642142 10079.735935548 10033.9543625461
"AWE" 68 10602.983507364 10233.509730615 10210.7927490804 10727.8636936252 10360.1081708414 10338.3585037218
"AIC" 69 9992.1220860797 9614.57687841715 9552.78455475719 10153.0583980978 9786.49982845647 9725.86435177846
"BIC" 69 10094.483686079 9725.97038429871 9673.20996652104 10249.3987275089 9891.87206374984 9840.26849295412
"ICL" 69 10096.7061674882 9733.69181529699 9678.44477710344 10251.0247937779 9905.74684060964 9847.05258023596
"AWE" 69 10369.0677674875 10030.0853211785 9998.87018886729 10507.3651231889 10186.119075903 10151.4567214116
"AIC" 70 9837.57280220996 9460.75574424161 9447.17488158208 9967.68541751775 9592.69197845812 9611.42926756705
"BIC" 70 9939.93440220923 9572.14925012317 9567.60029334593 10064.0257469288 9698.06421375149 9725.83340874271
"ICL" 70 9941.7200040419 9578.01269052599 9571.42603152183 10066.165586307 9704.40344861328 9727.93983077033
"AWE" 70 10214.0816040412 9874.40619640755 9891.85144328568 10322.5059157181 9984.77568390665 10032.343971946
"AIC" 71 10042.3187075276 9627.88883271824 9579.66124697061 10209.5864852797 9801.551581322 10126.005566946
"BIC" 71 10144.6803075269 9739.28233859981 9700.08665873446 10305.9268146907 9906.92381661537 10240.4097081217
"ICL" 71 10145.0211719866 9742.93484572842 9701.97030393556 10312.326177892 9915.46209070124 10248.0333857611
"AWE" 71 10417.3827719859 10039.32835161 10022.3957156994 10568.6665073031 10195.8343259946 10552.4375269367
"AIC" 72 10067.4127226941 9662.83191282967 9617.48774485354 10194.2680068843 9815.7858647877 9772.0551170877
"BIC" 72 10169.7743226933 9774.22541871123 9737.91315661739 10290.6083362954 9921.15810008107 9886.45925826336
"ICL" 72 10172.0101272417 9776.59256767584 9739.2478126225 10291.7444531361 9923.80625072207 9889.12897050429
"AWE" 72 10444.3717272409 10072.9860735574 10059.6732243863 10548.0847825472 10204.1784860154 10193.5331116799
"AIC" 73 9781.05454371225 9456.10956463474 9409.60388478627 9923.43439534996 9605.4711430837 9559.92533673146
"BIC" 73 9883.41614371152 9567.5030705163 9530.02929655012 10019.774724761 9710.84337837707 9674.32947790711
"ICL" 73 9884.97041882014 9576.5383035741 9538.73783105452 10020.9871017387 9720.49378142832 9683.09715287009
"AWE" 73 10157.3320188194 9872.93180945566 9859.16324281837 10277.3274311498 10000.8660167217 9987.50129404575
"AIC" 74 9556.06804061612 9294.30165409548 9243.69754987495 9688.49149304069 9425.55291453109 9394.07463057708
"BIC" 74 9658.4296406154 9405.69515997704 9364.1229616388 9784.83182245177 9530.92514982446 9508.47877175274
"ICL" 74 9659.62748113672 9411.20580080444 9369.76780069577 9786.08383826053 9532.13038862853 9510.02304831231
"AWE" 74 9931.98908113599 9707.599306686 9690.19321245962 10042.4241676716 9812.5026239219 9814.42718948797
"AIC" 75 9875.93939974699 9528.64126169295 9471.71156698955 10021.7852457766 9681.77236319107 9624.48750953643
"BIC" 75 9978.30099974626 9640.03476757451 9592.1369787534 10118.1255751876 9787.14459848444 9738.89165071209
"ICL" 75 9983.55347239264 9645.07655784515 9596.67875588988 10120.0530564085 9792.83076533561 9743.44716671657
"AWE" 75 10255.9150723919 9941.47006372671 9917.10416765374 10376.3933858196 10073.203000629 10047.8513078922
"AIC" 76 10002.5608158276 9686.6803269065 9638.12310209314 10139.3681131275 9820.97036229379 9773.90390541344
"BIC" 76 10104.9224158269 9798.07383278806 9758.54851385699 10235.7084425386 9926.34259758715 9888.3080465891
"ICL" 76 10106.2179836719 9805.80480474272 9764.85497509209 10237.3517913146 9936.8654474643 9896.50005988692
"AWE" 76 10378.5795836712 10102.1983106243 10085.2803868559 10493.6921207257 10217.2376827577 10200.9042010626
"AIC" 77 9929.3935800103 9645.44132838281 9588.42330783294 10068.3621064217 9789.18580179957 9732.45643509151
"BIC" 77 10031.7551800096 9756.83483426438 9708.84871959679 10164.7024358328 9894.55803709293 9846.86057626717
"ICL" 77 10033.6196949067 9761.44779747325 9712.85790090892 10167.1077731811 9901.20595791422 9851.74365680533
"AWE" 77 10305.9812949059 10057.8413033548 10033.2833126728 10423.4481025922 10181.5781932076 10156.147797981
"AIC" 78 10173.0899197785 9807.97559207037 9846.69962912107 10338.7971666021 9953.81914365447 9911.34969476007
"BIC" 78 10275.4515197777 9919.36909795193 9967.12504088492 10435.1374960132 10059.1913789478 10025.7538359357
"ICL" 78 10277.3860113678 9927.07228915719 9971.53548575797 10436.9551767102 10067.7855108686 10032.0031331639
"AWE" 78 10549.7476113671 10223.4657950387 10291.9608975218 10693.2955061212 10348.157746162 10336.4072743396
"AIC" 79 9381.74939250422 9125.01329842416 9082.16218455677 9507.86623752757 9249.11375048317 9205.57543643714
"BIC" 79 9484.1109925035 9236.40680430573 9202.58759632062 9604.20656693865 9354.48598577654 9319.97957761279
"ICL" 79 9484.44484942392 9237.14136572875 9203.82633905741 9605.11087615571 9356.86297745991 9322.82839963416
"AWE" 79 9756.80644942319 9533.53487161031 9524.25175082126 9861.45120556679 9637.23521275328 9627.23254080982
"AIC" 80 9956.9733031636 9588.16083539342 9552.31948611306 10100.0727553533 9731.39731528601 9697.10691134615
"BIC" 80 10059.3349031629 9699.55434127498 9672.74489787691 10196.4130847644 9836.76955057937 9811.51105252181
"ICL" 80 10059.5870140791 9701.24102120315 9674.9567455201 10198.0620874238 9843.87424099849 9816.99325505383
"AWE" 80 10331.9486140783 9997.63452708472 9995.38215728395 10454.4024168348 10124.2464762919 10121.3973962295
"AIC" 81 9814.51167545724 9469.22403890588 9439.86205909138 9999.37232555495 9649.07207700458 9618.44882606206
"BIC" 81 9916.87327545651 9580.61754478744 9560.28747085523 10095.712654966 9754.44431229795 9732.85296723772
"ICL" 81 9920.81339972735 9585.72379990765 9563.96645728552 10099.6350035861 9761.53271981242 9736.55910401846
"AWE" 81 10193.1749997266 9882.11730578921 9884.39186904937 10355.9753329971 10041.9049551058 10040.9632451941
"AIC" 82 10233.0776059791 9662.59913335517 9666.78067195696 10130.8301185996 9825.29945121521 9785.34306659421
"BIC" 82 10335.4392059784 9773.99263923673 9787.20608372081 10227.1704480107 9930.67168650858 9899.74720776986
"ICL" 82 10356.96758817 9780.08093421746 9789.43138854511 10227.7059393808 9940.76626649383 9907.71526026683
"AWE" 82 10629.3291881693 10076.474440099 10109.856800309 10484.0462687919 10221.1385017872 10212.1194014425
"AIC" 83 9993.9581156683 9690.14138534623 9629.60679198544 10143.2878270479 9845.28551405747 9785.17159315271
"BIC" 83 10096.3197156676 9801.5348912278 9750.0322037493 10239.628156459 9950.65774935084 9899.57573432837
"ICL" 83 10100.6280421888 9803.8944742177 9751.7379176047 10245.1151209854 9955.68478036039 9903.28845586734
"AWE" 83 10372.9896421881 10100.2879800993 10072.1633293686 10501.4554503965 10236.0570156538 10207.692597043
"AIC" 84 9930.08671312619 9558.57165665375 9505.06520366978 10098.3604041205 9721.74727401525 9686.08742733976
"BIC" 84 10032.4483131255 9669.96516253531 9625.49061543363 10194.7007335316 9827.11950930862 9800.49156851542
"ICL" 84 10033.0175824895 9672.54171249532 9628.58173497505 10196.5409470008 9833.12130999294 9803.55312010388
"AWE" 84 10305.3791824888 9968.93521837689 9949.0071467389 10452.8812764119 10113.4935452863 10107.9572612795
"AIC" 85 9904.22253081312 9584.86730198466 9552.97995047976 10047.467795401 9729.36489253116 9667.51058293108
"BIC" 85 10006.5841308124 9696.26080786622 9673.40536224361 10143.8081248121 9834.73712782452 9781.91472410674
"ICL" 85 10007.4585328412 9700.87602308968 9674.12107443142 10145.9559786242 9841.18870345791 9789.45179886929
"AWE" 85 10279.8201328405 9997.26952897125 9994.54648619527 10402.2963080353 10121.5609387513 10093.8559400449
"AIC" 86 9817.04120447155 9523.77507903845 9504.8222754105 10231.2109706466 9658.20903548333 9645.02735776354
"BIC" 86 9919.40280447082 9635.16858492001 9625.24768717435 10327.5513000576 9763.5812707767 9759.4314989392
"ICL" 86 9920.32019692252 9637.6949902399 9627.24083456902 10328.7215313703 9765.52477777716 9761.12266642543
"AWE" 86 10192.6817969218 9934.08849612146 9947.66624633287 10585.0618607814 10045.8970130705 10065.5268076011
"AIC" 87 9937.75276738285 9630.15616852553 9590.58502319891 10125.6291265059 9803.94074698024 9764.96228271559
"BIC" 87 10040.1143673821 9741.5496744071 9711.01043496276 10221.969455917 9909.31298227361 9879.36642389125
"ICL" 87 10041.2909888781 9746.36262427501 9715.26353304068 10224.9146414563 9914.26919032994 9882.87655666618
"AWE" 87 10313.6525888774 10042.7561301566 10035.6889448045 10481.2549708674 10194.6414256233 10187.2806978418
"AIC" 88 10022.0127895411 9660.1953274405 9623.9116150561 10153.3918119848 9798.86530259067 9727.58350065572
"BIC" 88 10124.3743895404 9771.58883332206 9744.33702681995 10249.7321413959 9904.23753788404 9841.98764183137
"ICL" 88 10125.8736159889 9776.22772865674 9745.7265594847 10250.7174706659 9909.9543604768 9847.01763500733
"AWE" 88 10398.2352159882 10072.6212345383 10066.1519712486 10507.057800077 10190.3265957702 10151.421776183
"AIC" 89 10013.890787371 9661.60488731525 9606.93807176238 10189.1313068098 9813.55301288281 9759.47126921264
"BIC" 89 10116.2523873702 9772.99839319682 9727.36348352623 10285.4716362209 9918.92524817618 9873.8754103883
"ICL" 89 10121.3501231364 9781.27932349291 9733.05517427155 10287.4320234574 9928.5708639225 9880.92447364701
"AWE" 89 10393.7117231356 10077.6728293745 10053.4805860354 10543.7723528685 10208.9430992159 10185.3286148227
"AIC" 90 9594.70205712681 9279.75637512622 9236.6004160736 9958.28667479884 9427.73626815613 9388.87662873878
"BIC" 90 9697.06365712608 9391.14988100778 9357.02582783745 10054.6270042099 9533.1085034495 9503.28076991444
"ICL" 90 9697.89170401867 9397.19941372141 9361.21829553947 10054.6709776979 9538.54020460755 9507.47083571718
"AWE" 90 9970.25330401794 9693.59291960298 9681.64370730332 10311.011307109 9818.91243990092 9811.87497689284
"AIC" 91 9967.08030163504 9672.7033052055 9700.50322035705 10186.558972063 9845.46130113291 9793.19620135097
"BIC" 91 10069.4419016343 9784.09681108706 9820.9286321209 10282.8993014741 9950.83353642628 9907.60034252663
"ICL" 91 10070.8529965445 9788.10001316349 9821.75674890569 10283.6878907516 9955.62468946777 9911.2661579552
"AWE" 91 10343.2145965438 10084.4935190451 10142.1821606695 10540.0282201626 10235.9969247611 10215.6702991309
"AIC" 92 10408.5247018349 9982.48399214231 9910.74197597971 10563.1199823808 10141.4835973095 10313.5268187948
"BIC" 92 10510.8863018342 10093.8774980239 10031.1673877436 10659.4603117919 10246.8558326028 10427.9309599705
"ICL" 92 10514.4396126309 10100.9287193692 10035.2579557132 10663.1745521275 10258.5140597727 10428.4591159084
"AWE" 92 10786.8012126302 10397.3222252507 10355.6833674771 10919.5148815386 10538.8862950661 10732.863257084
"AIC" 93 9697.02191377765 9346.42798962158 9363.12536784258 9832.9432872539 9502.84774038458 9464.37761030862
"BIC" 93 9799.38351377693 9457.82149550314 9483.55077960643 9929.28361666498 9608.21997567794 9578.78175148428
"ICL" 93 9801.6130260718 9465.19236530277 9484.49911640003 9932.81107420699 9618.48400465717 9587.74279055769
"AWE" 93 10073.9746260711 9761.58587118433 9804.92452816388 10189.1514036181 9898.85623995054 9892.14693173334
"AIC" 94 9741.50472711692 9477.15808624189 9430.2763308624 9878.61127790555 9668.33246513416 9574.47496689011
"BIC" 94 9843.86632711619 9588.55159212345 9550.70174262625 9974.95160731663 9773.70470042753 9688.87910806577
"ICL" 94 9845.55895038273 9596.86307278908 9559.68584317072 9976.46702808381 9776.7563317378 9698.68342347717
"AWE" 94 10117.920550382 9893.25657867064 9880.11125493457 10232.8073574949 10057.1285670312 10003.0875646528
"AIC" 95 9971.62215322754 9635.85309130731 9637.89920375961 10110.4910202605 9784.06862544189 9730.89028627808
"BIC" 95 10073.9837532268 9747.24659718887 9758.32461552346 10206.8313496715 9889.44086073525 9845.29442745374
"ICL" 95 10074.6274034884 9758.19538730666 9759.15524142042 10207.3768566663 9901.38595298549 9853.90007822991
"AWE" 95 10346.9890034877 10054.5888931882 10079.5806531843 10463.7171860774 10181.7581882789 10158.3042194056
"AIC" 96 10168.2444334814 9837.86795398859 9792.30854692942 10311.7626627926 9980.84731569621 9934.04182423177
"BIC" 96 10270.6060334807 9949.26145987015 9912.73395869327 10408.1029922037 10086.2195509896 10048.4459654074
"ICL" 96 10272.3879189804 9959.7233229424 9923.83107491293 10409.4999879301 10098.1177418796 10060.6383164202
"AWE" 96 10544.7495189797 10256.116828824 10244.2564866768 10665.8403173411 10378.489977173 10365.0424575958
"AIC" 97 9962.43867669371 9653.72424480577 9609.19338775333 10136.6875682546 9826.34281004684 9782.46013926778
"BIC" 97 10064.800276693 9765.11775068733 9729.61879951718 10233.0278976657 9931.71504534021 9896.86428044344
"ICL" 97 10066.0233780906 9770.24215588865 9732.77245433079 10234.9353245873 9941.19364811851 9903.5076461419
"AWE" 97 10338.3849780899 10066.6356617702 10053.1978660946 10491.2756539984 10221.5658834119 10207.9117873176
"AIC" 98 9940.42424078134 9657.46175154175 9635.83987017608 10115.3002692583 9837.11704329554 9815.02492245493
"BIC" 98 10042.7858407806 9768.85525742331 9756.26528193993 10211.6405986694 9942.48927858891 9929.42906363059
"ICL" 98 10044.5827884428 9773.7885412561 9759.42149763692 10213.6988688387 9948.47706866666 9934.12167639521
"AWE" 98 10316.9443884421 10070.1820471377 10079.8469094008 10470.0391982498 10228.84930396 10238.5258175709
"AIC" 99 9723.84938998881 9418.64221515782 9388.65062028975 9878.52439494316 9576.44352396873 9546.43764629197
"BIC" 99 9826.21098998808 9530.03572103938 9509.0760320536 9974.86472435424 9681.8157592621 9660.84178746763
"ICL" 99 9826.45717296637 9531.59571231358 9510.47919511203 9975.55053170669 9684.11789388223 9662.90983133456
"AWE" 99 10098.8187729656 9827.98921819515 9830.90460687588 10231.8908611178 9964.4901291756 9967.31397251021
"AIC" 100 9884.71380822687 9544.38546560202 9483.61451154152 10032.6565399421 9695.02418137379 9684.37307178596
"BIC" 100 9987.07540822614 9655.77897148359 9604.03992330537 10128.9968693532 9800.39641666716 9798.77721296161
"ICL" 100 9991.03955038342 9660.80217735942 9608.6302478031 10133.0603940014 9807.34080137864 9800.03753708926
"AWE" 100 10263.4011503827 9957.19568324098 9929.05565956695 10389.4007234125 10087.713036672 10104.4416782649
